50,
50,
-4535,-4727,-1058,-5241,-15871,13065,2890,-4076,5,13487,10833,2234,14060,15281,12433,-14113,4591,-11194,4200,-9145,3412,-13387,11797,12262,-3138,9172,2516,2944,-3295,-5505,12005,766,-13628,-9446,-2116,-14561,16138,8318,434,8322,389,10551,14884,-9061,9475,-7576,5469,-6249,14701,6669
4626,-13065,13879,11478,925,-1702,-6923,-4939,13444,15897,-11844,205,-7150,14247,3702,9521,12158,-3807,-1350,10758,13432,11996,-14555,15528,8482,9984,14261,11904,-11979,-12114,14704,15139,-10466,14690,9243,12701,3385,-6015,-13339,2291,-3364,12655,-5570,-3413,1518,5656,-1198,14871,8349,-3693
10626,-3016,-5386,-386,-12942,-6481,15078,14518,-2877,-3543,15873,1327,13694,14034,2272,-3686,69,-2143,13837,-12776,-7148,13658,-1689,-12321,-1475,12638,2676,9783,-11825,-7802,2675,-7191,-14826,-15976,13283,-15879,9696,-7522,12660,-2484,-7301,-2673,-7375,-5871,-14650,14850,-16115,14960,1083,10535
13797,10235,-12860,-9029,-12427,2110,-7453,-5104,-10276,10320,2316,14399,2777,11097,-15175,12705,8062,-3612,-129,-13229,-13912,4163,-1957,-4183,6973,2200,2613,-4415,3345,6965,10421,-4083,15392,-11924,1933,6691,-4664,-16053,-3855,14666,9389,7729,836,-12079,14852,11613,6248,10646,3772,-10421
-1290,800,-3317,15364,4116,-12004,-12355,-5614,7110,9476,3101,2786,-11179,1758,9948,13504,2250,-14362,15062,9617,4573,3024,-2077,-11559,3048,1888,-1471,8431,928,-8018,7592,-9206,-608,986,8387,14907,-4440,6626,-15496,-5790,-1283,-8533,9222,-13693,-9202,-5257,6737,1610,10966,10844
-12570,-10757,5535,-6674,-6941,-6205,11126,6153,-6169,-4813,11476,-2070,115,-12237,2896,624,-12235,8743,10534,-3342,-16042,-8249,-10568,8308,-6455,-8723,-11917,-12179,-4783,8819,8022,-15057,1312,-16066,13519,-3490,-14141,-10380,-15402,-1488,11882,10882,10048,11690,-8069,-4385,-5775,-16213,2939,12722
2987,-5890,-9586,-7955,-13390,383,10064,-8830,-1557,87,7836,4819,12331,-15068,21,-12675,-9896,-3685,-15021,7502,-14289,-8531,847,-2281,-4096,-6373,-3469,-14055,995,7449,-13981,-2582,11551,-12977,-3668,5620,12989,4960,-4700,2419,10265,-9729,-13125,-9835,6250,13653,-11909,-12306,-11337,1770
-9658,6319,-8074,15803,9239,12074,-6525,-1476,-3144,-554,-5380,12869,6573,-3428,-14392,-4746,8292,-15232,1001,12240,-16348,-8208,-6938,-1052,1410,431,-11310,-1706,-15357,4652,-11272,3614,-15770,5578,-12810,4154,9569,-1664,3271,-13737,-1242,-12278,11915,-3935,-13216,2315,-2757,-4443,3953,4467
-2511,-941,-5238,11168,2072,9639,-8010,-13695,14599,-16009,-8157,-7035,10722,4322,-12366,-3062,4952,-6254,1429,-16067,-4258,-1406,-15770,-873,5590,4643,10614,-6958,-5296,10309,5136,-1241,-1052,1169,7736,-12116,11736,6468,3322,12682,9785,10703,-14904,14234,-14875,7241,-5396,798,9472,4883
14699,-1515,-2487,1056,8296,403,6988,-9292,-2138,10862,-5351,12852,-5117,6093,4349,12443,-713,4641,11201,1028,7069,-15726,-2442,10045,-10869,1783,2792,-14366,12025,8938,2518,5730,-7463,-2246,-7011,-8451,6877,-6909,797,16127,-13867,14675,-5852,-1125,-1606,958,-976,6209,-15240,-624
-3036,12938,-4247,-14111,4426,-6740,-9124,-168,-8603,14251,1572,2881,16309,-2675,-2330,14890,-4523,-2776,-5338,-8207,15172,12018,-6544,2478,-11486,9674,14283,-7056,-15849,-9056,-7640,4369,14923,-8955,14203,-15674,-13998,8920,-7897,11861,16365,9914,-12158,-9090,11409,-16317,-7153,3465,-3541,13670
7872,15815,6082,13099,10458,-1061,-8290,-10319,1580,3063,-15149,-9100,2176,-8962,5686,11464,-6580,-11467,9409,-8847,3261,4580,-11284,-1310,-169,1292,14681,-4794,-12320,14911,-8861,-901,-5523,-8643,-9136,-3169,15857,-5478,-5058,-16266,-13577,5399,-10280,6900,1922,-15572,-7254,11505,-14027,-515
13831,-234,-5390,5708,12514,10938,5132,1784,-3437,-8205,6020,-10431,16201,5448,6041,8083,-7386,14301,-2545,-13356,15505,6128,1774,15478,-9325,-12698,-9188,6494,-16178,-4469,-7117,6607,15991,-12472,-4682,12228,-5619,-16286,8936,1934,-10305,9834,15788,13331,3274,1885,14179,-15508,-10451,4314
11425,-7270,-4499,8695,-15759,-235,1323,10798,4849,-4707,-12989,15008,9936,4291,-9608,-10239,-5445,692,-13170,-5768,7630,15922,5189,15722,-13327,7085,-8796,13930,14923,1833,-9764,-6057,4892,-11180,16257,11167,-12367,-13594,13773,3964,3843,-3594,3865,-1840,-1276,5808,-1983,-11015,6656,-15699
-5289,-2413,-4165,15867,4064,4071,-12577,490,7930,9805,-4835,-5137,5343,11258,4412,15606,1628,-8941,469,11928,-5804,-2443,-10273,14926,15307,2289,-14928,3489,3801,11167,7793,-6787,-13243,-16235,-10434,6548,7787,-105,363,-10475,-1327,5842,7270,-9959,-7677,6832,-7490,2477,-966,-15610
14084,11284,16097,7641,-10046,9765,5620,1726,384,-10787,5244,6620,-1232,710,-4837,-14745,-312,-4072,8044,-14722,14834,3992,2863,3448,3390,13948,-5093,-14002,-6351,4022,13572,1750,3317,1410,-192,591,-5669,378,-15808,-13593,-6820,-4015,15727,10005,7101,3613,-9718,2936,-10846,-6861
-8772,-11239,5895,5572,-13772,1907,-11430,5241,-1613,15940,16272,-5994,15152,5573,7030,-12638,-5856,3498,-5489,4649,15518,8183,-2915,-4927,-13040,-14617,-8376,12744,10471,7975,2776,-10473,9442,-10129,-14438,14278,-138,-6070,9853,-14934,-9015,-11039,-11142,2122,10592,12043,-12848,-4872,-5024,-2122
-14101,4695,-10929,4775,-11947,-1591,15848,-14532,4075,-7276,-387,9086,8609,7224,3041,-10295,10455,11468,-14946,-5144,11770,-7559,-7580,-5396,4055,-14552,-5721,12712,1054,8777,13263,15642,-9239,-2693,15697,-4519,1263,-7342,-1237,10698,1728,-340,6092,9484,1688,-8219,4302,4563,-1308,3647
5505,1915,6957,-2098,13792,-8579,12521,-5822,-14836,1952,-10236,11550,-12664,8350,9685,12701,10696,-9971,12762,8778,844,15555,-723,-944,14033,13032,-5221,-794,13594,15369,13388,-13072,-1237,14683,604,11165,4925,-1326,15018,-7357,1177,-11565,-4791,-15068,8072,-4999,-11132,-5489,5594,-6694
12731,-11114,16338,-6233,-7464,10625,-14474,-4627,9766,-13900,9660,-13675,-15184,-2769,-12853,11158,-14707,13560,-8926,13828,9015,-15494,-11427,-16357,-3172,1256,-8158,16312,5080,7038,-11424,5548,15285,-13824,8826,-4033,-267,-12296,7828,-12111,4245,5737,8441,14545,1239,5153,-11787,6467,-10305,12770
-9142,-5133,3361,-7368,-8704,7689,11827,-8035,-15826,8534,-9844,-11484,13249,5964,-11885,-11104,9827,11435,461,2946,-15153,-16302,4427,4738,-9985,3640,-12317,14176,-14209,-14099,2888,-5603,3586,2945,11197,-7558,3667,13927,6395,-11225,10899,-5142,5695,-3932,-1683,14231,6608,-2529,15214,721
-13154,-7277,7160,-2279,-8320,11663,1092,-9610,-12380,1365,-7200,-13082,2634,-8933,-5905,-7472,10890,4292,9730,9648,8295,-15260,-2896,14464,-12054,9171,-16258,-78,-14174,-6299,-9853,8391,14117,9473,-13478,-9327,-5297,1766,-7715,-16239,-6860,3007,-2472,-12415,1746,-15945,13621,10365,1922,-10613
2024,-655,-14018,1272,-67,-13090,-10328,12131,-10845,11354,2365,-7556,11366,14100,-2065,11633,11103,-16126,-13795,11076,-15565,9825,-2885,7512,-11761,10754,-13852,-5901,7719,-10953,-5941,-8952,7624,225,6277,8793,-10330,10723,-10475,-4259,14362,4647,13362,5592,2198,-1397,9638,8324,3750,7669
12334,-3427,157,-15728,-7688,-13378,1540,-6423,-15389,15085,-310,-5418,-11472,-13710,-11705,11863,-12329,5005,-11628,-4614,7283,13033,8465,16051,9597,10922,-15329,11733,16325,2088,-10777,7442,-8563,-12641,-2490,-9301,-319,5797,1307,5367,11639,15236,-14177,9899,5595,15467,-9819,8924,-2780,-7880
8338,16272,-2053,-15057,1502,12249,-13666,4233,-1728,-13473,-15363,981,-7892,-8401,-12053,-6470,-264,-13506,-13133,-13036,13921,3791,11548,-13871,7798,13662,-652,4056,8971,-82,-15384,8417,-6228,7116,-13181,-3102,-9786,8199,6772,-463,7908,1786,1360,8954,16244,9645,-9615,2914,7625,-10763
14183,10392,-2518,6002,14618,9018,1998,13991,198,7704,1990,5973,14232,-11673,16137,-12814,5504,-12458,-7132,-7574,-56,6556,5165,2152,-15153,-4764,661,-5635,11951,10128,-13175,-987,-10159,3769,-2572,-13517,-11403,7235,-8488,272,10604,14281,-15186,-15481,-14258,-15170,2560,-1993,9389,15818
-8934,13869,9123,-5470,5355,4519,14066,12826,11949,-14835,-9515,11398,-10285,-14676,14232,8669,-1295,-16100,-8701,-2750,10943,8815,9415,-14024,-14809,-4718,-8628,8511,-4485,13040,8898,14314,-13435,-1706,-2746,8179,1196,10264,9244,1648,-2164,-1917,10951,-13010,1556,-5176,690,-11806,7621,-5652
830,-12663,-12659,-9903,5192,-6196,-10753,10650,13260,315,8284,14788,-10094,7444,-11413,2479,11538,-7935,-10429,12894,11761,-3953,14172,-12858,-10266,14906,8191,-8212,-14334,-4683,-8694,-9415,-9516,-10563,-5169,-14510,10034,11157,1554,-522,6260,13312,-9441,7180,-12303,11387,2264,-5594,14737,12965
-11402,-8226,14321,9105,-4289,-9828,-7265,9386,2340,5758,-3489,6336,-13730,11408,-6827,7479,-14213,-10548,-10885,-15275,9498,10293,11282,5888,-4340,-5166,-5983,-3497,4427,12155,1022,-8906,-9724,4150,9960,6361,6995,14407,9744,-8619,-3211,-1668,212,-11717,6034,-11799,-670,-311,12616,13414
-6913,-6004,9370,-7811,9778,-5552,7956,10201,1732,7520,1239,702,-6489,-10912,-6144,7023,-10344,12584,13285,-13565,4560,-14546,-3612,11508,-15793,14213,-8103,-4851,-6478,111,-13426,6293,11780,-11163,9460,-4473,-10203,14805,12173,15589,-15319,16157,-10579,-14388,-5907,-4305,-13660,12671,-12928,-11926
-3635,13418,-1583,-11345,-9678,-13815,-6879,-15620,8902,-4395,14653,4895,10585,2819,-15619,11881,-6265,-14464,-5593,-1728,-15862,-210,1807,-15864,-1597,-13453,15986,308,-13657,2146,-15948,738,1225,5407,4903,9516,15881,15875,6710,7941,-6972,-7201,13346,-6273,12642,-9985,3343,-14207,-1545,12020
-10132,-940,14596,11201,-5792,-5350,14449,-10926,-5600,7530,-4725,-27,-184,9001,-11419,-10518,-5881,9581,2157,-3942,-4814,15365,15286,9443,1153,5563,821,-2216,10193,-8086,4292,11190,8867,-10818,2889,16000,6391,-16247,-8665,13684,4553,7480,11946,6232,6183,4606,6944,8059,4272,-7368
16300,6265,-2589,1289,1784,-9536,-15797,12385,2105,7339,-3968,12101,15925,-8275,-14091,15596,-5497,14919,-226,-12140,4665,14443,-15263,10768,-14546,-4757,1146,-8511,-14388,-1736,6527,-8255,-4180,-15342,-6938,744,15245,931,16352,-576,11156,-10175,3386,-13709,1392,-13033,3956,1278,15390,14679
-11479,-583,-3674,14809,-13321,12097,14402,-4849,-12336,8634,8412,11481,-12265,1532,-10477,4530,8536,-7295,8011,-5385,-8970,4739,13321,72,-15578,-11820,12693,4675,13394,-9937,6823,3633,7979,9516,-13742,8824,-10433,-8139,1518,14380,7252,12087,7832,-1151,7242,4279,13729,8371,6026,-12276
13371,-8871,-3849,12760,7749,6121,8903,10212,-9567,-10718,-13897,-816,7197,-757,8658,-13023,65,-5174,-1538,-1680,8126,-11890,4737,-13526,-1021,-608,-4907,-11498,13115,-14971,-8393,2096,-7043,10765,6144,-873,2880,1650,2847,-7436,-14608,11597,-353,-9182,5357,6591,12653,14353,-9294,-5265
3893,-15880,-13372,-1757,-10236,12146,9344,7878,9889,-6328,8509,1938,-11386,-10080,-7621,-1820,16046,2288,5116,-13237,8085,16292,-2431,-9997,12555,8975,1043,-14994,494,3758,114,10352,11585,1435,-6459,-8678,-5525,-9923,12119,15529,-9291,1837,5479,-9201,15377,-8650,1748,10626,-7116,2377
-3882,-12319,-487,5852,12708,-13736,-11156,15852,12330,910,-12574,13093,8186,7039,-1948,11765,10732,7925,15926,6550,7975,-92,-14360,-13165,4844,2969,-13232,-4955,12837,1628,-2002,-11028,14135,-5101,-13095,9033,-12484,-9662,-2917,15222,14383,-6854,7208,-5192,-13775,14035,-11674,-5230,4702,-11674
-6288,-10431,-15487,10976,-14759,-15083,10583,-2900,3975,-11486,11433,1579,-8245,-7421,-14011,8676,-1524,-5731,1921,9702,3701,-6292,11679,-235,7069,9900,-8860,14874,-9149,643,9529,13634,-11028,-14839,-6082,836,-14886,12371,-415,-3636,-13462,-1640,-11877,-8202,2862,-3901,-3666,-14577,7374,4178
-15378,1941,-14886,-6066,14761,-4259,13671,-15861,9694,-11472,-8959,-11685,15134,1139,-8804,9896,14903,-14782,-9102,10276,-12032,-15728,-12181,1628,-5185,8313,14692,9680,-7574,4090,12349,-7797,-10276,6134,3634,14724,-88,-15997,-10320,-15548,-6025,13560,-2011,2470,-11095,3626,-11328,8898,14622,-14192
14088,-8028,3377,213,-6101,-13152,-3759,-16380,-15483,5022,-13357,-14136,1621,6258,-10154,15667,10149,9924,465,14015,1924,-12692,1879,-15948,-7377,-7820,-12293,12540,-8303,3008,14195,-11253,3605,-14371,-14524,4283,-12144,4281,-13989,15577,-15639,15305,-2336,-14887,10383,5730,-10454,-10659,13290,1539
419,-4941,9697,7016,8636,6223,-11365,16158,-14051,-7205,12901,-7653,8143,6204,-8284,-8291,10289,1719,10207,5998,1014,-3355,1933,4067,-5522,13134,-15874,-11782,-10579,-5626,6648,12821,-8492,-733,96,1851,11099,-12810,-15121,5006,4038,-769,4226,16374,-4004,-5548,1976,15185,1063,272
3477,4333,664,3246,16257,-3925,-8019,-1063,10443,9890,-13496,11852,-13684,3562,-15793,8959,-2030,-7676,14321,6586,-7425,12746,15009,-2822,7712,1850,13284,15230,3037,6790,-14266,-11284,-1166,-15582,13854,-5457,-10795,727,-8094,7044,-9856,10642,3732,2456,13531,-6235,-9245,-1702,-10614,-3639
16191,1674,-13591,-1160,-7775,-3518,11744,4099,12866,-1219,-15188,-6519,1427,14765,1476,-10182,-15590,12387,12929,563,-10762,-9217,8553,14089,7007,-3260,-11950,-14623,-10610,801,-12062,266,-1870,-7620,-15454,12863,1741,-16227,-15478,-7774,10364,-7801,-14667,1363,-9211,7706,13770,11416,4052,-5214
13885,-14048,6362,-4848,79,13187,12359,-681,15924,-15799,8234,517,1225,2115,-8829,11157,8243,-3794,-11644,12375,-3941,10865,-10182,5764,5152,13896,10958,10908,-9137,16165,-4034,14680,15024,16117,13392,-8764,11734,8794,5613,-7587,4980,7584,-15994,12993,2539,-5493,-14220,-1792,-4873,10848
-14153,-15958,-677,9733,646,3305,-1653,1309,10324,2948,993,-5362,16181,-1871,-2516,13620,16083,-691,14718,-16178,-8394,10940,4947,-2280,-14703,8155,8560,14624,-15962,-2341,-6792,-684,-9387,9388,2280,-686,-7409,-13219,-13652,-15502,-10688,-2662,10245,-10771,-368,-5889,9379,-16292,-12210,772
-13913,-11855,2950,-7736,-2440,13942,-3639,15025,6942,11766,13099,10998,-9072,-15053,-10323,-312,-7091,-15743,1758,10028,10498,2029,6616,4924,12772,-7523,7183,6482,11034,11867,-13235,12627,302,-11309,16124,-1339,3709,7331,-5963,3083,1352,1187,-14157,-10322,-9891,-14355,3552,-11232,-11390,-5605
-3829,-5621,-6207,8393,13493,12026,-2773,12503,13653,-12541,12576,2848,15776,14222,15022,-6926,2646,-6019,11485,15344,-13317,-13944,-7771,1733,-10429,-5985,-2642,14457,2918,5765,-14373,-3148,1234,-14187,9455,10707,7006,11244,-11613,3221,2375,-4110,-13841,-15153,-4041,-1418,-11959,-7927,-9414,2059
-11937,2899,-8818,-8012,2076,13310,-14972,7678,-7533,2561,2526,8042,-7874,1965,-4997,-7301,-4807,3849,-9858,-13518,15238,-15730,-5944,-1987,14705,2062,-14858,3007,-6057,-4771,14631,1416,-4506,15920,13827,-5694,5810,-3014,-13216,3845,-2182,11233,8703,12845,-4525,-13078,-9068,-12658,15289,-7436
-9839,5490,-9352,-4576,14335,-15458,4382,8145,-14623,-15761,-1428,-14962,-14367,-7202,-8086,-13427,-9312,-10496,11217,-6419,-13913,-10518,-2358,16059,10726,8974,-15003,-8220,-6144,6898,-3653,-2770,-1307,6354,-1837,-8538,-11783,-3524,6291,14262,-5381,-5447,1141,2441,-10300,-10335,-12260,-9740,-4253,12544
-12981,-6614,3598,2779,-916,-3601,-15517,-6514,-8445,11895,-2717,3178,-13593,-11916,-9979,-13770,3034,21,-15880,-8562,10886,10887,-9699,394,-7339,-13939,2750,2726,-6667,7482,5446,-1699,2091,12463,-3401,4607,-10644,16180,14149,3639,3974,8561,-10485,-7950,10679,-2613,-15077,-9480,7436,-10306
