40,
10,
-7415,15349,6309,-13407,4371,-2638,-7740,1057,3905,13286
13275,16038,-1891,-5353,5635,4247,-585,-9916,-789,-1418
6754,2309,7637,-7768,-11108,-15063,-13876,-15930,10554,-1743
-10169,1539,10205,-6388,5655,15353,-15392,-6664,-10239,8364
-6395,-2547,9797,-12533,-14344,10577,-12146,-408,-10162,-7063
-2652,-12601,-12262,13017,1696,-4620,5746,-3432,-15469,-14013
-14791,14963,13254,-5909,-3366,1948,-4447,-4508,15926,2455
-672,8094,9671,-3154,868,-2319,5349,-15628,4925,-10747
13686,-12650,16303,-15675,-10247,5443,9294,15581,15886,-8930
-10755,7093,-74,-6391,-10743,-9782,-11275,-10270,7098,16215
-11591,12225,-376,-1016,15121,13533,3539,-151,9586,10220
-15896,-7940,3090,-8596,-8907,7486,-15785,8608,-11714,13821
16371,12543,2876,2125,-8544,7748,-7614,-16306,11712,-7113
8454,-7250,13323,8585,-3300,-2726,12511,-12474,-5536,12273
-9701,3104,-3618,-4823,-157,3248,-10318,11930,-5667,422
12549,634,-9820,-5007,-11437,-15636,-2600,1556,-4739,980
14273,10281,4264,-2856,-8830,-9166,-15088,-1951,-2787,7796
15041,9207,1795,10886,13720,-6490,6030,15861,1778,-2423
-7043,7047,13622,-9220,16239,1851,1786,-6085,-8806,8953
-10453,15521,-9708,-15483,7498,15013,5976,-4658,-15535,-15660
-11573,2284,7549,-15092,-7971,-16241,-8122,-6013,-12061,-16367
1229,-1864,-4018,1362,-16339,-15172,-11891,-14945,14961,-15494
-1318,-14317,6175,-4356,-9415,-7123,6170,4952,-10479,2952
-10892,2221,4903,12619,-1299,-14639,13524,6329,-838,-883
-279,-12590,7705,-10260,-15705,13637,7891,6525,-15288,6806
-13572,9430,-14829,-16,-9700,-9995,5906,98,5475,-10407
-7867,14776,11682,-11445,-11318,-9464,11107,-8702,5210,-7768
9076,-4932,8774,3055,-3245,13126,5351,15613,-14500,16055
11211,6152,7529,10112,8901,11045,-5458,5393,-9517,-13039
3539,-9863,-1426,-15128,14235,-4509,3602,5179,3976,8964
-9886,1278,11289,-7729,8315,-6860,11189,-11873,6846,9364
14815,10110,9005,7781,-12192,14373,-12656,-14694,-387,693
9633,-7554,12822,9164,7301,-10690,-11160,-5562,-8844,-15947
10147,49,-11544,-4472,-6636,357,2816,-5229,-6816,-118
679,-3596,5028,-15987,-9387,-1671,-16304,16369,15957,310
-1033,-8918,-12028,8561,-10436,4725,5168,14409,11927,-989
10045,-9622,-13398,-5300,-15777,-10444,-4839,-6299,-6058,-16011
13380,12227,4735,11907,-3973,-1481,-3457,-9662,-4049,-384
-1552,-7609,3872,-13938,-926,-13162,-2992,1332,-8230,15049
-7929,3766,-13069,-7602,-7624,-14169,10148,-2074,-8005,-2573
