40,
100,
-2567,1398,-13687,-12033,3996,7266,-9955,-15725,3725,-15491,15240,-10722,3196,428,12999,-6502,-11005,2887,15144,411,-13789,6536,7850,-1241,3754,1764,9169,-8725,13637,16139,-9258,10217,10264,14604,14848,-13225,-11582,7700,9434,12257,15478,-10665,-13415,6325,-10861,-4489,7858,2253,16096,-15634,-9228,-5709,15122,-9945,-2201,1395,14251,8922,3030,-3216,9496,-14068,1430,6807,-3842,2371,-10373,6755,7430,-15842,5859,2279,-7505,10343,-6335,-15237,-7247,-7601,1621,-698,-4615,14397,-3816,-15587,-1139,12764,-15331,12353,15501,10614,-5703,-5001,-7922,-9575,12796,-260,11997,-1385,15252,-12630
-5782,5371,-6772,-14298,1605,1191,-10453,2363,-16271,9772,-10006,-12139,10682,14706,-6859,-9196,-6284,-4708,-8234,-13586,-15274,-7306,-15026,-7353,4929,-12187,1693,10451,9861,-11942,-6107,5510,-691,2946,175,8291,5046,-8334,4178,-4465,12673,-5931,-8063,9658,7874,10052,8915,10379,11059,2641,7721,-1681,13556,-5228,12217,-1907,-15922,4953,-1927,11441,2709,7048,-6360,-6615,-9498,-783,7558,15154,7691,14136,11859,14988,-1087,2279,-10876,3928,-12481,3945,680,10832,-13077,-12349,-5617,-1096,11968,9067,3106,-3127,-8995,-2024,-15813,6639,-8420,-1663,-12442,-812,15454,10412,-2698,-3776
3627,8296,-6352,-4040,12854,-5096,-1643,1677,3026,-2183,5519,8423,6577,11747,-4247,14776,-9658,-833,14017,5277,14649,-14557,15305,-829,-9017,-7702,3943,9397,-9280,-2169,13558,-2717,-850,-15692,11257,-10556,13264,-3255,2322,-13524,985,3634,-10974,7571,1289,-8130,-4827,2719,11135,-3895,-2664,9017,16251,-2463,10623,-15395,13017,6713,40,10704,300,-15708,-4851,-5393,13377,-6528,9244,-1150,-4696,9418,15115,3684,6644,-13589,-12878,-15862,-8746,-5903,6315,-7156,14154,14134,4238,-14053,-10334,8529,5107,7787,-14336,-9302,-12131,-14864,-4629,-8562,3154,6713,-10082,-6775,-7265,-15820
-13283,-1499,-11426,12063,-6175,-16198,-6662,-1244,-2589,-12440,5864,12388,-10384,-10358,2759,-10144,-4709,7740,-9771,-1188,-12632,-8319,469,12670,16163,-11559,654,9303,4425,7109,5863,-319,3842,6416,14051,-12891,-11549,7292,-11995,-16183,-15853,-13052,14827,-3777,15720,-10594,-3110,-16284,-9909,11629,6976,-730,7082,-258,7567,-3823,-4799,14882,-13000,5047,7322,3764,9890,-13063,-11123,-14569,7452,-3452,10303,14531,1544,14679,-5506,-3542,6641,-6899,11165,-13582,8185,-11539,15555,2134,5590,3799,9880,10975,-1241,14577,11242,2990,4759,-6819,7441,4634,14400,-11159,9502,12823,-15546,-4029
9233,-15425,10201,-334,-14382,-3889,4455,-5599,-8789,-5864,9180,8929,16321,-2861,5496,-3856,1414,6647,2833,-8566,13670,-1434,12154,-15228,11876,-6736,-13250,-11829,-9139,13747,-3528,13035,-11129,-5673,6827,6920,3898,-5659,7436,-517,13626,-11361,-11901,-10088,12030,-4083,14488,-9754,1279,-14903,-6959,7899,-1442,3006,13372,-13958,13556,-11474,-11847,13716,-12076,2369,-942,-15385,-11350,8907,13951,7259,-6391,-520,6303,12343,-7282,-12524,1802,-4812,12313,429,-6945,-8412,-816,8647,2823,-9059,6107,-4383,16195,2768,9386,909,6385,-12589,-2437,-8526,-14553,9264,5345,3025,3006,-8971
6242,-16278,13165,929,14831,-4784,-3721,10887,-242,-4503,-357,-10677,15535,-4586,-9572,13152,9335,16369,15571,10098,9623,12344,-3809,5426,-869,-6209,5741,-13228,-1299,9404,11981,-8373,7808,-9867,-7176,3634,-13808,11268,10935,9568,5781,-2389,11654,12760,-11288,3755,-11552,-6040,-11003,13259,15918,14045,-6977,7819,3800,-9392,12435,-2077,14726,-10283,-13125,-5861,12084,-15692,13775,-4824,13980,339,-9370,-3583,-5898,-5015,-11841,5784,16244,11240,-12827,14510,3907,14551,-5177,-15029,9636,-2766,-7045,4032,-1699,3539,1399,2283,-13100,13291,-4968,-12654,-13441,-15464,3670,-3172,-12922,2590
4075,1915,-7328,4903,14708,15309,-9365,-13871,3770,-12584,6505,769,5384,7978,-10000,-10273,15069,-4416,-9909,15441,12799,9674,-13380,1453,-5234,5063,16342,-15862,-3982,-15437,-5623,-13639,5953,8359,4070,-15734,-11362,-495,-4671,-1475,7756,-105,-5242,10374,15467,-8008,6298,-2,-8298,-11249,-7000,5453,-10383,7768,5736,-4109,8114,8204,-11205,-7274,-1219,9288,-15510,-14895,-46,538,-11666,11028,9418,11314,-9096,4322,12790,-113,-15048,-15339,1467,655,-12029,-2256,-10463,7304,6962,12557,3388,-9110,4932,11225,3741,15979,-13933,7370,-10818,-3181,3944,-7450,-9364,-10885,-4174,-11799
5875,3210,-1834,2557,2440,3052,-1355,-8293,9872,2053,-563,-4720,-1624,-13798,15914,975,-4045,4591,11362,5305,-7819,6462,8759,6103,345,-5494,581,-10782,-11350,7212,-1279,-10802,4181,12868,-4191,12647,-14385,-7610,-14914,1214,-12614,3284,3613,-11496,-16039,9272,14697,-2504,11206,6306,7177,-6708,4974,6315,-243,9703,9306,-1280,12371,5486,14483,10225,1011,2585,-7156,-15174,-3958,-5927,-3146,7351,12412,6958,-15436,-11649,-10269,-2403,-79,14022,-15899,4967,9963,-10477,-2489,10954,12155,-3025,2029,8233,-12204,7764,595,-4934,-1493,3,9276,7839,-14459,12233,3098,-14433
-954,7939,-15953,2819,-11834,-4576,-14963,7685,15523,-7050,-3458,1206,15404,-13664,14481,5737,-15193,9625,-10585,14429,-10544,-11543,7425,-4545,15164,-14210,3364,5767,-6075,-6984,-12888,9679,7889,-4943,9669,9611,6899,15391,-2896,6925,-14657,7832,-11514,5688,12659,-8419,-8857,-9828,-10041,-15682,13088,-8301,7240,5870,12126,10369,2863,3681,-15081,-15883,9794,10661,-12415,-5268,-5788,-4767,-7322,11205,-2510,11288,11506,4464,8304,-5484,1420,-1585,-6934,14413,-15843,16095,4499,8067,13709,4765,-4816,15421,9682,-6327,12329,-13842,-3113,6665,13139,-7226,10268,3850,-11971,-9303,9083,7959
-6011,-9317,-6517,7133,4725,7284,-7929,-4473,9570,5538,11096,-7987,4950,12884,-5493,4193,-15983,3611,-7672,-15720,-2312,-6617,-3896,14460,15404,-14048,8742,-15640,649,-10628,14980,-2606,1967,12531,3995,-1119,-2075,8142,2916,5560,12306,-16318,-2919,-6003,-755,-12204,-1340,13981,-4572,-4104,-7761,7601,5091,-4545,11499,16277,7726,-10169,-902,6659,6488,9240,1875,8446,-690,-13103,-1516,5373,-14546,-5182,2519,-9756,-13840,4971,12577,-6712,-210,-2043,70,-14425,-6806,3894,6981,12992,-12215,-13272,11385,8582,9335,-5636,4534,3431,-8638,11450,-15444,-13225,11278,4621,-9153,-1063
15643,-1068,-825,-13900,12209,2237,8308,-3348,10292,-6724,5723,10784,-2167,8827,9364,-15535,14641,3990,12809,-14502,-7018,4929,-3666,12933,10020,-1587,-5668,-8763,7390,8491,-10250,8383,13394,-13997,-9767,12039,-3453,-15745,616,15038,-3427,4290,-380,-5441,-5855,-15548,-3494,-14409,247,16172,-15031,618,-2045,-412,13843,1674,6945,-4090,-3275,6509,13982,6876,15026,15517,14960,-5921,-7817,10764,-11142,-10854,-16018,-8578,-2909,-5600,-15996,15652,491,-8351,6748,-1947,5471,3438,4419,13035,9653,-12480,15072,14594,1491,14095,12897,16171,5027,200,4516,9401,15669,14215,-10461,11135
-977,-5940,2088,-2148,-6030,2613,-3345,-4007,-13174,-6345,-13752,-1066,-3072,9260,7498,12990,15754,-3688,7701,-15684,9103,-2139,-10924,-14088,-1163,1851,2503,10842,-3521,-8464,7624,8049,4797,9028,5996,-324,-10251,3512,7965,3820,611,1705,13820,1578,658,8572,6814,-11159,7624,4590,7464,5968,-5659,2987,-6436,-11027,2409,4104,-8184,4687,-14007,-11485,-7189,9109,-10776,-15111,13596,12997,-6771,-1105,344,4986,-2064,8415,-2883,-3712,-29,-796,10361,2057,-7280,-5344,-14264,-8567,-4976,-12029,-5192,-5371,1743,-13574,8646,15029,5086,-16147,-7953,-8196,5107,9705,10932,-3659
-4125,3688,14893,-13586,10665,-11054,8536,173,16166,10061,5225,-6756,9144,-3461,12658,2338,-9509,11130,9637,-13872,-2835,-4580,-13650,16034,-8385,-1651,1990,-15542,5929,-4925,-13055,-3193,-3995,-3587,-10248,-12588,12710,-3679,-12169,-193,-15492,-9906,-8685,6287,5027,6699,-14141,-5342,-13441,-5861,-14927,-7869,-14803,1675,-11663,-4401,13223,797,-9749,8528,2427,-10887,15954,-5825,6952,13857,7947,-13028,14706,-11007,3133,-3534,6240,7820,-2603,-13526,4596,-2553,3867,141,2237,6134,3770,-14451,-8685,-907,-11469,7561,-3575,8150,118,8739,2229,-1324,-14457,-9880,-1078,-5962,-4805,1580
10845,1700,-14229,-6401,-14800,16058,-2663,-1671,-3293,-14973,3295,-6904,-7105,-8312,8302,-8283,2212,1622,-13055,-1582,2194,-4996,15360,-2396,-10796,12286,-13831,-11311,10922,-16382,3610,6094,16087,-4447,1109,-14478,3221,-6772,14674,5183,10551,6566,-14470,-8462,12094,-2389,10027,-11449,-13627,-15701,-9615,9852,3902,10785,-10787,-4341,2716,731,-6230,10445,3669,15047,10990,-5456,14540,-11787,91,8569,-7386,9922,-11418,3943,3436,3962,-3667,2997,-8433,8774,-1015,4365,14185,15349,12939,7775,-6626,13152,12950,-7074,11915,3113,8359,3437,-12403,10096,3902,-2544,4122,1196,6584,-724
-12284,7270,-6646,-9575,-12883,-9944,9739,1553,4977,-11584,4481,-501,-14876,15575,1521,-9671,-14315,-12471,7742,-13442,12214,11468,-11510,10415,-9342,7289,10384,-10831,15550,-11002,-9242,11078,-13877,-2365,-16075,-9533,1655,12147,6869,331,13922,12946,-4692,12913,-8167,-3008,-784,-12841,9473,-12801,3495,12846,11433,-6461,-7352,1162,-869,-1758,4754,-3857,9569,-158,-12411,8220,-12638,-14179,10188,5667,-14118,-13814,12034,5640,-11371,12970,-1134,-1591,-7556,38,9000,3089,10487,15637,-4533,-14048,6704,10599,-658,7920,2906,2319,7979,4043,14178,-3404,-12152,-1114,7810,15063,-14110,-16244
-1379,-11566,11672,16355,-12598,10836,-4847,-12243,3967,8385,13184,-5859,-5898,-5365,-5686,8652,-15696,1645,9546,4352,3642,-5897,6418,-13329,2024,3886,3488,-6257,-10099,-3005,14811,-15389,11901,-10295,15839,-13395,6908,-5682,6850,5261,10789,-14304,-2821,-12151,9864,-772,-11249,183,-10768,-1841,15922,-15790,4600,470,-3141,-16098,-7866,1618,-6944,9126,-9408,11675,-9502,4657,-13561,6570,12234,15937,-36,11512,-14381,-16224,9099,-2374,7287,-15796,-11981,-16212,11978,5719,-3620,880,760,-15210,-13606,7894,-8180,3679,-9300,-6755,-1611,-14026,-15574,-7731,10433,-2609,13624,-12828,-7,5231
-4333,3704,15911,15771,-208,-4211,-1328,-12085,15316,12217,6691,-9403,2831,-14326,-1013,11347,-15500,-7139,8127,3065,1106,7300,2247,12073,-3503,4915,-8063,2346,7520,-8041,-13447,-8696,10789,-9977,-12646,15368,721,13879,-13337,-3818,-15942,2316,14042,3791,9557,-14596,10109,-10689,14769,-9986,-9995,13685,-10628,14159,-15,4030,-9765,8741,9715,13753,-6476,1352,11223,1187,-6944,1762,11214,-11854,-11332,-10965,-8677,7217,13607,4308,13861,10557,15767,-10714,15414,-10820,-5835,3967,-14236,-1376,-4686,7530,-5323,12603,-9693,2694,15462,15573,880,9084,-4659,8740,-11526,-7321,-4241,-11688
-9635,-4119,-3301,-4861,15114,-1290,897,-12450,2873,16232,1491,10174,10234,587,-2275,-5669,9199,5060,-3374,14389,161,7800,-14876,-6382,-14811,8836,-6748,-14635,11030,-1843,-12113,-6320,12011,12515,-6890,-3589,-5161,-14466,3441,-11432,8709,-7914,-13815,-9207,5250,12300,10573,-2600,-1,5175,-184,-15992,11505,-12781,8452,-11011,1065,2762,10349,614,-12572,-15167,-11078,-9332,3708,-10639,-9761,10419,-16082,-971,-11145,5723,9493,-3140,10086,-3288,3552,13933,11345,-10985,-11186,15613,-509,-10960,4788,9973,-3960,-5047,-5317,15747,-15462,8854,1603,-3877,8304,-6060,-12797,-4519,-11134,-5091
-8711,-6450,15931,-5057,-3014,-2215,-5722,-3588,16068,-211,-13029,-5978,-13332,15165,908,-11473,12339,-12588,453,-3028,-9285,11547,12594,10630,6242,5696,-16305,-12361,-9727,-6159,-7532,13518,9573,-195,-16257,-12919,10376,-4833,-9632,13598,9723,-14425,-4339,-452,3730,-7335,-9274,3490,-8897,7373,13079,-5410,-3462,-6142,9803,-6723,-12590,6339,3822,5465,-11614,-9093,737,-858,-13952,-11366,3717,505,-13503,-572,-14290,14535,-5906,-12273,-10425,-10219,14718,-5695,-3301,-7700,6763,-11334,10215,11599,-310,-10997,10105,-3309,-12239,2501,-12957,-6842,9862,4079,-4990,2524,12910,-16363,8053,12529
-1183,-5063,1296,-12351,-11406,-11315,12185,-12933,4553,1566,-9550,-10989,11164,-2301,11672,8387,15512,5313,-10644,15819,-12412,15911,-9245,-9067,1388,-11151,-15697,-16095,9712,-3596,14645,5871,-2847,10779,8974,15369,-11139,14299,-13642,-9455,-1284,12295,-3866,-13162,-1015,6455,15266,-11410,12892,9512,10328,-6063,4674,1633,3628,-11897,16336,15482,12590,670,5755,-6886,-4390,-4127,-1141,16011,-5809,12501,-4765,-1050,2502,6894,-8626,14488,-4743,-7823,1664,-767,12511,-14986,5091,-9529,10113,-13956,-8309,-1419,5163,1056,16345,6364,3436,1487,-10486,8379,7455,-13216,7597,6544,2204,-1205
15207,-15515,4565,9309,7450,5398,14504,-2848,1394,-2897,-12993,9037,-3774,6887,6809,8659,-3872,-10982,3500,-1123,-10418,12079,10819,2434,-2593,-12601,15928,6050,-473,1208,7033,1176,-10242,15710,-8219,10455,4109,6508,-16256,-4839,-14870,-1514,-1215,-9813,-15544,-2047,1530,10396,-7204,-14785,6151,-14157,11197,-15401,13869,-16284,-7969,-14097,4023,4083,4359,-11884,5587,5694,13440,11161,5898,1910,10068,-10241,-6797,10257,-13868,-6558,4923,-12353,436,-14228,8008,4276,-2272,-11959,296,11152,-6820,-6765,-8612,14360,6359,5952,11998,-15201,-5082,11032,4948,-13198,14395,2186,-6756,-10415
-12563,2713,12705,11587,-12662,9175,-5733,12962,9278,15546,-16051,-6255,15485,8178,12929,-2420,-8010,8953,-9787,-6087,16369,-9025,-7871,-11231,8623,-15998,9833,1644,-5416,-1468,-13584,8325,16046,2503,12609,-6773,-13253,-1438,13553,3877,8906,-15588,9977,-2715,9372,16038,-3412,-5978,14169,10955,-10734,8829,44,9468,-1553,13783,11959,14214,5544,3579,10391,7719,-10888,7514,-11450,-8854,10805,-6318,7133,3814,-4308,3025,9161,12126,6784,6196,-8195,-12749,14068,8175,-11744,3027,9027,-6007,16236,10999,14628,-12934,-1612,4667,15330,-12033,-10425,-13473,16309,-9638,-14864,469,1712,-8126
-4056,14457,-12029,-9470,-11329,-6527,-5148,5688,15,13237,11957,13565,4512,-1386,-2895,22,6257,2641,6017,381,5634,-14123,-10056,3209,-11454,-1178,-14313,-10878,10709,12088,-12758,5514,-3430,-13410,13238,-8147,4737,6400,15636,-14544,-4516,12951,14972,-3996,-1609,-11304,-3025,7504,14795,1494,-1356,2160,13405,10156,2718,-13696,-70,-1816,12892,12246,-11812,10595,-6170,-3888,14241,5884,-4087,14793,4757,-15202,-10696,-9456,14395,-5618,3242,-12708,-3503,-794,15063,-7015,-7856,9515,3940,14004,14514,6519,15756,-1778,-7382,15500,-1683,-9156,10741,-1865,1688,-15844,8184,15788,12268,-4070
2407,10746,6768,3120,4316,14890,3098,-14396,-10648,15047,11215,-2324,-13160,-1339,5705,-4889,-2011,10139,1176,-766,-10840,-12772,-564,11208,-15677,-8014,7364,-4289,-2569,-1462,-9991,5355,4993,-15293,-6841,-5020,-5476,8981,8340,-11578,4988,7582,-7686,14871,6470,7912,-7875,-5338,-7116,-3499,-1436,14395,-2140,-3838,12320,-11550,-5496,-7693,-7931,-5090,7502,16076,3245,8138,-2621,10263,-2000,1279,-2299,11264,7216,-7361,15413,12329,-12166,-3307,11502,1820,382,-4309,-9988,1710,-1442,9808,-13780,-7838,-14186,-5453,-8197,10619,6454,2909,-11960,10047,-10082,15028,15910,11300,-12049,-3516
12925,-4580,-5408,-4890,12712,1559,4398,14288,3304,6684,-5587,2059,-4330,-3477,8243,-10016,-15142,12863,1748,10465,14424,2084,-7650,3662,-2730,-8891,13713,11183,-15015,13483,7263,-5129,-848,-2209,-11224,2467,3980,11169,15869,-3420,-14212,-16367,-6877,9723,-9687,924,-6732,-10649,-11440,-395,8382,-8057,7409,-4903,1172,3664,-3365,620,16336,-5674,-10541,11162,-7507,-14552,-7344,4862,10397,12729,-13551,4017,2188,-8495,-14068,1971,-12422,14043,14566,-13476,-6522,-13878,-5775,-13664,5921,-5297,-9912,-2350,-16224,7851,15403,5901,11483,-13412,12877,10004,-7136,12954,234,-8140,16303,-12632
-2972,14604,913,-6199,399,9507,-510,6684,3266,-8281,11914,16267,12340,5422,-15792,-6470,11123,-93,7573,4151,-5801,4015,5912,-5794,-7972,505,-10953,-4496,-14823,-6494,4077,-8630,14630,-11796,-10049,15653,1980,10551,16215,13258,-3906,5341,7499,6798,-12773,-16011,-10173,-10380,-9165,-5831,-2344,8017,-10712,7380,-5513,5808,-12024,9888,15621,2458,11056,-13782,-5212,-15197,8954,7336,-13358,8746,-6754,-12182,-14348,14162,10123,-2586,16214,8796,12660,4640,-11997,4033,5187,955,-6515,8472,404,-1569,-2218,7937,-7568,-4334,-1585,-7152,-12034,8257,-12689,11933,14093,7876,7965,1068
-8201,5326,-14271,-378,-6325,-15732,-10866,16001,-2864,-14867,13420,-8030,-3175,-16342,-11462,-3219,15718,15032,-13111,-2097,6164,-15758,4176,-8080,8267,-4995,-15782,4572,-9192,4394,12705,9633,-10150,-5431,9404,10077,15434,4443,-13186,-13678,-137,13548,-6227,-12399,-1701,14607,-9514,-383,2655,-15936,2224,8894,15909,13265,-12171,4504,-2389,5293,-8975,-12415,-7972,-3640,-8126,-7551,-5105,7135,10028,13158,-11963,-4865,6119,10391,8291,8522,-8507,11720,-4382,1529,-6201,14540,10026,3377,2259,-12553,2776,12189,-15877,1335,-12572,-12725,1088,-5457,-2586,4987,13518,7528,-650,-14698,-4229,16317
-11371,-15557,15364,-3019,12581,14369,-11775,5413,2083,11811,-8275,10228,-5506,-11164,-7600,14539,-6548,6896,-14294,14249,-2082,-9941,5343,1661,-8929,7008,14564,-16004,4052,-4575,11385,9678,-12815,1336,-4336,-10333,-6982,15242,-10638,-13483,5122,-12701,7394,11286,8950,-15863,14521,-8538,9252,5577,134,-11457,8764,-10815,-6859,-10074,-14602,13739,-6903,-2518,1199,-8411,-6963,-14942,-9941,-3261,2931,-2472,-1291,-11915,-11474,-5773,-12190,-12048,9286,16310,4617,-6184,-5737,6636,-14635,9328,10554,-1814,4003,-370,-6335,-9969,9894,12784,-6361,-1565,-5147,-11742,13340,-2821,-10226,-8022,10013,-8413
16031,13042,3531,-9065,-123,-3934,-1165,5336,-14235,9594,12645,8108,-13207,-16280,-11221,16210,6860,6190,-11529,5246,-11102,-11363,-8789,-15376,13502,3784,-9633,1412,-8108,-1623,8911,13758,12853,8619,-8372,-12432,1860,-13442,8275,6312,2039,12095,15587,14656,-6368,-10973,-5231,-11444,-3505,4634,-12756,-1005,14603,-13976,-15131,4652,-9435,14648,-10641,-1974,11585,-8180,10475,11011,-13786,-9152,12156,-9037,13086,-14597,-13244,-5150,985,466,-2938,-193,-6786,360,8809,-397,93,6944,-13368,8438,-10980,-5214,9486,5638,-15058,5494,-2843,12339,12250,-8721,-5393,-6687,-10405,-4315,11752,6706
-15826,9235,-13534,-469,8883,-5467,-9515,12294,-10690,-3148,10939,11520,-11116,776,-9031,13619,-1475,12314,-10277,15002,14638,-6182,3220,8818,-7088,6635,617,12625,7674,-13131,-11383,9674,-9619,-2803,1203,-6552,-83,10926,-8495,13143,1012,-2608,-4714,-761,13109,15901,-12626,-16105,-13369,-5204,-11672,5615,-4772,4969,7389,-10605,12566,-3816,10483,-9032,31,13936,-12196,3576,-7020,-3466,4993,14786,-8223,2641,11302,-8442,-10275,14120,-2145,15987,14586,-5962,-11921,13132,10017,11315,13304,-14317,8140,-9515,5265,-1313,8220,-6016,4459,-14695,14308,-10330,-14990,5024,-6002,14574,1172,-7994
10519,-1423,-9103,-7831,415,-8539,8512,13782,-14040,-15485,5519,-15244,-889,-6222,13948,-1281,-12490,12061,1299,-2174,14542,9815,2895,-10623,5520,-1605,-10532,-2504,8988,-11349,-8382,12745,-7185,-12003,4940,15533,-8890,-8625,-4863,8344,8313,10893,-10007,7590,-10428,-1212,3299,-7620,15902,457,-2989,-6634,-4008,-7719,12264,-5391,14259,-15347,1129,-8455,-2957,559,13781,11346,2643,10277,-5502,-8678,-4883,6532,5281,12861,9777,-14784,457,9022,3498,4644,-8977,15148,11503,-10627,-5612,14549,-2780,-11382,-9458,14388,-10032,183,-16342,-5294,-11514,9794,-2047,-11848,1414,-3430,14438,-555
7172,13121,-13480,-1175,1711,-15681,-7439,10105,-7399,16156,11036,12357,-6191,-14735,4400,-16104,-7332,-5043,10691,13747,-13211,-6750,-15905,3775,-558,-8185,-6281,7455,14165,4884,-1497,-11057,-12163,2833,-12893,-9274,3815,-11471,2889,13964,-2735,-8076,-15985,-7258,-5833,-8485,-4666,8389,-11082,-15808,-14243,6948,-11063,11247,6803,-2090,-6386,3359,12908,9431,7515,16135,10777,-16220,-13391,8521,765,4213,-5968,15227,-11043,-15015,11875,-8428,-9525,5082,-14826,7252,6542,-84,-16024,-5597,3428,-4441,318,3019,6527,-14957,8646,-14997,13950,-10364,6090,-14273,1590,8197,2500,8068,-10621,4367
-15239,14284,-2101,7242,9348,8629,-6729,13230,-7542,4468,-14217,-11677,-10392,14469,3452,-15194,12044,-898,-1183,-291,9834,-11138,-5321,-6909,3523,-4247,13664,11712,-9971,-11739,-7108,7541,14341,10752,-7293,1723,-11848,-59,-12932,-8033,13566,2274,4482,15023,-2525,-15327,-15898,-9697,-5912,12162,-1502,14389,4516,-3892,15729,4690,15351,13618,-11184,11637,15364,-1185,-3961,542,-357,14776,-12394,-8865,-12118,9222,-3730,-9858,-13267,-5049,-303,15110,-2616,5011,-705,3884,2787,2471,4994,13005,2142,-12948,-10997,13414,-4324,-10134,3987,-5416,-13643,7326,5184,14766,-14743,-1498,16098,-15411
13014,-10733,-16132,-15147,-2052,3186,-445,11745,-11139,-15512,-12812,3527,-13999,-7217,4532,5370,10348,-15649,9144,-13722,-5818,-6108,1157,12715,5733,13621,-3477,-14103,12781,11082,-2166,-10222,-3285,-12039,-2110,-16216,-12695,6855,-11342,3659,9325,-5298,15879,14508,8588,-11051,-15159,12957,-16330,2492,4399,-490,-12839,-10718,-13274,7121,2416,3957,9513,541,5874,14640,-12929,14693,247,8542,-3360,16178,-9168,-14293,-8854,10899,-1638,-7562,-579,-4544,7582,16315,-5422,-5587,9394,3659,-9263,-14332,-3183,6834,-1224,-2747,-11986,-5714,-6556,8070,-1176,-15851,-10414,5404,16014,11174,-2517,-8078
11195,-9050,-695,3606,4064,9247,-13930,5007,-11918,-10710,10639,12838,12075,8593,-785,2693,-1647,-2238,-5970,14210,9555,13258,2185,10388,-12751,-12886,11956,361,1514,12232,-7593,401,9706,1165,-15973,3784,14513,11404,1141,-7960,1282,11637,-12743,-6728,-7817,14462,-14208,8294,-9676,-7388,-15674,8504,13760,-12742,7250,7491,-9521,9563,-8802,2463,-1922,1411,10162,-4711,12841,348,-171,2042,7152,1324,2370,-15368,3706,-14868,-2318,-2013,5981,14285,13583,12853,9423,3784,14525,-2460,-6060,-10172,-10568,9932,-1201,-8588,-8970,5767,-8470,7338,8290,-16281,6381,-8371,-740,-129
12846,-14067,-13640,-12109,5905,-13206,8182,12763,-3003,-14674,6286,2298,-16029,5643,11171,13554,-4049,-1878,-8355,12019,15766,6734,-15255,-14305,-15673,4557,5332,-14429,5167,-8461,7164,11600,8642,4012,15328,-15056,13097,2152,-8390,7963,-5855,-15902,12164,-5737,2306,9003,12373,3188,3417,-14471,-14868,-5957,13676,4686,6244,13815,14432,776,-5405,11794,7021,-10202,495,-15050,-11220,-1362,11451,-5680,-16284,-8192,-4298,7698,5954,-14418,-9670,4836,6676,2087,9450,-7661,4168,-9651,-15054,5702,13581,10962,2852,-6168,11030,-1129,-9830,-11248,-6886,2397,5019,-6041,4031,1325,11644,-2051
-6503,10979,-6797,-16294,10350,6032,-8299,-1101,718,701,9268,-11994,-8000,16135,-9807,-13033,-3638,-6210,-8872,14471,-6112,-1840,-8006,7572,-13467,10107,-6799,12288,8085,15715,3189,11094,-3965,2634,-13349,-8550,8137,12355,-3960,-5907,6099,6643,1645,16383,-15216,9248,1855,5640,12722,4264,-12604,3629,-2700,-9611,-310,16228,3903,16056,-3150,10240,-6496,-2562,-11793,4347,15098,-10498,6852,6052,-996,-6255,16194,-1587,-11689,3919,-7277,12981,-990,-8437,5655,12530,9805,-13696,-1652,15990,2104,-1277,-51,-14284,-13322,-1150,-4749,1937,1670,5631,-2623,8544,-4300,-298,3891,11090
-6298,8599,13832,9008,2057,-2517,-7972,-10920,-6920,13149,4683,-14609,-9450,-1768,-9758,-10995,1950,-5124,-13747,-11574,11203,-8447,8745,4230,9252,13882,-4739,-2336,-11404,11041,-7080,7617,-13492,14202,-5093,-14454,1199,-8318,8934,10404,8825,7519,4381,-3025,1008,-4509,2424,8784,4500,-12753,-7736,-6639,11884,3152,-12977,-12597,-10374,-95,8095,-14248,319,14908,917,-3438,12015,-14224,-2108,-13827,-118,12688,-15015,-11814,5914,4513,12117,-16130,12337,-13794,-6278,-12984,-1386,2561,6686,5996,-1807,-8485,-2281,-1571,1904,11133,-3312,6205,10435,-5843,-9763,12591,-15567,7635,-4439,-2878
-13666,9610,1036,3973,-16150,3059,-3429,5739,3060,6899,10925,1622,-13466,-9764,-14261,8370,-5093,9123,3830,3874,-12194,-15138,14056,9553,-11179,-1233,14466,9780,-8210,-1214,5787,-9627,-3340,-6000,15819,-12140,5856,5594,-6235,-5205,6369,15805,15176,-9530,-15266,-8974,-6575,13052,1459,1642,348,13786,-12720,-7500,-9899,10844,-8918,12295,-9113,-13164,-6706,4345,3727,6054,-1485,2487,8824,-4335,14979,-5581,7264,11819,-7196,-4394,331,-15370,8463,10858,-2033,-4001,-10452,-12491,-1950,15486,14315,3074,-14368,8297,12885,12932,-13373,-8774,9423,-1285,-4523,-3377,-15974,-12757,12684,-14406
-14420,-6454,12798,801,-15868,-4725,143,-1938,-8853,-5923,-5303,-14662,12743,-6705,-3453,-10319,-1187,-6530,-14540,-3691,-16125,5141,-14348,13093,6258,10280,9821,7450,-543,3496,-6403,16218,9601,-786,12883,-12257,-1627,5816,-10761,-14328,-10135,5726,13763,3857,-4887,-449,15856,12673,-9245,742,11887,-14310,-3653,-4730,15901,11365,732,8739,-2740,9287,-1635,-3489,1419,11269,-12580,5747,13646,782,-13186,14315,828,-14628,-11082,-15226,13736,-1726,-9323,-6869,-10392,-5846,6086,15202,530,-12958,11251,14603,-4039,-988,2299,3651,-15937,9003,-12963,-10886,9166,-4481,-14991,-13155,-12151,-12914
