40,
11,
-12711,-805,1991,696,16253,22,1137,1972,9142,-15716,223
8775,15355,10543,15605,-14255,15086,-12416,-9742,495,-14284,5451
-10331,-1264,-12973,-4021,4297,-13070,8369,10004,-2287,-11686,-8252
12023,-13330,-2826,15596,3231,-5971,-72,-1568,-8381,-5216,-16071
-7413,-10090,12740,-191,-38,4673,15418,-14677,-807,-7959,-16096
-6348,-8818,-2279,-13415,-1207,-10919,8058,-13018,-7847,3206,-2733
-5918,8157,13124,246,-9410,8267,3970,6914,-4679,-13541,6864
13757,682,15716,-9309,2796,-2501,-6986,-15891,8951,-11312,-5103
15305,-1762,6237,-4169,-14708,2607,4695,-7029,-9702,-11903,-14376
11160,-9608,-12258,-12077,13344,706,-1776,789,8020,16156,13667
-14411,1798,-2466,-8918,12220,10252,-1261,-4276,-14269,5821,14671
-8972,-9131,11108,-3765,-6961,6154,4149,-8196,3537,-3595,-7791
-13973,-8509,13941,13118,-3384,-211,-15137,2532,-12490,16139,-12386
-6099,14402,-5525,-7918,-8773,-6674,14522,7548,-324,-15925,-5452
15575,15808,-14112,-16351,8533,11678,14891,-13116,14956,-8900,-4493
9811,-7425,-16119,-2064,6700,1827,-11707,2896,9688,-9889,12496
-4858,762,13236,16160,15468,10017,-13477,7577,-3651,8766,-7514
-6837,1556,-1850,-2142,2789,15275,9366,-9600,-8678,-6220,16150
6246,14724,-565,3755,-7524,12431,-4733,9452,-9181,-12711,-1731
-10381,8637,-2149,-13767,-9299,1342,-4526,-14969,875,9545,9759
6979,-15315,11621,4060,2858,-3884,11500,-124,12191,-10219,13102
217,-5566,-6209,7865,-253,-3813,-5656,-8392,5389,-4528,1850
-9377,7781,-8428,4924,12737,-12511,-1780,-3143,-6067,4777,3406
-9765,8727,-10903,-14130,9165,14417,14836,14428,-149,13849,-856
-11252,15099,2788,-6970,-5583,8421,-3887,3696,7137,-16102,3390
-10423,-11310,-13037,-2333,-406,-13898,12721,15203,-11633,267,14843
-10142,1980,8050,-4264,16289,-13653,4904,5172,15578,12,-10088
16355,4216,-974,12392,-12265,2389,4851,-12595,-12761,-8103,-6975
384,-6118,-10685,7061,9261,-3451,-3456,-3513,-7930,4493,225
-2364,3361,-14306,3639,2892,1319,8846,-6711,-15880,-10042,-1161
7298,-2726,11363,-9023,-458,-69,-16219,-6080,8875,-13911,-7039
15697,-8313,-2065,-13265,7653,1154,-14694,-1163,12531,3247,8852
-5376,11995,228,15261,4797,8311,13216,10408,9877,16056,1088
-13768,-2854,-8543,669,-7329,-8785,-3851,-14932,5922,6256,-12897
-9710,4980,-2084,-6541,-13530,-3775,-13990,7950,14988,301,7050
-15883,8248,686,-14240,-9165,-9695,10213,1654,3567,2844,6934
14749,-15202,-9784,10756,-12576,10806,2833,397,4480,11136,11745
-12479,3609,-6043,6620,10853,16353,9278,13660,10250,-5985,3185
3647,6474,4580,-11639,5728,-8248,6060,5365,8260,-12834,8651
-1902,7436,-5519,-3185,10718,4084,-13109,-6975,10394,-4434,-9659
