40,
12,
8627,-5791,-13396,-6054,-7365,5258,-15590,-8509,4824,7601,4179,-610
-11050,2563,5988,-4855,-11968,15775,-1944,-13784,-1956,-10036,7707,-13064
-4269,10472,2872,-13367,-4950,-9421,13889,-14331,10704,-4973,7708,11867
14659,8080,7172,3009,6068,6616,-2091,1378,14130,12655,-5988,16031
13423,-13995,-14652,-14734,-14023,11069,2331,11749,-8938,11126,4310,14735
10410,1040,-2009,11267,-15831,2872,-2760,-368,1225,9045,-8190,1333
-15746,-9103,-9735,15602,4113,7903,5132,607,8788,9069,14361,-6134
-10135,9127,-4123,-1459,15365,-14896,10506,9583,-5841,-4863,8518,-14161
12728,3869,-636,11634,-3070,1632,319,4645,13495,-13353,754,11539
2126,1333,-14880,-11068,-4231,13773,7043,7485,-2222,6126,-3488,-4414
-7937,-5142,6512,-1331,10066,-10039,-13170,-15506,11418,-3769,-5344,-9520
1839,-6848,6609,-16296,11865,10864,-3141,-14153,11224,-14413,6249,-7037
9810,4674,7210,-2422,9735,-10478,-12219,-15481,6350,-6410,-6312,-16325
-11117,-8131,5044,-8796,3887,9965,-6688,-16246,3846,16010,11292,15564
13574,3739,8529,-14556,-10254,7827,9149,-16291,4648,-6829,1536,15181
2528,8683,14760,9061,3850,14114,3422,-9382,-8594,-1052,2529,-2867
11825,1260,-170,15102,-2895,-96,9469,7711,-5616,11154,-6755,-6969
11565,-11052,6123,6963,6753,-15971,2883,15073,-12420,11759,-1744,4148
5446,646,-5067,-11947,-6783,-7726,-5309,-10822,-958,-13193,-1536,139
7318,3425,14853,-7424,3882,-9809,-12480,-11856,-10081,-2153,11545,1191
12692,15905,-8724,6757,10207,-7028,-5503,14303,-5150,9104,7783,-4468
-1966,4525,-5869,-12868,15961,5519,-9187,-16357,-1933,11988,10641,-7277
13788,-6958,-4035,2815,15339,4745,-13619,-11207,-14599,-12843,15027,2698
-7174,11709,5086,9565,16222,8829,13025,6738,-10761,14933,-2902,8911
12435,-15541,-13632,-11430,291,275,-6799,-12067,11268,3676,3765,-7609
-5403,12419,-8204,1889,-4955,5332,10920,-11865,10624,382,-4422,-14565
2446,7623,-6022,-6570,-1079,-16093,-13613,-12597,-6025,-12618,-6485,11604
-10599,-14260,-6207,2718,-4092,2885,11924,-5214,-16163,-11106,4725,9678
-15344,-10369,10891,603,3397,-4237,-10672,-1775,8384,-8639,-8367,11165
15137,-15363,4949,10041,-8652,7962,12306,12628,-13000,1006,-9370,-6638
-6214,10511,-8533,10500,1145,-3261,9606,-500,4022,-7930,4575,15446
-1730,11464,-2770,-3048,10335,-3440,13840,7091,-13189,-4813,9881,-7478
4535,-5809,9049,3044,298,-8903,3206,3545,4179,-707,2393,7045
8901,-46,2856,-8336,284,15880,-14382,3717,13606,10727,-5372,5392
12801,-14131,-1746,5400,7351,5585,13544,-6421,15096,12552,-9301,9064
-3883,4175,8349,7959,-8399,-5381,-12964,8770,514,8990,-10533,9019
-10357,10118,5481,-1606,6611,14997,-78,-14426,-7563,13916,13085,2797
9832,-14072,10833,7099,-1179,-6209,-3614,7515,7661,6188,-14760,10890
3203,12874,-8932,14704,-6347,-14613,-14784,4455,-1657,-205,16295,-14179
1180,-7320,5787,1111,12625,385,5367,-13312,-5,-2333,-4082,-600
