40,
13,
-14581,1985,-7414,-6174,-4540,12223,799,-9918,-10282,-5092,-680,6366,-5924
9455,10203,168,2945,10334,9051,8375,-15533,-1109,2580,2442,4658,678
-13989,-4992,3855,-5432,-12379,-12473,3623,-4849,-3892,13377,2397,10593,1722
-8464,-11819,-5978,-11687,9100,7729,-3589,2569,7832,-6389,-5742,13208,13347
-14740,12466,-5466,-1510,15034,-11485,4144,6420,12502,6734,15227,-11764,-6912
11660,15639,3297,-11114,9998,-2209,-9914,-13904,15946,-8199,8553,-10411,-8878
3437,-13164,-3147,15810,-11509,-4173,5428,-14008,3521,15512,1749,-13474,32
81,9064,-15852,7755,3711,4736,-7702,2709,2093,7628,-259,-10739,-4995
-15497,12693,-2902,8400,3051,-4957,1167,10266,13247,6600,4465,3759,-14214
13403,13063,-5804,-3332,-7323,-15484,-7019,16338,-12062,1633,5600,-3295,-13361
-13937,9789,12408,-4763,-3218,9725,-6782,10786,-7809,9316,5633,-4337,9930
-4167,12912,14296,10658,15972,-10818,3382,5648,-9409,-14054,5945,1251,-16002
10728,9600,-8676,-3402,-1985,16264,-11175,-5565,10788,-7360,-675,15154,14526
1474,-21,-1899,-8308,-14719,14881,-14960,-14824,-12427,-8696,9709,-11194,146
-11972,209,5488,14452,-16210,10389,4725,3860,10943,8704,-2070,4197,-13874
-14107,8863,-8249,-3994,7364,-8342,7534,4079,-11565,-5153,-1955,2858,-10089
-2435,-3897,-6857,-2700,-3234,-6253,12359,-2842,9179,-14975,4061,14805,10035
-9383,9677,8791,16048,-6548,8602,-10332,15632,11003,6458,-3326,1262,7028
-13996,-1433,-1608,-6528,8940,11656,-799,-9689,6476,3589,15399,6197,6208
-11745,15355,-13689,10384,-12409,8326,5908,3353,-8060,-15087,-16078,4381,-10565
-5905,2160,-7861,-2907,-8610,16355,4628,15829,12830,4428,-7778,7681,8630
7374,2010,-7428,-10385,1141,-4385,-6310,8157,-11383,3366,8895,9514,-12471
10627,8466,5800,-9657,-8277,12771,-2628,-7483,-9104,978,16038,-13795,8098
7856,-1100,-15555,8810,10026,3052,9143,-16077,-15849,-5796,-4089,12720,-6033
8645,-5157,-14653,9867,15995,-13923,14431,10497,-15269,3592,10712,-3374,5014
-11762,2801,-13420,16347,16219,-14624,-3462,-4153,-11869,830,11956,-4295,-13663
3010,-13134,810,14264,-6572,-10256,14789,9479,-9263,15477,2894,9134,-13147
10322,2102,-728,12451,-5077,-14982,9365,4478,-11279,-14381,14654,-9416,11820
-15982,16077,-10283,-8540,14867,2645,8788,7636,13275,16065,-8069,5741,10821
2299,-889,-11892,8412,9268,10586,13672,2326,-5760,13886,-7828,-3798,-15428
-13698,181,-8445,5643,9466,-1624,-12706,-5353,-3001,-8974,-8896,3698,-14026
-9009,-3,1934,-3110,-9035,-8365,9664,13682,5782,10370,-8020,688,-4078
-3835,-15602,13974,7225,14376,8567,-6308,10153,8437,5970,-13432,-14640,-12061
14983,-7698,6596,27,12174,-4062,14001,6360,-9369,-15088,4725,3495,5101
1286,9100,10,-76,-12288,8061,3588,-6222,-16342,-12585,-7660,-2348,-14053
2601,-3448,4348,3003,-6252,-6602,-15952,-6428,-3599,-9382,-14499,1548,-8080
-13896,10804,2139,-9882,7964,-8083,-5776,12669,-11976,6213,8140,-8757,12484
-6682,12996,9000,1189,-7977,6467,-9082,9792,-2098,-7540,8888,10965,-1671
-9703,-3683,-16347,9435,-6591,2635,13769,6635,-8745,10986,11491,-11177,-2652
-8119,8147,-13099,-1218,-1098,15962,-2,-10196,9079,10059,5093,6736,-1996
