40,
14,
-13748,2765,1194,-1843,-10866,15578,-4088,-6635,-11901,-10191,-12437,-4009,-15616,2054
7746,-10476,-14324,-5139,4723,10073,4002,11696,-14737,6938,7494,9426,-14925,10572
5489,3887,8447,3021,10509,-2995,-16170,3481,-956,-15233,-10506,-3986,7323,-8449
-2490,-12703,327,10378,-13525,15519,-11710,12160,-8257,-7996,-15244,-2181,4022,-10287
9225,-15156,8248,946,-6121,4866,10379,160,-4714,-7699,-7316,11104,9634,776
-4253,3150,-11870,15938,-10723,-3722,-2131,-8523,2281,-15320,-6197,14710,-8710,16328
9106,14535,-5348,-9170,4045,8264,7140,2046,7252,9692,-10614,-12742,14050,2772
11146,-4629,-13518,-100,12334,-5902,-15283,5671,10911,-4747,-4198,-7327,-6325,-14066
8828,-11269,-7783,-2129,-414,13232,15964,-3604,11467,-15901,4189,7883,7041,9052
-11460,-765,4672,-6393,-15522,8321,15751,-9150,-7688,-10473,-5112,-6885,6611,-13694
-2546,-11077,15456,9591,-834,-3061,-15284,-10937,6845,11982,-12889,-5386,14680,1818
11406,-7227,-2624,3523,-12388,-8195,-10930,-5850,814,7305,-12822,323,-11624,-9191
-12354,891,-2096,-8867,-10731,-6831,-114,14235,2126,4064,13872,-4623,16213,12826
4269,8310,-5196,-10038,12219,5322,-15003,-12321,12836,10676,-12640,14240,-13640,-3163
7152,3625,-1104,10182,6710,15348,-224,-2334,-13139,-9021,-13633,15890,-8138,-10337
-10231,1878,-201,-8408,-272,15540,5044,-11653,-6958,-4561,14203,15637,-2882,13486
-6827,3703,-2117,-3246,-1248,-13048,-14623,-10609,13732,-3319,12585,-15033,13905,-10829
14062,2136,12710,-742,4290,-1905,14653,15757,15549,-202,6259,6100,-12904,2826
15254,-4350,16346,-5224,13637,7279,7158,-3161,13430,-4247,-12052,8256,-14764,7323
-13663,-7839,5116,-11377,5202,4816,1853,10582,9017,14465,5202,-6555,13368,8904
-6193,15617,2310,-8272,6183,-2932,-11186,7454,3596,2693,6297,10312,-10071,3981
-7970,-10964,8967,4968,-5995,-9201,11197,-2191,6482,8009,-8441,15588,4862,15954
-6150,-14622,2325,4351,-13555,901,1919,-851,7327,-2145,11191,-5898,-8057,11055
6101,-398,-11206,10311,13093,13957,-12967,-12460,-11145,15983,10728,4571,4839,-9168
11524,13043,-11457,7805,3711,3067,-9273,-13001,5532,-538,187,-16190,-6686,-11788
15893,12423,-9683,9939,14252,-4084,-4316,-5716,1126,15824,5331,9099,14960,499
-10537,4985,-16143,-1187,-2116,14848,-12761,10988,-12655,2251,2767,4313,-10350,9803
-10433,-11187,-4874,-5728,-12349,-1212,4196,-3714,-13346,12193,-15447,-9281,14409,14195
-14645,12819,-2443,15595,-10741,12321,3560,-7351,-15742,-16173,13919,-4382,8693,14760
1114,5113,16011,-2858,-4741,-4934,6435,3152,-14589,1052,15059,-5253,11066,-12266
12497,15370,10792,9336,14406,-14633,4897,10712,1425,-8153,1280,8653,-6667,3313
-3673,-5635,8103,-9302,16242,12560,1650,-4870,2100,-3235,16015,2903,-10624,-10320
-15744,-9310,13047,-3085,-11812,1097,10149,1253,10714,4749,-9116,5049,12792,-6760
10557,-9438,-4786,883,-9148,-11123,14629,-1366,11710,-416,8454,-9918,16149,-10571
-8934,13375,-10697,852,-3737,-2069,11632,-373,10597,-116,6660,-9048,3119,-9423
-9436,-6350,-8002,7956,14965,12035,-13161,15204,5664,-1020,-15705,-9024,4753,-12947
-2125,-14270,-7624,10358,-12912,2322,-1605,-15996,12434,11380,-11340,-12929,8013,14685
-8453,2016,-3041,-5458,1690,9959,-11100,6556,-15070,6090,7015,-12193,-5823,4735
12716,-8227,4390,15631,1737,15522,12026,3013,8804,4573,4594,6913,15173,-1667
-11186,13869,8665,1249,13366,13815,-15769,-4965,6551,-3067,-8288,-10188,-696,-11292
