40,
15,
6299,-9541,1475,3931,-1987,-12305,11448,13018,-9682,-16215,-2424,-10085,-2824,13939,6906
-6206,-7779,369,3966,-2710,-1767,-13783,5134,-6789,14192,2192,5062,275,-15009,14728
-11814,14031,-14032,-6900,-9774,-15562,2465,-4437,975,1558,-731,-6167,-8193,-11142,574
3214,740,9123,90,-7500,-3937,-13615,-14694,-303,-14413,13086,-13675,-8610,-8023,-6731
12386,-16170,6999,-10837,14423,11770,14577,11256,6366,-1706,-14450,-115,-1140,-660,10425
-918,-4433,7690,-2440,5043,12982,6496,-13316,-6450,9733,-5230,14372,9045,-3054,2782
-15858,6262,12020,4386,6355,-16150,2200,7988,-3365,-13447,-15751,3910,8518,-15568,-11777
3659,12036,2006,15639,-2752,2589,-5165,-8129,10375,-479,-5070,12049,-9939,2652,2148
-12094,-12496,14797,15823,-12769,15470,-13483,-1718,16370,7593,4764,12154,-4116,-7758,13678
14654,-2928,121,-6039,13817,-12066,-1020,-13487,10,3561,3078,7886,-10301,-15890,-7194
-6466,13948,-9503,12642,-3085,8446,-3826,12888,69,218,-8069,-671,16087,-10804,11260
-4658,-12446,862,-10861,-1010,-1818,3990,14949,3564,-14528,4166,9763,12784,-5044,13067
-4055,-6222,6314,6235,-1218,-2765,11796,-6235,142,-7954,-4807,10433,-3078,-5467,-12898
4217,-8901,12826,2242,-5178,1579,14429,14621,-1739,-6698,7701,-13385,12535,5926,210
9686,-9351,-7719,13753,-14947,15718,14887,9209,623,1665,-16200,13615,5675,-10036,1477
13661,15101,8167,-11840,-4768,2889,13423,-11965,-2047,-10561,-9662,8389,-14057,-6201,9804
10786,3119,-11940,-15168,-7066,-11597,-13120,5024,-13850,-4512,16072,7451,-15975,-2306,-1023
-7038,-5719,13043,-14347,6617,-9566,15812,936,-13432,3838,7040,12226,10521,-3996,12320
-50,-4746,11543,5611,-13276,4584,-2486,-9369,7206,-12623,5337,1628,-10021,3562,-16056
14653,14503,-11490,11489,-7608,-14658,-14659,5873,-4795,4775,-11316,-10947,929,9650,8668
-11910,-7701,-1200,366,16374,-3558,-999,10643,14153,3702,14260,1895,-9353,11619,10947
-14525,-9714,9730,6297,14709,1297,-8836,-7474,16137,-14815,-7255,-12076,-2118,-13562,15066
3635,-778,-15866,4224,12710,466,-6376,-13156,4848,11381,-287,-12418,10574,11519,-1821
-7715,14289,-14910,12061,-9885,-5447,226,15879,5723,9949,-11573,605,-2591,-5382,-15870
-1819,242,-7591,13951,15324,-10865,-7487,-8553,-3916,4037,15407,5251,-4661,1601,-2573
9070,-4427,6577,8127,7029,2681,-4632,-1146,-5936,4138,8899,9404,9072,-5148,5332
-10188,4424,-10623,-47,-11133,-8065,169,16248,-9614,-14853,8931,9623,8356,15439,-16291
-1182,9174,11792,1721,-12648,7468,-3569,9410,10280,6998,3462,15836,-2271,-5299,1487
13453,-2104,-7907,3514,6125,10183,-16080,11163,3633,297,6799,5859,-4481,5629,1578
-4198,-9008,-13868,-13833,-5971,12021,15893,-14497,955,-12587,-13918,1111,-13905,-15175,-16133
-6568,987,-3538,6182,-10255,-272,6040,-8809,-15990,15384,3172,-8282,-4898,13278,-2815
-3362,14059,-9367,9260,11200,9042,13081,-1286,8613,13637,13562,845,-343,-6661,6570
11509,-3535,13562,-10987,16177,-1796,12342,4415,6883,344,7897,5046,-3656,-16112,-4574
-12327,858,-6932,14273,13487,11550,-676,-4680,10183,-15421,-60,-9047,14516,3939,1866
-7883,13076,-14088,2372,14301,-4871,9228,-12397,10257,-6889,2445,-2404,-1580,4673,-11003
12302,-9231,8689,-14305,15861,5873,6223,-15229,15785,3611,-5245,-11240,16037,12459,1828
3570,-6736,-9677,15944,10671,8208,15435,12292,5900,4189,-15583,7274,-5345,11443,-750
367,5248,-12175,454,-8955,-9023,-15839,-12306,-6258,-3380,-1394,-5197,4692,-15367,-3065
-2409,-3028,-10539,12966,-474,14502,794,-3233,-14801,10880,9907,1087,6946,-16210,-15285
182,6010,14129,-8570,7332,-14079,-10154,-12279,-12624,-1647,414,1640,4859,6311,-8172
