40,
16,
8313,-15751,-5996,2842,8091,14570,-5045,6321,-7382,-12711,12293,-5664,-15052,7107,-1433,16361
-10624,-13798,-4354,-9578,3355,-13693,-14649,3555,-3141,-7243,-3562,-4693,14280,8650,-13351,-4787
-13515,-2414,15288,-2925,11144,-14722,-6277,14256,-11846,-1171,3400,-11358,11524,-8975,-13668,14998
8786,5355,8754,-10928,16347,13423,13016,-15417,6910,-4044,-9394,14333,6780,7023,4431,9045
-5635,13767,-4597,-6724,4264,-8272,-7079,2998,10073,14063,-9310,-9743,-15891,7215,9028,4976
-4445,-11639,1822,14017,10351,-2549,6785,-4589,-7389,-5495,-14986,15033,5445,-12591,-15649,2185
-14207,-549,8506,15135,12072,-9391,-7232,-14925,-14835,-5630,452,11507,-11699,10656,9085,-11817
-12116,12967,-13803,226,-3026,-13719,9991,14364,9314,-698,-3947,7433,-294,-7649,11687,-93
4273,16332,-10038,6968,-15349,8400,12668,12590,15715,7687,-11701,-1574,8596,-4498,-16313,15006
11241,13678,8776,6425,9349,437,-2315,10033,-8083,-10225,6750,-3861,-12786,-8623,-6852,5141
16162,-12978,11565,9865,-6440,-11489,2844,-12885,1838,-14418,-4461,-6173,9943,-9617,10609,1515
-11455,4153,-8852,-9128,-9007,6569,-5761,194,6418,-9628,13603,479,11310,-9639,-9477,-4712
-5649,4459,-4881,12708,-9816,2723,5096,12613,-5170,6176,14073,594,-13727,-6987,-6396,2862
-9300,-3731,10077,5935,-5099,7237,-9076,-7714,-1762,7547,-7609,6001,-4442,-15784,7505,256
9100,13347,-8130,-11947,-6398,6633,51,3394,-11325,8360,-14185,-649,-5006,2574,2945,13678
13023,-13324,-4422,-9235,2869,16032,-4614,12011,1953,8264,16007,-607,9022,4066,3385,4097
-119,-5499,439,-4403,5629,-5964,106,4935,-995,-14508,10581,653,15336,-5021,12601,-8609
4484,16315,-566,16303,-10700,-11406,-10979,-14587,-10070,-15992,14421,10687,8062,-832,4219,-4286
8525,12761,-3415,-2291,15206,-40,659,-6725,-12636,-15111,4878,-16173,15704,7790,-15639,6445
-14378,-3505,-4191,4337,2588,12363,-415,-9348,7951,-11624,14611,-11630,-7958,8349,-4696,8998
77,14120,-2168,-2866,-1578,14970,-8104,4337,5432,-12090,-14782,357,-10148,-4315,14883,4899
-9752,-1924,4659,8467,-11836,3031,7846,1336,-4894,15022,-13444,14499,12251,5215,-9562,3393
8741,10486,6262,16312,13721,8160,560,-2397,-15540,6191,12801,-14920,6715,5479,-1380,-5058
-10619,1565,-13306,5315,-8351,-15075,14655,12442,15006,-16073,-9830,-963,-4922,3715,13087,12457
1417,-10791,-4356,-7826,-6857,-2659,-1726,-9633,-7825,5113,10275,2299,-8445,4562,-4682,2425
13171,7298,-149,14191,10281,-3981,-5197,8645,-11145,-15070,6018,12566,1914,13116,-994,2604
-13879,1699,8979,11108,3052,-2280,13817,-13485,5580,-5762,9475,10078,-13345,-1874,-15494,-1046
4085,-3746,16216,-697,3222,3363,13978,13556,-6579,-14310,5524,-6427,2166,-10382,-14249,-16312
11827,-7260,-3517,-1832,9229,4566,-3931,9954,15978,-6043,234,-2990,5601,14293,-658,331
11776,-10261,-1590,13427,-14597,-11215,10051,-4320,-2072,3251,-1269,-2759,-5541,-16273,13392,-16244
-6703,-15469,-9080,-14862,-7556,2658,2120,11739,-3612,7448,-8235,5868,15943,509,-6470,3242
14625,6971,14161,9419,-4920,11738,8973,-1957,3232,16266,-11815,16045,9737,2883,15093,408
1693,5903,7051,15203,-8643,15587,9824,-12001,2841,-6788,550,-3537,-10217,7141,8421,-405
4354,-6519,4559,10362,-15740,-14441,-6265,6011,3001,936,-1427,-2388,4010,-12440,9389,7648
-9088,12167,14323,2146,14336,-14651,-1586,12548,16151,-15541,-16291,-8656,4499,8689,-15433,7993
-15131,-1182,16071,-2060,9898,-14724,15400,-13781,-16217,-9784,6917,-8638,12718,3755,-5888,-5645
6808,-10066,-11461,4662,-7621,-1118,12356,13303,750,8100,10455,6922,9820,9035,-12325,7745
11308,-2263,748,-12529,13742,10458,-16093,12265,10707,14966,4736,-3959,4580,-11968,4874,-6703
-5914,-14490,-3620,5112,-2528,1510,4803,1029,14837,-15184,-9847,-3220,4011,-3597,-900,529
-3391,8231,-13508,8452,1660,1689,1050,9881,-577,-1579,-2702,323,12846,13755,-8325,860
