40,
17,
-14559,3639,11237,9171,-10907,8863,-7822,-12273,-6672,15748,7269,8310,-3858,-6725,-12771,15778,14944
-9335,-7326,9312,-5757,-6792,-2274,5874,-15286,14377,-5827,7436,-2623,-12382,-3631,-13832,6746,-2256
-10285,-11742,11736,4753,12342,-3322,-5029,5031,7378,3251,3563,7185,6251,-2276,9051,-2809,5343
592,11354,3123,10880,13270,9267,-8802,5257,10113,-4121,7229,13789,12784,-11279,-13644,12487,15981
-7755,11228,14861,6056,1653,13715,1941,-14569,4342,-4344,-5102,-4851,-9451,11432,12090,-709,1784
-9719,-179,4672,-1180,13974,6518,-2603,-6122,-7611,109,-6358,-15492,-11831,13511,-12508,-15548,8308
1993,-9173,1024,731,-8533,-725,674,10563,-14652,11831,-2096,-7987,7922,-7058,-14994,13905,-8134
-12183,-1117,-3818,9682,-1506,9394,-1389,-15483,7454,-5450,7152,-982,-3607,-4551,-14577,9993,12825
-7463,-6737,5399,-5699,-4257,14304,12848,-13114,-12483,-2297,-14919,-10034,13503,10916,-16094,-2757,-3427
4647,2916,-11909,8595,4506,-10337,1519,-419,2429,-12000,-4792,-1141,-10119,-14849,15390,-14594,3772
-12585,-2843,15437,11479,14620,10781,-12316,-10367,8071,11260,-2780,-8524,-14141,-3119,-3575,5363,-13682
3397,-2719,12387,4238,15225,-9227,-555,-5084,11176,-1118,-15303,-11838,-10456,-14489,1390,-3990,14039
7702,9415,-12515,-15847,-5317,14223,2036,7176,6832,-9453,13660,10584,15538,5313,-11478,15034,-3883
1247,3056,7540,-1338,-11996,2964,594,12472,-9523,15915,-10436,-1673,-10338,11592,13734,837,-2238
2763,-1539,14118,-7842,12318,-10719,-3101,6948,7289,6866,11981,-5362,11809,-8200,-4099,8700,-1950
-13087,-15512,-14664,-15193,-3808,-9653,-6802,-10236,-14154,7095,-10806,6206,1949,7015,-10460,-8039,-15556
-1781,6224,-4582,13256,-5874,5204,708,-6586,15876,-6444,-7257,-16230,5798,-13872,-10388,-14870,-515
13380,-12521,-8987,13389,8006,6049,13276,-2247,417,-12295,-12990,926,-5690,11597,4763,-16251,7302
-3430,16194,554,3779,5040,1449,-5421,10088,-8364,-1528,-1484,-7752,15380,-15452,16229,-5466,4237
2919,301,566,-756,1243,14034,4723,-192,10556,8320,2580,6654,12690,10712,-517,15859,2764
14679,-12534,-9692,-14025,3495,8398,11538,-4885,10607,10447,73,4773,-1572,6662,-7126,-10301,13827
15754,3255,16026,-7214,-7488,2455,-7614,8389,-14816,10727,-1578,8721,-14044,9747,7799,-10946,8173
-854,-12987,-13584,12252,4013,-2376,2300,-11262,5716,16105,-3093,7277,923,7933,-10302,-577,-6801
9242,-4487,14442,4841,-4552,317,8280,14943,10378,15615,-4935,-14281,-4316,776,-11455,3947,-869
7037,-969,-4732,-7176,5965,12735,-14685,-2554,-10520,-8704,-12789,-2792,-4160,-1683,-15336,-11085,3986
-1334,13905,-320,-4991,-7494,-4250,-7250,2568,-5563,10593,1559,6206,-2983,-4131,4786,12166,-1833
-13781,-14123,-966,7011,-12745,-6640,5380,5451,-9916,-6895,5686,-879,4867,-4027,12242,-9555,1042
-771,8341,-7123,3118,-4868,-758,5030,-8602,14860,10443,-3442,10916,-9575,-8586,4532,15952,-14256
-6618,6012,-14501,2572,-4113,-212,5168,-12981,-9457,440,6547,-5396,5415,11923,10212,-15503,11874
-5036,-772,-4762,12631,15192,-1391,11992,10149,5931,-13886,12649,-16377,-5620,6748,-3687,-6074,2569
-11391,3436,-4081,15350,1367,3229,2913,-8124,-10718,6514,-9986,-12400,15127,11211,-5400,3608,2191
12336,-5346,-6000,1305,8140,-9978,-4375,-4983,-5046,-9689,4381,-10386,-7710,7669,11684,10341,-6891
12560,-10890,10199,-8459,6654,-5417,2594,14067,-13280,10544,-3056,2100,1388,-13470,-12120,9931,11380
15658,-8450,-12663,-3182,13555,1374,10133,641,-15603,-5100,3195,9597,5173,8002,7221,10294,-12489
-2624,-7567,-10980,-4437,-9259,-3258,-6825,-2633,4607,-4106,-11303,10574,662,13884,-1021,-1921,12346
-1643,3656,-7378,-10720,6407,-75,10844,-14422,14507,-10614,-16129,2545,1622,16031,2263,-13942,-12070
-2254,-10717,3599,-4010,-3882,15232,7978,-11301,-15505,973,-13377,-16313,-2942,-7199,3060,6564,9239
-9249,-10661,-5162,5445,-9140,-3620,-7906,-15120,16302,7578,-11949,6837,11918,-6193,3244,12197,-6856
10480,-3562,-4002,10642,-3698,1003,8517,11123,-4827,1427,-11389,4637,7842,6351,12437,-2816,6677
7697,13580,3978,5949,-2515,-5411,5928,7288,-13605,-12296,5004,-15371,-10795,-3415,757,-2549,4051
