40,
18,
1252,1591,-10220,2047,-10629,6419,10507,-9504,3266,-3791,10721,-11979,13864,-4776,1818,15063,-3181,3888
-5428,15763,-7707,-11016,15365,-5588,-8267,16345,14601,-9699,-5848,4793,4622,-15083,-15446,10812,5320,-13140
-4141,-11838,-1974,9886,14551,6226,7785,-15430,10979,-8276,-2480,-8521,4875,9112,7496,-9319,281,-7193
8521,3256,596,-15612,7369,-13902,966,6906,1513,-11291,15226,3737,-12686,-1287,15767,-1702,-13870,-3762
10778,951,-14012,1926,15869,858,368,8654,14754,14829,-13092,-4144,9654,12352,4340,-1536,-10515,-8225
-242,-8165,790,-3376,10688,-15001,-12203,-8344,3522,7798,7961,5182,-15444,13063,-11556,-16196,-14774,164
-6008,7997,13800,3743,-14663,-8592,-11775,2145,-8323,-2418,-9497,-8963,13635,4021,10358,16066,2422,-4589
3983,-12699,11452,12503,-11017,-2525,-12392,-1152,-12033,-285,-13337,4330,-8779,5340,-11124,6435,2062,8392
6497,9149,-15945,10592,-13371,-4961,3301,497,-11990,-3892,9463,4877,263,-7921,787,10039,-632,-13653
-1614,-8836,16362,1026,-6079,-180,11423,-13536,725,-13052,7114,-12364,4537,-4696,-3581,-6928,14335,10842
-3859,-11863,-4716,-11074,810,4103,8921,-12971,-8746,1682,-14603,-14266,15343,-14577,2170,-1222,-6963,4285
-12028,-9992,-5861,11377,4408,-8923,8902,-11374,-7281,3478,-12506,11745,-7601,2962,6043,6101,3173,10543
3892,3364,6872,-12749,-10152,-2290,-347,-8655,-15120,-13036,-10462,-12709,3696,-11197,-12810,12051,-4369,1950
-7471,-12613,-13393,10395,10607,4373,-15410,-12006,-5779,-12737,-8710,14218,-16019,11318,-3339,7942,13208,11707
7683,-15440,10058,12278,-136,-8122,3530,13635,2811,10689,9095,-6992,-10950,13606,-15898,14062,13868,-701
13423,14980,-740,12846,-10553,5819,14608,-15675,-10976,-6122,-9481,-1267,-10238,-16086,7635,-626,-12583,-2527
-16271,7042,-12897,-1098,14876,-10672,6197,74,-3501,4134,2216,14963,9322,7007,-9435,15350,2910,9776
1799,-15316,8776,7808,-10859,-235,14074,-15732,-13100,13093,10598,10738,13389,-1195,111,-14647,-1945,-2538
854,-7082,13069,-9529,12350,7907,13201,-10515,-14689,14783,-1210,9466,-1114,7894,-8663,5359,13112,7810
-10335,-5443,-5059,3410,-5090,795,-15914,-16101,-12121,-288,3033,-12184,12090,-976,8360,-4133,-52,2118
8075,-16382,5885,14821,-8763,-2439,-6216,-13042,-14017,2119,14585,10608,-9519,12079,-1201,-7648,-1841,7376
5010,11424,-551,-3615,-12662,7708,14054,10916,-6410,1502,2084,-10221,14596,-873,-7829,13990,9025,-2638
-6794,9017,-14838,11987,-7096,7533,16052,5524,3159,6937,-9132,-5754,13339,16162,13116,6997,13184,-935
7013,-9737,14757,-4514,10434,8512,-6061,-1818,9177,-10603,15427,9729,-6169,-15449,-5883,6753,16033,3453
-7991,-5126,-9421,14693,-2175,4894,-9293,15091,-6580,-2221,15974,-6125,11602,15211,-14018,411,13947,1096
-121,-4241,-12352,13687,4041,12169,-13670,1299,5806,-16216,15412,-3129,-6752,-15681,-5297,-2884,-13440,3707
2877,13875,-15151,-14382,6534,-4670,-14733,-854,-10758,-11507,-13626,-6812,-10657,-5717,15533,-16095,-13853,12677
-4747,-7981,10845,3842,-14287,-3699,-14084,-7854,10575,222,-6088,2115,15064,-1665,-16155,15132,3386,13735
-9417,-16299,-2623,12762,-15275,-1872,14901,-5678,15317,3255,2223,704,-5694,4878,-11908,7069,15252,-6825
5944,9516,11111,-8190,6231,-3564,-7083,-2607,11672,5470,16192,-11049,14655,10518,13054,14652,-346,2794
-7207,2968,6506,-1968,3531,-4224,5460,6462,11850,-8430,2526,13141,-196,164,-8866,8369,6548,15024
-4534,14341,10761,3873,-407,-7409,-13778,-5538,10070,-6011,15931,-602,3736,2087,-1503,-11281,15345,9820
-15758,6823,3010,11259,-11198,4702,-13783,5665,11112,1551,12779,1579,-10099,603,1872,4641,3666,6163
660,15136,5194,-4990,13219,-11426,-59,13596,10123,-7179,-11369,12357,-1229,9187,2452,-14615,-10119,-5553
14792,-8640,8687,11887,-8329,-8378,-5290,-13688,2527,-6310,16000,2561,-15942,-6799,10239,12823,-1682,-1920
2002,-12646,7895,4666,-5240,-433,-13797,8578,7785,-342,3202,9023,-10239,1141,5721,1769,-4042,-7830
-6694,11738,2734,9293,-27,-5507,2503,10074,-2069,-9708,-13909,-12853,11916,12350,-552,16298,9239,-15779
-13401,12300,15570,-2148,-994,-1450,-1179,-2238,506,9469,11416,5080,-14074,-2874,-10630,-11262,10364,-8342
251,-9360,-1077,3156,13642,2761,-9205,-15550,7266,12514,7393,-15887,1811,-13160,-9510,-4783,8802,14149
-2787,10173,-6085,-8444,-8471,2769,5582,-3095,8518,-14361,-11226,-318,-7378,8645,-3304,10092,-6017,-12738
