40,
19,
-3997,15716,-9421,-4378,7712,8978,-7821,1695,3649,7829,5349,7280,-7032,5197,7779,-7235,-1484,-8185,-9940
-13832,6919,-13513,-1176,-7476,14525,-9059,2776,14858,-10083,4474,-9648,6090,5878,-15700,7337,-1689,-12095,3371
-13592,2285,-8781,-652,9906,-15756,-13131,-3887,4744,1639,8448,-5798,-752,3657,-14775,-13937,15547,-6664,15951
-2621,5477,-3424,12456,-6977,1450,-11860,-7654,-9150,-8919,1177,14000,11532,-4801,4590,460,-8074,16067,-3362
13028,-10841,7798,-11437,15929,-8345,-8280,-4294,9373,2591,-13749,-3379,-11335,4963,10765,14350,1673,-9745,12974
3464,8129,-2134,11337,-6720,-1384,-5032,185,14622,-9470,14262,-9313,7469,-4927,-16079,-5533,-5856,12611,910
-13860,-12910,4375,-12264,-13760,1959,11525,1849,4432,-7198,-13207,-12954,14405,6046,-516,3750,3633,7690,5861
-7568,-5595,-7022,6670,2428,1218,10930,-3124,13621,3343,-14614,6632,7247,-6126,15391,-1402,-10420,15235,-6772
2730,1598,-15882,15984,-333,5098,11802,5264,15083,3910,14506,-2220,815,-13362,15804,-7923,-1014,13341,-11466
-2572,-15551,-10194,859,3410,-9933,6429,13732,-5957,12660,12612,-8222,-12264,7043,5383,-13585,-8699,-3939,7847
-8835,5613,-4398,2866,-10000,-8402,13850,9788,-5006,10070,-14915,16193,11955,-7162,12622,-10120,8738,10195,1620
-10402,7602,-8398,11339,-8631,-687,-14889,5422,-13155,-15166,-505,-8024,6861,-3180,-12131,-14179,2118,6715,-10090
-10047,10268,13185,11373,7819,7362,-3120,16156,1494,3902,8135,3153,-2264,15569,11146,-11543,2150,12001,8242
11457,-1441,-7992,-7128,-10963,-10419,-6770,9921,2722,4462,7323,-463,13282,14053,-8158,9397,-12020,-13629,-15515
-9015,-6231,-4523,-2983,-14596,7224,-4139,-3577,-3891,2083,4154,13884,6686,-2786,-5639,9949,-5486,-2087,14996
14352,6990,-9115,-14277,-1850,-5025,15363,-9610,-13117,-4243,13597,-601,12274,7200,-14205,1177,11638,-3640,-8898
-906,7464,4571,6862,-14635,2545,4836,6025,-5696,9675,11017,11982,10819,7,5858,10560,9171,-12836,-826
-4795,3861,-4785,-10205,13084,-15989,-3474,-999,9540,-1606,-7678,-9887,-10110,13403,3597,-3452,8568,15034,-12403
7248,4222,13568,-3317,-13409,7250,14856,15555,9067,5347,4922,14719,5388,9987,8159,-7476,6235,-12026,12683
4236,15027,2028,-1923,6718,7988,-11851,4448,9661,-5075,-15571,12595,-613,5146,4212,261,-7307,-1715,8739
-3741,-7868,2193,10597,3932,-15492,-1511,-3685,14525,-564,13287,-11949,-2079,-13630,-1718,-13573,8257,-3486,-4562
-5299,-5976,-11111,-5868,1306,-13742,15552,10237,-14876,-6054,-15671,5821,16066,-3371,-1721,647,-15054,8803,-1003
3738,2767,1088,-292,-5602,-15330,-9539,3158,12461,-2100,-4961,5537,16336,16059,15590,-3670,-13203,1603,-8417
-7488,2938,-13605,-6015,-11643,1994,15432,-3336,-14663,3011,6534,6025,-5575,-15970,-8601,10065,10783,-14159,14119
13936,-13531,-9240,12166,-15152,5388,6770,-789,-1721,-1123,-15230,10653,-3030,13823,-12806,9314,-6949,-11601,11374
12912,-14249,7421,9327,-6457,-11517,-14604,11452,-7945,15599,-10112,8417,1225,-1037,-13,6405,-564,-11728,13674
4990,-1524,3259,12415,-14684,348,951,13389,7731,5770,12984,8470,-3727,-3259,5628,9348,-12432,11899,1020
-10168,14024,-5439,6008,5843,-11692,-3232,742,5888,-7770,-15584,-14077,-15506,-10731,-13051,-1897,-15730,-6460,5039
13607,-6546,2822,10712,3746,9821,748,-16174,-4168,-3254,-10200,7621,-14449,-12402,-13993,-12423,3856,-7748,-1791
7134,2026,-7705,-955,-10677,6065,-9972,7398,9391,9701,8711,-10357,-11182,-15167,-12419,1168,-6274,-4836,12944
-13129,-14419,-4403,9773,-13101,11169,12956,687,5133,-12748,5001,-13853,13719,5296,828,12052,7136,-779,-578
3888,2042,1484,-6808,-10371,14607,-3552,3615,4888,-10794,12234,-4799,7398,10834,-13412,-6141,-1085,2385,-5261
12718,-10280,-3647,9963,-8366,-4107,7632,14335,5909,-8097,-14104,-9149,-3793,11297,7275,10139,11069,-2777,12743
-13749,-1763,15522,7228,9274,13248,-9408,4284,-2539,11546,-8258,12500,6178,-9582,-6664,-9561,-11582,11748,7119
11051,-3646,-6322,6701,-11431,-16007,-15765,-14317,16337,-2609,-5965,10992,-14507,6223,-7337,13947,3552,11958,-1412
14425,10529,10024,6390,8701,-8068,-8372,-15713,-14519,-11727,-11184,-14192,11641,-12405,3837,-14191,4877,9505,-474
-7438,-10447,10278,7063,9751,-716,9959,-14444,2584,6629,-5021,15141,-12482,13355,14007,1383,9446,-11456,-6326
3141,-10225,9200,10851,4976,-7769,-7093,-11304,-4476,3923,-256,15132,3092,13559,9100,-909,9934,797,-15512
-12905,-12370,-5731,4195,-16052,10149,6555,-4236,9338,10266,3825,12175,14455,-4908,5412,-12138,-2215,-11327,-4290
7367,9097,-2986,27,13697,-6033,14945,6551,-8088,-16376,14683,-14671,1946,385,10473,-11709,-4673,3656,-6426
