40,
20,
-7352,1831,787,-14253,9982,11962,8473,12725,9520,-9070,-9442,-896,3440,2264,-6538,12802,-7600,-5912,6270,-13493
-4769,-5340,-7975,-15503,7561,-7361,-408,-11260,-15085,13667,-10630,10370,-6095,-12887,-1301,14029,-15064,12191,14138,11633
13725,15786,-11684,1167,2294,5161,-1862,-12420,14642,-14318,-3735,-4839,-4712,5425,15202,-2907,-8680,-9148,-12564,-8840
15691,-13821,-1098,-13658,16212,-374,-8232,16124,-11125,-12085,10637,-8881,-9951,-14461,-6106,2962,-8711,-5989,4019,5887
643,12474,-8751,-15605,-7603,1566,3765,-9438,3349,-10857,1077,-1310,-3646,-7155,-9611,-2168,-3324,831,-1778,-12991
-12777,3429,-13647,5752,2841,4545,2171,11733,-6112,-6539,-9165,995,6596,-1733,731,14724,274,3658,-5106,-10458
-14723,11968,10439,-1524,4871,-1234,-7349,5506,-2021,11408,-4446,5308,3108,-4305,-6118,-2850,-1377,-15190,-13975,-28
-15275,2133,-6163,-4239,-10971,-4652,-7457,-7723,10990,13111,-10805,-8154,-9491,-6275,4214,8330,6446,-7827,13777,2519
-8981,7090,11357,-3828,11486,-3041,5031,6887,2386,12089,14602,13394,13262,4546,6865,-12087,4800,-14532,-2643,4044
-4404,1324,-10055,-11249,-6854,13305,-3625,-13600,-1844,1318,-4656,-9003,5308,4589,12053,-10537,5206,5112,-6332,6853
-7732,-6839,-594,5011,-630,-11170,15644,15070,8297,-14683,-4933,-15983,-9888,8991,7672,-3941,-13287,-1169,8124,13950
-6391,-9627,-3576,-15104,-6073,-8058,-1071,9514,14241,-2363,-3831,-9978,-4121,-6316,12585,-4894,-16131,483,8021,-1560
-16338,-6810,-10166,-14200,-11094,15351,-14354,-14848,-2285,-10322,7993,-11965,-6622,14358,-884,10276,-13048,7725,5386,13737
15899,-15780,346,-1490,-9266,-2069,-14479,10321,-14066,5830,7944,8110,7612,128,6843,-12134,10460,-8730,-5761,-8010
9897,-3542,6469,-6859,-5217,-8239,-5620,5380,61,-3125,-9132,-6344,-8565,-5067,1518,10358,-13852,-9116,4794,-11737
-9109,13892,4631,6833,8671,-2317,14415,11852,-7954,1884,254,-3496,-14534,-956,-14585,2469,9601,7614,1473,7664
16190,-16348,-3319,-14543,-13653,6809,7226,3662,-4799,2857,-2361,-13892,-13848,6287,-15580,-8967,12217,859,13508,-4399
13113,10137,-150,-10310,-9188,12073,7943,-6127,5737,2806,5376,4000,7796,4777,234,-846,-9985,-15038,-5362,13482
-11822,-2201,-13708,-11521,-11389,11521,3545,-3031,-2456,-491,-9005,1754,5899,15559,4684,8832,-15449,-7088,7915,-11289
12028,-6041,5679,-9933,4652,-13136,-1241,775,7943,-2490,-15976,10640,9227,9642,9769,9355,-403,2507,-13918,-523
-10488,10846,-3070,2368,8523,7138,-5884,-14125,-67,9047,1602,8611,8032,-14870,-14515,-12159,12051,-14536,3682,1422
-919,-16339,15117,6319,-4493,4732,-6584,-16375,-5577,9243,-6946,-945,-4865,-16069,1314,-16181,10811,-13581,-8590,-8554
9483,-4480,4385,2218,4749,12297,-2494,-9899,-10383,14891,-11891,-6146,8356,-5421,10764,-8472,7871,-4136,6665,2743
-12054,11154,-5993,-4942,-7616,7523,3403,5838,2285,-7294,-11921,9895,-7450,-13640,14174,-5556,-6277,277,1305,-1947
-2632,-11719,-7789,-15982,12538,-8919,-3370,-27,-1364,2272,3651,14082,-14468,-4549,-12664,13865,13445,-1741,-870,14858
-7745,3391,1575,-7150,11559,10940,1166,-6542,13685,-5616,6771,-14747,-617,3437,-12940,-8636,4126,1650,-707,10388
-11716,-7984,16356,1319,11807,-15385,-8702,8780,9670,10665,3078,-15769,-3901,-1632,-2854,-10274,4599,14432,-5128,-9712
-14096,-12138,-4781,11655,-15512,-15960,-4067,-7069,7384,615,3171,-515,16208,-1522,984,15891,-15208,14044,3902,3073
-2133,-14789,3194,3709,1647,-14876,-12670,-709,10353,-7356,1153,637,10344,-16065,3299,-5657,4718,-11093,-1368,2137
-13168,-9246,13983,-10455,-16147,-3555,11793,9042,7492,7412,-13092,-13264,9330,959,-9858,-12482,-12628,-11329,-4986,8305
-12912,954,-6478,2970,3443,14280,-4921,15770,15226,11925,11513,-2378,8605,4601,-16199,-2434,3985,-12954,14653,-15955
13442,2876,-5585,6134,-9239,-2947,12719,-14141,15053,-6878,3683,-346,-15635,-13633,215,5310,2859,-272,10609,6829
12336,-7202,-4001,-9040,-85,1933,8482,12650,-3209,-11920,-7825,9126,-8244,-15144,5184,13557,11449,9018,-1445,-15330
150,-4683,-11123,-11298,-4576,-3770,-2024,12538,-13974,5105,8607,-16200,-10016,6780,4369,14943,8183,-3871,7002,6364
-6916,-15644,-10776,-5141,2555,10130,9041,-5721,8776,1922,15786,-13635,1082,-2835,-5570,-13615,11192,14329,13191,14430
-5263,13284,13336,-5976,-5979,-3537,-9753,5563,4818,-10298,-2989,-3335,7958,12534,12021,13721,-14285,-6302,10089,-14106
-10861,5072,7590,-14864,-3754,4949,-1482,-8416,-3413,7376,5026,-7634,10358,10562,324,1918,-14011,11862,1554,-9502
-4285,-4473,8806,5381,-13317,2693,-7441,-1084,-10776,-10073,-837,6145,-7787,-2016,-11623,14460,5549,-9646,3600,1861
10081,9604,-13776,-5627,12400,2265,-15709,10292,-7557,-10589,-12720,10517,-7345,-10866,-12095,4472,13384,-11830,5757,-10400
-15956,-15442,-11653,-7204,-9304,-6294,-12068,-385,14080,-10621,2678,16061,-15386,6010,15778,-11207,-15676,4894,-2745,-8133
