40,
21,
6208,-4694,11900,15132,-5067,1409,-10629,-1435,-9411,-7020,723,-5828,8657,-6588,-5458,1416,7084,-1915,-8595,4686,-186
3655,-11896,12178,-9943,-1365,-14074,5108,-11216,3813,11240,-13339,-3493,-2261,-1554,-15806,-6618,6649,1123,16086,7999,10545
-12635,12078,-11350,888,3525,-10240,11688,-5903,3920,7166,2564,-11826,2731,16133,9434,-11016,-15485,6750,-11367,12033,13548
-11702,-15497,11105,-14385,9955,-13430,15950,15050,1969,-14654,-10572,14829,-4806,-4605,-3192,11885,-5181,-15584,-10136,-4326,1950
-10541,-779,7863,-6013,-14185,-884,11751,-1832,-1102,13194,-5543,-16367,818,15816,-2986,6598,2418,6628,11984,11809,-13686
608,11680,16281,-11669,-14690,5704,8595,11445,-5439,7051,4669,-10157,7584,-6980,-10266,3058,15310,8811,-2529,12303,2232
15668,3241,10169,-8399,-6891,7910,626,-1889,-4141,-10950,10603,6794,9530,-12118,8987,13027,-14264,15453,-5534,13898,12067
2625,-2706,-6560,-5550,9819,-2911,15872,13960,-4587,-5504,-12686,6574,-11779,8965,1241,10882,9956,4414,16103,6907,-14408
-3314,6576,-10623,7332,8700,990,9396,9005,-13097,3749,-14150,323,7832,-13339,4938,16346,-369,-14482,-13550,-2488,-9172
-15526,15468,7214,401,7230,9873,-11326,-7676,-11772,-8683,-2847,-10618,-6851,-7713,-10959,-4311,14843,-9281,-16343,1872,3267
15203,13447,1029,14019,6362,-5580,-9008,-11127,-4969,-187,-6704,9816,14754,-553,11749,-2191,-5385,-13227,-12539,11736,13435
-13485,-2726,14639,-381,2897,-6728,2416,-6583,7168,12890,3850,8064,-13047,-1254,11355,-4663,-1503,-1906,7430,-9206,-4895
3699,-6495,6576,-13285,-4538,2695,7924,5336,15678,9083,16340,15449,-3356,15972,1671,-8834,-11785,1867,8848,1831,554
-4402,-9707,-1061,-15748,14243,9498,3762,1790,-4228,4981,-15433,-877,-7285,10861,7899,1677,-9084,10630,7153,12978,13517
-8256,3027,-14579,-4174,-8519,5013,760,-9723,-14002,-3094,-11382,-13049,-2947,7187,-3155,-7866,13430,787,6319,-7798,555
10265,-4062,1914,-14580,-15596,14468,-7905,4007,-4954,-6966,-10502,1794,-7282,16140,6137,-11247,1846,-10756,104,-2119,-7147
5335,4274,-2514,15911,-7905,8890,-13390,785,9677,278,6507,10359,4235,-5933,15678,10431,-8856,5815,3409,5874,-10436
-1643,2439,-7878,2661,11774,-14748,-13483,12459,-2998,3078,10639,-8395,-2024,12767,1933,-1556,-8718,-48,5006,6095,-7273
10750,13602,4531,-10997,10194,9161,10169,10179,13411,10883,-15356,10905,6716,-14874,-9758,-9853,-2333,10149,13374,-13367,-13563
9140,-2283,-9330,13255,-15011,11006,1585,-11923,14912,2248,-15342,-4064,5463,-15267,3947,7257,-4652,-14108,-8966,-716,-10325
-1630,-9779,-7366,13423,10322,-389,2889,-10674,1934,-9533,3188,3218,15895,6440,-3090,-329,7559,-10357,-12368,10041,-9765
7780,9596,12620,-4565,-15438,16167,-5057,-503,-5934,-1406,-15272,-6083,-5801,7085,-14543,-11034,11146,-9618,12722,-1973,-3951
9847,15194,-4161,11175,15213,15955,11796,1378,10124,-11979,-16170,-2768,1724,6929,-10849,151,9270,-16382,12622,-14569,7129
9456,240,97,9606,-7263,-13015,6594,-1033,364,-16003,-11787,2110,3984,5456,5655,6342,13891,-13723,5916,11380,-6619
-5849,-10758,-5861,12733,14525,-4671,-9953,-4571,6424,-7079,3187,4753,15586,-551,310,-15193,8634,4977,8853,-15178,-996
-8835,-1278,1665,-9646,12774,-10170,10893,1406,-6726,-4122,11552,-7356,-10806,582,5659,9114,-14218,3395,10237,5345,10779
-15356,-9177,-4811,10451,9491,-14304,-1182,13721,4268,-10876,3437,-13346,12471,8097,-14793,2462,15914,4057,14242,16176,15949
-3505,-7374,15903,-16196,-12719,9187,-219,10645,-14727,2363,-12612,-5292,6597,-12157,-15887,1587,-3361,-5835,-2913,-10821,-13814
6267,4927,-13091,8901,3138,-90,-5568,-10112,8424,-9161,4106,-5183,3701,3724,-1332,13943,5655,4093,-5324,-2538,-5934
-700,-15534,7871,922,12833,4321,4262,-13898,4266,-11040,11060,10266,3839,-12906,-19,2489,15314,-10737,-15733,-266,7549
-12028,12132,15623,-9702,10468,-7986,-13448,3707,5786,-13497,4076,15997,-2919,-9677,9946,10305,13763,-2042,-12673,-5915,-344
8947,-4078,1426,5018,13935,-3716,-10114,14028,-824,-3330,-9747,11195,-15771,-3293,-9275,-8563,-13632,-15386,9882,10076,1033
-7778,11021,-14973,-512,-678,2181,-12240,-6850,2593,-11694,-12324,-7629,-15506,-15857,9597,4827,-15183,13028,-10557,-4905,3475
6940,-15772,4428,-1725,-6905,1972,9354,14211,-11534,986,-13112,-12453,14063,-10978,-2693,-14850,7944,3010,-12996,-6814,-1607
-14641,10348,8237,-13131,-1752,-2170,-1537,-13013,1467,12267,-11012,-8515,11753,-2509,-10341,-14306,3204,8626,1469,10375,9421
-12310,-2591,-10862,-10332,13578,3693,2138,15955,5612,271,-3715,9388,-5748,-9347,-14034,12740,14289,-3754,4270,-7397,-11277
-4950,-320,-14142,7862,11835,7364,-4004,-2342,-10575,-6660,-15236,6457,-8100,10848,-4397,11207,-1265,-6334,596,-15490,-13965
-8760,14079,-8440,-5478,-1489,8078,3295,-11230,-8497,-10337,-5714,-1182,8252,10741,-4764,13482,-10973,-13567,4800,-9907,5817
-14928,-2623,10074,-8037,-10228,-3799,11814,11051,-732,6812,-11909,12298,9178,3742,1211,2641,13332,-4458,9914,-11577,-6972
-14751,-6447,1058,8757,16221,-9023,-15535,16277,6597,13017,9393,10094,-3569,-468,-4171,-15154,11716,6121,2937,-1525,-6730
