40,
22,
-7443,13454,14386,7991,8606,474,-11606,-2356,5516,1630,-6255,14937,714,-2937,10885,-9857,4538,3930,13155,5369,11507,-5493
4753,-11166,-13218,-30,-14708,-2709,16268,-5152,11316,-3123,-7985,5004,-15726,16080,12531,-6794,1297,-4419,12412,1263,11067,5292
-508,7597,11534,-11106,8564,13632,-1854,-10616,-4656,-5327,11848,15582,-8470,9781,9239,13089,9696,-3761,-7123,4688,8432,-14802
15344,-4218,4606,12218,-13644,-10976,-5492,-2582,-15572,15978,8191,4706,-15146,169,7028,-15450,8800,13905,-9399,504,2493,9164
7217,8726,10147,15588,-2723,8415,-7048,-782,15725,13594,7923,-12992,-4346,14144,4904,6400,-15027,11464,-12246,14882,-1863,10289
4593,14926,8254,4030,-12450,-2143,11571,-4314,9033,-12490,-14804,-7325,14973,-11386,-15211,2979,-14785,9061,-141,14407,12268,6565
-6095,-15564,-1020,13756,4922,11390,-2114,9939,14056,-463,10453,1341,13170,-15033,2604,-13486,14294,3466,-15324,-7872,5143,14646
-2282,5672,-5276,14117,-15270,-6531,-4171,12352,-1997,-11326,-10761,-16245,10295,8826,-14692,4910,-2884,9200,9544,-1087,-668,-3864
-3056,14957,9658,-13273,-10534,-321,6855,-2669,-13497,3309,-2388,4581,13877,8650,6180,-11058,-7390,5191,7155,-14704,5874,-12215
-12984,6420,-14344,-6303,-11194,8142,-561,-7198,-3979,4047,-11379,5511,4786,-13772,1915,-4575,11119,-12203,-15237,-16277,10568,6097
-3029,4087,-3722,14503,-9908,-2006,-4828,13893,-8962,5158,3897,-8487,-2835,-9139,7739,3064,10509,-1755,-12344,6998,94,-82
-14222,12652,6988,-5913,3239,7483,-3030,-4420,-7276,461,8938,1623,-772,-1505,-7083,-3420,11652,-750,-4180,-13089,15705,-7501
5417,-2576,8993,10369,-5051,-402,10326,1012,-11970,15198,-4217,-8096,13617,5454,9370,-10744,5367,15850,-13811,3865,8342,8989
7201,8750,-13477,10510,9381,4115,11543,1647,9296,-235,3618,6492,-14785,13077,8915,15920,6928,-2177,12181,12611,882,7844
8030,5455,15567,13576,3998,7301,14142,15914,4416,-9206,3169,1820,9828,-15179,12938,-13264,10031,-7041,9166,891,-8749,-16134
-15897,-1689,15782,13571,-10470,-10013,-6708,-311,2208,6924,1908,13712,-224,-8488,2842,15197,11690,-10829,12716,-8032,-945,-607
5520,-5110,-14515,-6592,-15500,-8994,-14021,9471,-9828,-11409,-3314,21,10056,14434,8219,14224,8259,-9164,15087,-1977,-1692,-2302
-2697,14967,13710,-2866,-6803,-11879,-6375,1744,3238,-8201,6159,-6579,6375,-16299,-1708,-4986,9478,-4418,-3243,9570,12114,-1065
15621,-1952,-14905,-1773,11532,-12990,8849,9559,-15940,-7693,-8207,10159,6475,-555,-5194,-11525,9830,-4759,526,10141,9227,14803
3326,-13901,-1781,13725,15466,-12589,-6692,4367,-6660,-3242,-1431,-3194,15743,10616,-12280,4719,-1580,11551,8016,6520,-6634,555
-12750,4147,-878,-14388,4238,7879,-5949,-10859,-6166,7325,-3932,-1968,-14454,7712,9169,-12274,6431,13962,-2721,-3972,11666,14493
10590,16146,12001,10920,-12972,15584,2081,-4180,-13129,-5642,4622,5152,9074,-3347,-2280,8654,11082,-14145,-5864,2829,74,14532
11779,8278,-6685,2534,15593,-10828,-2018,-8021,-11514,5768,13963,16120,-5619,-2509,289,6532,6724,-10251,-5075,-5512,14024,-13840
-4133,-6804,-6350,-2821,-9806,-1605,15594,3108,3160,-12608,2384,11338,10656,2076,9660,-12163,7044,-9172,8768,2258,-8077,-5377
-235,7632,5214,1275,-11482,-10563,-4785,-13081,6652,13054,4350,-493,-11014,11325,9761,12750,3626,14196,-4746,-12507,-15229,-3717
1108,9203,-6760,13354,8621,15912,2139,2632,-12143,-15892,-11242,-7734,-8257,-8794,14820,29,-9148,-7211,10436,7495,-576,13666
-2677,14976,-2234,-9743,11039,16363,13407,2107,11555,-13074,-300,-9347,-7385,-7568,500,10073,6110,-8878,12505,-7390,3544,11506
9775,8830,-11034,7501,929,7019,-10262,4126,480,-7487,16054,-5835,-8538,12727,12310,-9810,-3244,-8823,11403,6494,-12104,11187
-13981,-4621,16239,-7010,5271,4562,14808,3265,6659,-390,-14089,15666,-9179,-10014,10089,11246,-317,10344,14606,-15854,7951,-7804
7332,-15434,12497,16238,6231,-8450,-13292,12197,-10833,14149,-1181,4314,6431,6195,5357,-12583,-10547,1761,-2449,-9847,8829,5318
16223,-8792,631,8387,-14798,-10199,-11764,-8946,4248,-7489,-14863,9302,-8526,-5841,-12407,2487,14329,6383,-7544,9703,-15150,3298
-14875,596,14030,-7233,-8295,2765,-7270,-2173,5949,3400,16085,-9619,2307,-6698,15744,4676,6156,9292,-9239,-8798,7274,-10571
-4189,8253,-11835,14071,-10547,11098,-5848,736,11298,-12481,4659,15893,14647,13114,-2862,-4952,1076,-10409,-6669,4889,11185,-5915
252,-5396,4807,15983,-7490,2210,5611,-10024,14210,8731,-7415,10052,-10678,-5579,2978,6898,-5941,15298,6718,-13891,4176,13256
-1462,-8509,6185,1308,-12656,3943,-230,-11250,-8047,7509,9903,892,13736,2727,6930,3237,-4943,-11114,10394,5193,3528,6231
-12713,1367,-1804,-15458,7930,6731,3571,13181,10615,2054,15429,-14666,16329,37,-4896,10637,-13801,4713,8867,-12750,-1608,71
8725,3377,-3994,-2084,-3496,-8852,14864,-16317,12659,-6007,-9468,13517,-5262,-10993,16109,5055,8675,9258,7276,-7538,-10521,-16042
-11276,8799,-13123,-6090,487,15729,13361,-3518,6132,2566,-8251,-9899,-13456,-850,-9590,-3585,1300,-12821,16344,-14817,-4169,-13782
-2261,-3982,-15975,-208,2602,12857,1383,-1088,-4349,2423,-16373,-6342,-8155,674,15154,11217,6800,-10135,11644,1609,-743,-13809
6180,-12321,2700,-14490,-5731,6731,794,-670,-4132,11155,4406,14529,1710,-13923,-8199,-15229,-11966,12581,-8295,7520,488,-3972
