40,
23,
11563,16197,12593,-4210,16164,-14396,-6710,-621,6289,15769,-3094,-14175,13708,-3954,15155,1803,14193,12391,13511,14157,1891,-13026,-11589
12864,707,13353,14359,13196,8662,11679,-1225,7103,5059,13855,-3052,3290,10922,-15883,-873,-3949,15143,-5625,-5330,924,-2992,9345
-2946,-4628,6511,16148,13726,-7499,8295,-14995,-11186,7409,-1341,3135,15392,-14822,5106,-5189,9063,3580,-7612,-11297,13099,15378,8422
-15601,-964,4002,12699,-178,12588,306,-1955,-3477,10293,6797,-5018,-5188,-1022,-7925,-6093,-9239,6379,-12180,13119,-6980,13663,-11683
-15408,-3536,3276,-1733,-10636,13294,4859,3922,11291,3422,680,16100,12685,-7980,-16308,183,-6982,-13988,-784,-11379,10406,2323,10804
7563,-4778,1679,-11067,12569,-13357,-10643,-4679,1530,13835,-5459,-925,4739,-16077,-6444,14593,-10552,-14839,-2515,-9301,516,6582,-7222
-12737,-662,-1371,-11451,10744,-13066,-1223,-12580,14851,-4050,8427,7164,4621,-4672,-13422,-10473,-3982,3543,-6273,5835,13739,-5716,2446
8023,-8124,1068,-14943,-14410,-9077,-2913,15970,-1352,1757,-4903,-2384,6843,-10685,12327,4851,-8560,11720,6635,-11569,3415,4459,-2590
4974,379,9418,9821,-2969,-75,4236,7395,-7851,-11012,-12604,-4683,1342,1619,1869,-13939,2942,-4323,8393,-10664,8991,12664,12921
6807,1566,3112,-10314,-13911,15951,2448,8879,2166,-9398,-15115,8881,3892,2355,15630,-14799,14525,-1368,5441,-14147,-15498,-3554,-8864
4849,-10159,-698,-15295,-1875,-1090,14462,12875,6288,-10148,-1318,-12951,5024,15986,-4613,-3302,714,-4853,11478,1987,-11599,-8180,3915
-13126,6394,14756,6063,-8250,-63,6392,6349,13059,1538,11254,-6003,-11812,8004,9176,8768,2237,7552,12697,9857,-12730,-11718,9022
11155,10942,2574,-2601,-11479,-2584,12025,-9568,9432,-11349,-10419,-9312,-7757,1125,-2839,-16378,3288,6331,-3948,-2502,15735,4181,5500
-11144,2931,2755,-5496,-12174,13048,5010,7706,14701,7379,8638,1238,-10882,7867,-833,-13565,3873,9761,12410,2823,-7623,2000,-7627
-4841,-11583,-3414,-14035,6390,1124,2465,3881,10695,11488,-5372,-13619,15474,-16218,10346,13032,-4851,-7052,-8082,9868,6281,-14445,-4992
1635,7967,3361,-14949,15642,-15030,-11042,5087,2735,-12400,15026,-11542,-3856,-4568,-10180,10666,11414,755,2502,-2815,-682,-8655,9127
8493,-10031,-1261,-2577,-8542,-14690,2869,7982,-3669,-2770,201,-7614,-11179,1995,-5095,-13388,-4543,-5287,-7276,-7776,13453,-7793,-13341
104,1106,-4273,-3285,-11277,15444,-3364,11299,-160,-8399,-6976,-5442,-10835,-13507,1980,13412,-6591,5963,4031,5948,-9221,-322,11342
2058,6186,-12351,-3638,-15083,12788,-8459,1975,-10989,-14783,14428,6257,-868,15847,-5911,-2594,8115,-4335,-15974,-9090,-11779,7460,5706
14420,-1807,-4701,-11832,5013,-585,-6961,13853,9359,9453,5271,5277,-13963,-194,9690,-1919,-10318,-7222,14133,-12758,1172,-9912,-10439
-15074,-2080,-8926,-11932,-1973,-9522,-11729,-2030,-9867,-891,-13896,14504,787,10736,3467,1697,6090,6337,-868,-7948,-2222,9314,1304
-6716,7785,-10728,2634,-7503,8994,893,-7685,-5207,6991,-12609,-13015,9538,-7890,-4948,-3348,-8433,9108,3267,5758,4480,-13153,8545
14494,26,5439,14112,-9165,4074,5928,7648,-11191,-7817,15514,4404,-8319,2869,6087,-10085,7751,4031,2785,10863,11604,11646,-2894
-14871,12281,-7486,3206,-3668,-12215,-13804,-15136,4471,1459,-4300,557,-15264,-7505,16013,-798,6982,2445,-9212,593,2888,-3959,118
1134,9592,14503,12860,-8052,-7251,-5874,28,2061,-11103,2957,14072,10037,-1436,-934,-11206,-5192,-1957,2760,6678,-6081,-11269,-1969
-7695,-6409,-14954,-6957,15592,-6411,-9863,3213,-6755,-5784,-2425,-6432,-10099,2109,-13809,-6171,-7730,4262,-1066,-8030,4292,11649,-4759
-1344,-15383,-10669,11499,-7828,-13688,1227,5700,2638,-11819,14717,3517,-3593,-3115,8994,-2693,15485,6943,-2996,-2263,-3391,15277,7199
5516,-6951,13867,4789,4251,-464,-8557,-15096,-11594,5993,-11715,-6527,5241,-3247,10737,-7226,9779,-10828,-1241,14623,-3658,11291,7983
5152,13788,-14339,-1434,8307,-13107,1251,-16348,-12457,15407,3241,4183,4114,-1997,-15967,3300,-14447,-11007,8122,-5627,-8639,-5953,12268
7184,11345,-14540,4924,-15732,-9251,-2841,-9342,4090,-7288,-7868,6230,-286,-4621,-13186,-7348,-8420,643,-10775,-2775,16118,-8944,13981
-4214,7813,2523,-13427,-5476,2962,-2258,-5435,5734,-11418,-13947,8836,-14297,15581,-13673,-11147,-14380,10013,-15919,-11755,11188,11000,-10098
16345,129,-4166,7092,5373,-5855,-15533,-7024,-3389,-15514,15059,-10524,-5192,-10830,-8349,-16252,2006,13197,-11335,-10644,-13224,2492,-3366
4993,-11972,6736,-2106,11538,-12786,-7340,-4114,14756,3927,1260,-6366,-11814,7952,15352,5416,13964,6511,11419,-4520,13402,-8365,10307
1679,-9064,-10037,-4262,-8758,-7558,3864,-5221,-7640,9067,3150,-11121,14588,9329,-10284,2704,-3875,12872,4541,-10581,-5981,5792,-10661
-4399,11782,-3562,-2785,6832,-9070,13376,5732,-4493,365,-5903,8391,-13762,1869,6690,-3928,1499,-16030,-10808,1975,-13873,387,12834
9642,13357,-12102,-11083,1655,-15674,14484,-3894,10724,-1890,11815,-5319,12199,-4700,8760,-666,10207,3274,-1045,-12665,-8653,-12999,8715
-8521,9614,-5462,9959,-11379,15781,-9558,-14731,5296,1874,-7245,-13884,11516,-12873,1121,-2941,14929,-1213,11834,12034,2346,-6979,4398
-10252,16081,-6530,-12485,-3288,5681,11345,-14845,-12442,11455,-2489,-2612,5029,4644,-2340,13014,-3094,-12328,-8077,-8230,-11962,4053,-10604
111,-8891,10036,15860,14034,-8371,-2040,-12268,16235,1610,-13602,12558,-4843,16192,-4749,-2095,9074,1841,-1970,5235,-5559,14731,11973
-6589,14269,-12787,6447,16373,-13461,-16178,-4271,6502,-7427,4361,9958,12303,-5417,3295,-11175,5009,-3431,-3472,1364,-15689,-14141,-6927
