40,
24,
-16097,-10166,-15472,7668,-10942,-11230,700,-3516,11262,2456,10639,-9137,8777,-10885,-8995,4068,2164,-4869,-15785,9902,-7314,15501,7344,10635
-12691,-13333,10722,131,1051,-6410,-3582,10714,-6142,-9615,-3648,-6023,15342,-901,-8664,-2474,-13814,8971,7088,15028,-8609,4138,-2560,-2767
10481,14342,1869,5070,2866,-11714,-10598,-9428,3737,14510,9905,-1456,-7408,6832,-102,9327,-10058,-4654,-4732,-3223,-9650,9472,6062,-123
-9311,-3929,-12110,-13448,7515,8181,-6031,5294,529,555,7312,2846,-16137,-8515,5785,-3029,-231,10361,2340,-4456,8833,14936,12479,11801
-15627,-12146,3278,637,-13483,5902,440,9446,15578,545,906,-11568,6672,1986,12300,12597,-8068,-8980,-3032,-15470,3275,-15299,-4831,-3062
12810,-4460,9157,-12045,-6793,14046,-4205,1002,14873,8606,1985,-10929,-1486,-15240,3746,-2732,-11707,-3516,10643,-14984,9615,-15082,5497,3288
5236,11295,8013,-16293,-8380,14125,-5687,523,5496,-12180,15011,318,-7805,-11572,7239,-2128,3312,8299,5430,-9814,-4600,10972,-14910,3550
11592,-14420,-7046,-15130,-13889,1112,5357,6837,8775,-14669,-11647,-9910,-11051,-15169,8698,1083,6184,11676,14603,-7423,6462,3353,-7724,3839
-4472,-3845,-10873,3088,-6932,14111,4855,1780,-11343,-12599,-9516,-8188,9070,-8871,-7131,11908,8729,-7918,-15896,-8885,-7466,-13144,-708,-13779
10176,1455,2052,8271,-1299,10752,-13215,14760,14573,12803,13485,10825,416,1523,4747,-13258,-9520,-11469,1052,10824,7538,151,3324,-10980
-2615,9615,15611,-15509,4975,-14863,10380,-4712,4657,8034,11866,5265,571,12973,-8602,-2579,-8949,-10096,7454,-6426,-13584,4462,8766,4883
6439,8296,-12050,12128,11575,-14554,-2380,7078,-3903,-5306,8574,13585,16317,-10380,-15592,-12563,7035,-2261,1929,10714,-1942,-16178,4732,-5489
9770,660,5793,7762,4779,-7239,-1939,10323,-13777,8758,421,-6854,12990,-12319,6974,-12686,-1749,-9399,-4638,213,-3140,6632,11427,-12586
10657,1215,-9095,2023,-15516,7224,7261,4592,-6401,14349,7497,-6015,15675,15999,-13401,6781,-11455,-14670,11802,8914,-8409,15877,5501,4948
-5814,-6330,6906,-9598,-11495,3554,-11848,-1982,10978,7410,14920,12473,12478,-9243,-6708,5499,6144,6733,7721,-6783,-8766,-13638,14607,-13004
-7897,9588,9351,3466,7763,6824,1836,13254,-1077,15198,-3122,9429,3103,4714,-10837,13399,-90,-14510,16216,10549,13924,-11049,-12753,-4739
-6015,-12751,13861,-356,5035,13099,-15357,-5717,14801,7586,-5398,-4652,-4254,2159,3692,10362,-15357,6825,14377,-4410,-13808,12208,9442,-5574
-10797,-451,-12382,-7835,519,1855,11870,-1072,-6363,2021,5177,10226,-12826,10812,10555,-14801,9485,-12936,-7058,-9941,-9215,5787,1173,15745
12434,2439,-13469,13955,13359,-15781,-8847,-4883,9465,6228,-3122,6710,13091,15094,-13044,15659,12222,-8417,16132,-8450,-4058,12789,7833,4253
8138,-7958,388,-6809,-15408,1429,-6452,7266,-13087,10229,13668,-1622,-5100,-1240,-12783,15566,-6308,2507,-4819,2501,10236,-9951,677,-1207
14750,552,-2091,13356,1152,-10211,-15390,-2758,3847,-5284,-12835,-7593,11091,6089,-2221,13959,14819,10442,10118,5007,-4287,-5141,-4187,14541
-2517,-5547,-3844,1952,-7442,-13494,-10187,-9613,10728,5469,-2472,-12922,101,-10431,-10997,1163,5779,-10849,-1762,361,-10343,-4745,3664,-6296
8412,12365,-11736,11518,8891,-373,11663,-6585,8342,10895,-6272,-2432,9060,-5019,-13404,-7826,-10655,-13725,-2579,5907,13529,-2209,16015,-8980
128,15337,13905,-16236,2104,-5197,10217,12489,-10894,2782,-5080,-2127,-2461,14647,6696,1572,2297,-4763,-11487,4059,-6205,2390,-8269,12559
10235,7621,-8224,-14097,4475,-3467,-16069,-7247,-3068,-660,9921,-16376,3286,-421,1242,-3306,-1524,7506,-7334,4313,-9324,6135,-13379,11201
-4762,7340,-9584,2102,-1472,-6919,-5439,-41,-8912,-2095,5877,5720,-6281,5524,-5859,-10310,-4582,12862,-11561,-6769,2502,-2105,-1827,16246
11910,13963,-14616,4390,11142,11550,-5016,7792,15358,5543,-13877,-2147,14683,-8874,11854,-8008,-14946,1477,4546,15608,9191,-8050,-7402,1957
13007,3407,2096,-7947,-11213,-10527,7591,2732,7184,8343,-7375,1127,-14370,4732,-7305,348,10959,-2167,8023,-2792,-9725,-13807,-3392,-1512
2378,-14911,-14543,-12259,3791,-2115,-4089,14532,4271,-12602,6744,-14635,8119,-4642,-8050,-10830,-2437,-780,-7002,4027,2292,-14409,5342,-12346
12996,-14339,-3554,-5550,354,12371,3747,15868,-14669,-2481,12591,635,-15487,16305,-16050,-8144,-9936,7936,11708,-6676,10199,-11241,9213,922
-11713,-974,10665,-597,-13688,1858,16181,11743,43,-295,10126,-15531,-14601,-490,12876,3954,-2054,13808,-2976,10001,15377,-3963,5554,-15639
-15358,15052,-6600,15024,-13252,-10518,-7541,-4971,1067,1225,8217,4787,-1746,-103,-1653,-3190,-12579,-8185,15479,-1050,2419,-13365,-2601,-5259
7820,-5948,-6281,800,9495,-9760,-3255,13707,2485,12214,13922,10939,-9661,-15138,8917,-15160,-5263,-15367,-4864,-6741,2276,-4202,14261,10812
9288,-8138,-13135,-4143,-2803,1253,10432,-13602,10209,3198,-3959,5162,-12447,-11808,10066,-6571,8259,-5834,7062,-1193,-13008,-5021,-10983,7766
3900,7136,-2940,-11634,12721,15607,-1686,-5173,9358,10868,4591,12714,-7843,2236,-11162,-14780,-7929,2517,15925,-1715,10047,-4585,3363,-11756
-1013,1009,-16324,-5151,-705,10215,7434,-1691,12766,9467,9564,-1695,3893,-15714,-9933,-5799,14229,1482,1008,-738,11048,14560,-13517,-1539
-14459,-13485,2239,4910,8618,446,-9792,11224,-12127,-9223,8228,-9613,7530,728,9234,-9923,-2346,15715,2132,8891,966,-551,1928,13378
12369,-7355,16341,-1628,-7403,-10228,-11731,927,7217,12705,8192,14676,10891,-10707,5101,-2609,-8361,12383,-2072,712,4318,-10160,-14073,-9632
12112,-3156,2337,-15355,2206,864,3459,560,-3128,8141,14646,-4527,-14426,-15913,-1674,5139,-6127,-95,-2741,-9862,13699,3635,455,6966
-13418,16221,-12300,-29,-3830,15966,-7765,-4454,8717,-9324,9662,7742,-2785,9633,-7421,12987,-2372,11303,3749,-4544,4991,-9727,-9517,-14881
