40,
25,
-13052,11991,-1794,-8871,-14825,-1092,-13255,11046,14164,-15881,11128,9818,-8925,-2516,15768,-15912,14428,654,143,8616,-7442,16039,6828,-331,-88
-7358,-15222,2975,14609,-10544,-13802,-7429,7189,6884,-7062,-15106,-435,-11974,-279,-12774,1772,-10699,4169,-1480,15271,-15886,15280,-5522,11327,-9821
-11621,928,-1627,13646,-2789,15075,-11299,5138,-3249,-15369,-12214,-1853,15141,-4729,1899,-3684,-1540,-3035,7357,1959,-15271,5797,-2740,11991,4837
-16147,-1062,-3041,-7876,10089,-9052,-3809,-4297,-4923,-6870,-2814,8496,11199,-11881,-3646,-3259,9563,-13071,-12168,-3579,-6173,13089,9194,10952,10073
3477,3246,-5696,11630,-11333,2563,8001,-10271,-11542,-6480,7504,-5017,10966,4571,2312,-6228,4196,-7309,-5651,1714,-12134,-2674,9464,289,-3069
-10044,10981,-3228,3013,1112,10528,-15185,9618,-7419,11899,-6862,8860,5414,-13167,5918,4083,-4324,1012,-3752,6475,-752,-5883,11252,1858,-10173
-4739,5873,-2835,-8123,8433,1514,1110,7781,-2601,-14507,-458,-10140,-3783,14347,-12403,8955,1278,-331,1639,9432,8863,-9061,1142,-9455,9279
-3586,7956,-14330,-15713,8193,1489,12256,-3434,-14684,7593,16308,9220,-2072,-602,-4290,14977,-15402,-8481,-497,-8094,6907,15009,-5521,6381,-13853
16014,-10227,6688,6677,-14743,3239,4121,10342,4055,13634,-3184,16347,8112,12489,-9867,829,-6558,9422,6241,-13190,-10975,-13762,10863,7680,-1351
-3085,-11213,-14129,-2787,11870,-2072,2343,-9433,11134,-13586,4309,-4227,-6284,-5210,-9048,4345,10864,-8196,-9988,-4902,-11510,9271,-10237,-4035,2036
3912,4163,4017,5789,-6738,-7189,13936,-8570,1751,1475,6786,15765,-15265,-1313,7461,-13235,9828,13297,-708,-7061,11060,12866,-7249,-10207,8294
-6456,16205,-11217,-15426,12391,2675,-1295,-8754,-11980,7554,12025,12666,12229,5408,-12194,9881,481,-10593,-14906,13117,-13447,-5067,-4848,723,14114
6256,-8769,6520,-3721,9379,9416,12847,6850,-2055,-14544,4706,-12267,-7212,12958,-6766,-11589,-10514,-3831,-12139,-15177,2517,-6617,-8064,-14496,-12557
4282,6582,-7240,13227,2864,-4828,11693,24,10097,14489,2141,810,1024,-3341,1673,-9143,3772,-16011,-9833,11128,7969,6837,8299,5083,-8852
-15545,-7169,-9473,-4701,-9752,1835,-9931,-3316,-9901,8637,-4346,14174,-2156,-4327,-13781,9238,-3232,3261,13334,-5585,9939,15589,-13702,-5282,-7579
11468,-2715,13313,6535,-12166,-14113,-4104,-4271,10804,6167,-12094,-7201,10233,15269,11783,-15818,14380,9102,635,-10990,-8205,-15128,8658,-9675,7464
8834,-12106,7374,-7859,-6403,-9062,-6495,12602,-13072,-5539,-3221,-8548,15884,-659,-2649,9335,-5903,-6131,8283,-2245,2012,-11924,-10751,15622,12256
4365,-8272,-1796,-16160,8711,-9680,-11290,-5767,-14225,12995,4052,4791,3522,56,-15999,-9821,8426,-8060,-2412,12121,-11144,2766,7937,15297,-6582
-7755,-2484,-3558,-13733,2588,11825,-7931,-1850,2535,-6284,-10328,7525,8204,-10653,-9313,8842,-5247,-16089,-15511,6277,8337,-6207,-3709,3976,10180
10451,11922,-6397,-12662,11117,-5597,-5273,5962,-13502,15372,168,-2777,5937,-9861,-2079,11726,3633,10655,-3695,10557,9287,3531,-13411,-1412,12850
-10508,-3630,2726,2448,11285,-3586,9540,-10585,-12199,-1443,12327,4883,1621,1728,2460,-9500,8361,-996,3283,12601,-2835,-5188,-9590,-1668,9327
-7913,-2998,-560,-13346,7796,14574,-11635,8613,12205,-3051,-8990,-3696,-5752,-15323,-11335,3655,7299,11127,592,-15592,8722,2755,-10477,5394,-14980
5483,-3426,8561,-12494,-10323,5918,7572,14407,1353,-5881,16249,-2727,-4507,9760,-3791,6108,13145,-5277,6456,3462,-13012,-12540,696,-941,9521
-1772,-3844,7645,-2891,864,-9108,4565,7252,-14504,-9134,-463,6075,14018,-9573,15275,-10577,-15820,9520,-15488,-13628,-10399,310,-961,-10159,-1376
4651,12751,-10757,12362,6577,8069,-12501,2314,-11064,3027,-14646,-15032,-15498,14592,-952,-14584,9635,-9113,11674,-11569,-6029,-11415,714,-8630,14954
-7463,749,-8100,-1788,-4344,-2878,-6202,-5500,-10482,-13370,7548,3914,5766,6933,-10854,15106,-5110,-251,-6584,-15093,12688,-14644,-13762,8997,14041
-10300,-10328,10123,-4597,-9424,9840,-8693,3781,3867,3444,4700,-12185,2297,2236,-9493,-4589,-8235,-3632,-6530,12189,-14187,8827,10559,16121,-14169
14136,2825,-3039,450,-11141,13414,2084,13941,14151,4114,-5288,11690,-11075,7973,4239,4118,1890,6114,-8905,-15540,11586,5128,-1736,14805,12887
-14896,12521,-2740,12071,-2480,-8359,4886,2131,-11895,-3548,5630,15258,-12332,-8670,-6245,-15946,-766,-2790,-5096,-1800,9404,4938,10558,1616,-6871
12923,-5415,-13359,-10415,-6013,-5866,1929,6398,-14603,-2112,14373,-1370,-4196,13120,-2615,-9297,2244,-13447,-9125,-11103,-5418,-10867,-8267,11802,-4618
-3641,15024,-13882,-12380,105,13224,-14541,9812,-12119,-14578,-7051,8469,15955,14679,-2576,-13775,7794,13388,-10693,-811,-10241,-53,-7968,-106,9776
-2341,8180,9395,-9573,-8524,-14626,1157,9360,13029,-13538,-5476,-2994,-1115,-3259,841,4341,8103,-11193,-2273,-6014,11148,-5764,3799,4437,-13864
-171,1784,-3564,-3229,-10803,-14184,-5238,7189,-283,-14209,-3884,-12031,-4724,-15724,-6316,4685,-9911,10819,-5283,-5988,-9972,8027,-10299,9329,13674
16267,10739,-5128,-15780,-290,-7647,-8619,6073,15908,5359,10439,-5722,-8405,-1717,7026,7720,11714,5922,5571,13124,7781,-14545,14676,5877,-722
10355,-4861,-12695,-16160,5488,-15150,6808,-16085,-9129,-13220,5444,-513,-5148,11892,13949,-15757,-1764,6046,-11919,5084,11948,-3345,4944,-15406,-1857
12688,-12793,648,7661,-1142,6540,4332,-4032,-3106,-4133,-2831,-4826,8610,848,-11580,968,136,13971,-12001,6700,10722,5323,478,1118,8605
6543,-11754,4090,15698,8223,-12285,-7144,14834,13089,8482,14694,8462,-6205,6644,14202,-4812,15841,-9503,13307,-4857,-6988,-9687,10682,-14932,-1759
12160,-9313,7042,-9579,-10786,-9174,7572,-13145,-11421,-13487,-3336,-2125,-9461,7615,-10764,-8042,-349,-11314,-11618,-7479,-5433,2636,-11374,-5868,-3953
120,-15707,10339,-14565,13115,-8822,657,15715,7053,2847,-5610,3384,8644,-13823,738,5010,6050,-5771,-8873,-2625,7912,-7148,7228,-3227,10870
7217,10248,3866,-8228,15207,-7762,-15511,7634,7237,-9230,-13801,2354,4029,1374,12115,-14956,-5185,9588,10574,13418,-9218,-16032,-5800,-12424,10581
