40,
26,
410,-2843,-15809,888,-1188,13682,-13183,6763,14945,13294,-15095,4660,-11361,-11764,-10806,11441,-4022,-4119,6181,2187,-9790,5679,16307,-685,13803,15783
-1101,-4742,14757,-10160,-15925,-12825,-12046,2418,-3487,-354,8652,-13549,-14823,-8838,-4292,-16253,12592,4833,13316,16053,7763,-14652,13165,6410,13604,4579
7857,-14152,4930,6751,10751,7811,-4546,9812,-11935,4286,2132,914,-14858,-3944,-8308,-10376,-11404,14836,13489,14274,4966,-4727,6415,-4876,-4760,15190
-2442,11347,-3923,-15419,913,628,-10498,8500,-9516,20,398,3998,13802,1509,-5368,12264,-3234,-2260,-10367,6533,12451,-6736,-7983,1002,-13513,-9264
10915,5329,-6040,-10762,-2667,-27,3313,1819,-5201,9531,5483,7826,-12673,-14489,13703,-3220,6727,8848,3267,16285,16379,-10294,-2248,15463,-5325,8303
15386,15702,13052,5708,7755,4063,-4016,-1093,8780,2820,2710,-12079,14169,6580,-7560,13049,-3646,-6140,-8917,-3718,-12722,10367,7965,-1728,-13330,-6629
-3208,7447,16219,-13355,209,3919,-1444,7312,6974,-8527,-1199,-12810,10781,11797,-14866,2552,-5932,2832,10002,-3055,-13817,-138,4844,5058,-5245,16336
-11848,-3078,4670,-6724,3461,1123,-8542,-15841,-8324,2848,15278,-4715,10397,-12078,-2818,12406,-1874,14225,-9152,15275,-12507,-5673,3804,-11674,1422,7659
1500,6309,-11016,10770,-10738,9841,16006,8411,-1462,-7143,-3587,4898,-5144,5616,12732,8630,2188,-5206,13476,-1874,11476,-11940,12357,-3640,-14349,-4142
10664,-12660,5776,4520,1647,-15719,12457,1943,6279,3355,-15227,14117,-14214,11199,-9836,-11812,11200,3583,11610,12788,-738,13107,14080,-13532,-121,-12644
12872,-8437,2484,-11320,-8907,14937,7116,-12461,8633,14454,4581,7113,-5791,11227,10048,-16194,-3574,12110,-6045,1876,5486,11566,2284,665,-2174,-14605
-4057,-8300,-8750,-3035,3036,1398,-4879,9769,12672,-14401,-13535,-10703,-4554,4455,-3272,-9821,14764,14660,6577,-308,-2075,7300,-4725,8211,8232,-5608
13469,7478,7455,15059,-14475,7827,1910,10572,5217,-14516,-14401,15218,1791,-13340,-13363,-5546,7777,-5703,-7089,-7288,-14115,2003,6593,-13094,-2606,4880
-7103,-14615,-10158,-9658,-5118,-14324,-8136,-4522,-14811,-3996,-3073,-13951,13150,11034,11488,-6926,10940,-8245,-12235,6996,9374,-9354,6086,-15144,4178,-7025
12339,12015,-16111,6952,-13445,-9588,-5943,-11172,-15328,-7446,-14613,-5435,2718,991,5472,15119,9388,-1527,14160,-14140,12912,6111,9724,11258,-4886,-5347
2947,9304,-12987,14308,10303,1405,5042,1113,12004,-10876,-14492,-7742,-939,3921,1940,-9485,-12180,8943,-14334,-12167,2209,-3848,-2530,-2249,-1431,-11333
-92,14204,-3124,7961,2066,11291,-6751,1580,12576,6390,13530,-12768,-6792,-3196,-14287,-11679,-16095,-13451,-16168,-3648,15113,5807,7416,9271,-10875,906
13896,8864,-2220,-2068,7833,7670,-348,6490,-15570,-2764,5274,-2847,-10635,-5035,12565,15642,-11788,-14295,-15803,11090,-4424,-15054,12642,2951,-15540,2521
-14459,-6223,2849,4488,-7337,14713,13316,-13139,13102,-9389,-5924,3341,-13696,4255,10793,-10577,-16116,-7897,2294,7181,-2137,-7586,-7364,-11868,13388,12312
-13280,9963,3446,12244,-11192,13235,-3063,-6748,13027,-14720,-13192,11956,-1828,3543,-7515,8916,-7264,1364,13621,1457,-1243,-995,12805,-7299,-6360,-3374
-1535,-14399,6304,1377,7273,-2155,5746,-8976,-10455,12626,-15310,949,-16159,-9337,-5175,-11622,-3837,-5023,-15927,-8625,3670,5719,681,-2767,-15583,3229
2994,6110,-10205,-10696,-15830,-13313,9197,6046,-6109,-15127,-4260,-242,-13404,-9598,-3924,3407,3524,9549,-12325,-3234,6960,15306,6904,-4843,-7320,11112
9323,-7400,13864,-14984,2041,-5431,-3225,-9602,-11608,431,-8414,313,10336,9894,-13169,5227,-11388,-14651,-4408,-6240,999,5245,-9877,-3280,-14944,-1950
-11791,-6801,11776,-9192,10896,-15455,-10914,-7722,4836,-93,4056,2815,-9963,-8652,9101,-6621,-15079,12642,3786,-14755,-6008,206,14244,-13758,7214,-6492
-3948,-3373,-15900,-13739,-10660,10383,2167,7421,1637,12428,10215,420,8466,-5623,-8220,-13922,6408,13157,-3553,8548,1233,8812,15992,9752,12966,3538
-12637,-632,13106,-7953,12662,13417,7517,5336,-11631,6244,10274,9771,12485,8280,14506,1467,4707,-2295,16228,11560,-1794,-7615,-10219,5437,-12937,9774
-10637,-3511,-8516,-6090,-2663,-2199,2071,-8136,-8522,-5847,-1762,-3884,15430,2487,-15243,13721,4040,-195,-3835,-7535,-6028,993,-5899,-2552,-1647,1678
8791,-7493,13777,7457,11616,-11756,6430,-7092,6249,-9691,485,12556,-11475,10418,9452,-6045,1840,16025,1868,-1921,12037,-5196,-4130,15643,9392,216
14748,10995,1494,-1905,-9615,5548,8432,16181,7482,12106,-4818,12400,2150,10767,9559,13194,-4831,-7177,11172,5049,13222,8226,-9283,13422,-7476,83
-14169,14346,-1730,-16265,3501,-15429,-1445,-11791,3097,14907,-13968,10169,9115,1756,-13355,-1051,15723,13113,16355,4230,11023,-10090,10162,-3019,13426,8196
-12222,-6772,4258,15986,-3257,6815,4965,9060,-14487,15692,10613,7512,-3923,12651,12685,2794,-10884,16266,-13230,6235,-3624,2987,-7142,-10764,-11546,-2619
-13933,-14177,3466,13559,11695,102,8959,3441,-13163,8329,-10913,7581,242,-1090,-7302,10059,-308,-3663,4437,13581,-10980,-1482,-10143,8255,-8701,2033
-11625,2094,-14060,7004,11660,9344,7947,-5997,-5887,3120,-3071,-7487,12925,1996,11616,-4693,-12603,13059,-1420,-13723,-2234,-1807,-3104,15128,-6681,2596
8638,14539,4534,7253,-7177,-12310,-4118,11829,1802,5008,15854,5351,11017,-15340,-6613,-6867,-15348,-9827,10358,-10001,812,2340,6254,9424,-15268,-12768
-9176,8478,6964,16076,14331,11923,7434,-5206,13144,6775,-13943,10084,-5071,-10490,16324,-9595,-13149,12526,12798,-2114,14983,-11610,-427,-16108,1301,3609
-4529,-10827,-10832,-2924,6820,-2197,562,5105,-529,-12994,338,8343,-5464,8322,10889,170,-1359,-10011,-2918,-5448,11851,8069,-14395,8829,8200,-13592
15358,-4234,-1265,-237,10784,1435,-633,8969,6039,7477,-5195,7426,-14086,-4508,-7159,-1907,-11912,-4063,-13566,-6468,14129,-4557,12961,-15505,6185,-5432
-10841,1863,6844,30,9439,-4928,1920,14365,-8022,8687,14084,16335,8504,-11941,8730,-10436,-6828,-11684,-2255,3042,-4217,-12022,14434,3059,-3481,15498
-10496,6016,15757,13457,5624,15532,14277,11685,8360,-7548,2373,2567,6099,-7756,-8862,9291,5418,-15306,12260,-6387,-4920,11604,11404,101,-7669,10694
-3119,-5300,-14023,4478,-10436,1880,-4014,-8051,3257,14748,5679,-6770,8715,-9046,1165,3579,14650,2563,8917,13369,-2806,-11735,-8493,-8187,10845,11973
