40,
27,
8026,15106,-1103,-7539,1008,-6098,-2152,-7147,-3852,1712,-4134,8582,14353,16265,10227,1743,-4582,-16225,120,8633,14996,11214,10562,-4316,4762,13282,170
-10165,2669,-10126,5379,-8748,-5090,6216,3003,8177,1155,5172,-10787,3418,-3597,-12552,-8904,-9034,-1930,-5207,2172,-12270,-15991,-3960,15221,-1671,-6935,-5308
8539,13635,694,-8361,8744,-14841,-8591,11307,8376,-7909,6226,-1371,12025,-9377,669,2242,15043,-14356,14744,-377,10153,7124,-13855,4432,-6361,10843,5481
-4929,-8681,10614,-6252,-1248,16255,-5034,-13393,15182,-8533,590,4972,-6566,4416,-6778,3338,-4590,13875,5855,-5127,-4178,-7842,10669,4849,-4117,294,-13283
-8523,-372,489,-14946,-8719,-13406,-4079,-8940,-15490,-12657,-9604,-7458,10379,15679,-4411,7245,-345,-8249,-12807,-2338,12076,-9236,-13817,3756,5063,-8050,2170
-959,-4037,4504,-10924,-5013,-10086,-11075,10767,11964,6595,-16072,7157,-16137,4060,8635,-7532,11823,2964,-1505,-8395,2616,14233,-600,-7602,-12310,-5044,12388
-14281,-1074,-11098,-16329,15011,4960,-4625,-12636,-9646,2870,-9822,-4755,-826,10618,-10800,16038,660,7963,5836,10567,13692,-10341,-2336,-12319,4642,-15082,7453
6800,13303,348,4177,9356,-16171,14857,4615,-524,-8042,-9911,13102,-11252,15081,4604,13308,-11750,944,-257,-2826,957,12960,-5126,13555,15309,-10550,11336
6424,-5972,-10394,-14543,-12124,5669,-12182,-10927,4793,2750,10284,-12787,6029,-1261,6453,14677,-2415,2490,1427,-3968,14762,6244,5003,2133,-2096,-15276,-14969
7030,10805,-13725,9005,15698,-13302,7921,-15751,-10666,-2781,14077,-3788,-10243,5409,4565,5390,2192,138,11512,5379,-3006,-795,6320,8786,-3015,-15354,15952
14805,-14718,-11005,7486,15101,1258,349,-5010,1756,-11132,-4116,-14563,2039,15073,-12144,821,-8726,3040,-1425,-5284,-15977,-7448,12951,14040,-4269,2660,-2607
-5520,-15358,16101,1678,12959,12842,-7781,-8164,11628,-1737,-9231,461,14306,13058,10062,13718,-10890,4892,3063,-873,-3120,-13361,-1810,6376,-2231,-13606,10924
28,11297,4134,-933,5655,14783,-321,10826,-11480,12482,-5255,9668,-16258,-4511,-6382,13571,14658,-2601,-6504,-3743,-4396,-681,-16219,-10459,12931,12131,-6788
368,8617,-12512,11790,3828,-1440,1821,-10443,-11919,-14635,-15289,3904,3414,-4654,15158,6733,-1251,11079,4820,2781,5972,-888,1450,8096,4539,-10523,-14181
-500,7415,96,-7464,16110,-7964,-334,14693,-4302,5732,-8983,13642,909,-3777,9812,10130,8837,3975,-6357,-880,13076,9580,-13582,-15166,3607,-14125,2422
-594,-1503,-2590,9304,-7732,5638,-10162,-12495,-9455,9977,6537,-16001,-2437,-7261,-9999,6389,-13058,9785,-11294,-3559,12710,-5538,3644,-12743,-7458,-10880,16378
5421,2067,-499,-667,-5557,11159,5025,-2253,36,-1208,12660,8092,8652,10693,1563,-12814,6907,-15528,6891,-1277,-5459,-14297,-12032,16131,10709,14052,-2391
-13309,7800,-15655,6339,624,-3586,8100,11645,13600,-14655,-2364,6885,9412,12943,10388,-4575,13961,10792,5019,8652,14714,-10100,8389,9945,-4942,-9526,-10890
3638,-12759,-14676,6172,9665,-6671,1714,-2434,15295,-6038,-2992,11792,1431,-5087,-11853,5170,-8932,-10785,-646,12737,16326,-13011,7540,5472,11692,-10532,-14579
-1669,-8760,-11096,-13882,10040,-13599,15874,15796,-11522,-2459,-11432,2696,15087,4745,9526,-5439,7221,7226,-3252,-4658,15693,-11872,7762,-4074,-1209,-10174,8318
-2564,-13854,-470,-9767,13278,2969,11063,-5234,6289,8170,10137,7410,5121,14854,14976,5080,9565,-1433,-11149,15188,-25,3675,-16331,6672,2977,-11883,1422
-724,11094,-1122,10102,7642,10959,-16190,-7910,13624,-9372,-4388,6822,-14607,-8197,-12535,-14790,-8772,14040,-8181,15473,5284,4056,5476,8814,12635,10296,-9003
734,13981,-11203,-14070,10510,14970,-4583,480,-4220,13529,-350,13132,12313,4413,3148,10366,-11592,8853,13047,-15905,-10785,1855,448,13295,-3265,7977,7799
2912,9451,12266,4571,8566,16070,10467,13732,-3625,-13402,-4597,-9392,-12747,14929,-2983,-3869,14619,-5101,7401,-15244,4140,101,10972,5659,3893,-9181,16072
3703,2874,-7935,-6649,12846,-8619,-5211,-1496,9338,5617,-13117,-7921,1034,-5055,-4160,-6397,15493,12094,-7987,3249,9753,5540,9096,8699,13461,-4586,-11561
6366,-7072,8596,-9478,5566,11737,-6025,-12765,9811,-11905,13480,-7981,4194,2600,6776,5633,-4909,-9480,11854,-10258,9824,-12833,15854,14543,-2831,-2037,-8644
7660,15295,-4154,6072,1198,9422,-14651,3685,-8273,-10891,-7135,7678,-12427,1700,-13921,12679,-7750,-1543,5698,8589,8485,-5800,-3354,-14700,7166,234,-8198
5394,4599,-14703,11120,11935,8724,11240,-4952,-5349,100,3445,-10809,-4646,-6649,9988,-3937,12297,-7954,4157,2957,10961,16052,-1560,-12187,4125,14048,6390
3194,-662,3939,292,12468,16174,12307,-1734,15235,2998,13434,3288,5506,-4784,-3377,15118,-8252,-161,11942,-4571,15297,-4590,9365,-1470,-7591,1680,-15859
-9524,-5854,11778,-3199,2797,15478,-16171,-8606,-4655,12042,13630,-12321,3767,-12338,12702,-8805,-6450,-12098,-15320,-8560,10755,-5533,1223,-5642,-8694,10507,-597
13338,1873,8069,-11778,-4075,-9379,888,13890,-6127,2188,-4400,3199,10536,-6394,6179,123,-5105,-13381,8546,-2143,-8924,-8495,-15599,-7224,-11235,9413,-5764
13186,-1815,-8057,13901,15283,-10705,-2536,-5426,-15310,11106,-2312,-9560,7272,12610,15188,-9749,15148,15040,3536,-12362,4684,6738,-7027,-7293,9193,-10600,105
-6867,-13086,-13097,7990,2348,-1105,-4800,992,-15837,-14098,-8772,14460,15476,-10979,11386,-4520,8525,13833,-9053,11807,-12399,-1120,8831,14460,8811,-71,5412
-14905,-11807,-10719,1119,-10934,-9568,9747,1655,-6234,15714,15357,-9920,-11892,15308,-13204,2011,14306,8111,2446,-14825,-7692,-13040,-13443,-15409,9282,-11669,-11355
-5800,-2965,3088,15465,-7229,-1385,10672,15768,15339,4300,3384,5621,-3959,6271,4144,11988,-13334,13745,-13315,4875,8809,-3846,11329,11232,-13685,-10839,-15083
9987,6405,1749,-4920,15273,8492,14694,-10702,-12215,-14618,-3093,2934,-5559,10905,-5846,5490,12304,-9090,10672,-13304,-2371,13235,8246,11385,2656,3417,-14187
887,-15804,-10342,12569,11777,14842,8677,10666,-12931,-15950,-10199,-8640,8253,-10837,-16187,8181,-4468,-3789,14109,16039,14400,-11695,8011,13782,15995,-4563,14356
5210,-6384,-13729,3874,-705,1190,9194,14467,1074,-10582,-3305,13146,6244,13127,-2649,47,-11381,-14951,13226,-12809,-11218,864,-10465,5665,10275,-5258,-4921
15493,8923,-14596,-14727,199,-14165,9345,-11375,-12901,-9221,1276,-528,5260,-8567,15920,2982,3053,-12182,-13306,-4253,10923,13650,4198,-3289,-14600,9500,10353
-970,6376,-5363,8039,-3893,-1132,6267,6441,15161,-4041,-3820,-15710,99,-15174,-12055,-11632,13813,-6387,-7011,-6718,4661,5568,-13700,-2190,9929,12300,-13463
