40,
28,
5447,-6557,14839,-11038,8150,-8788,7287,13317,-1383,-12511,-10360,5762,9280,-14845,-5136,6667,11195,-14113,925,6362,-181,-4633,-11020,11499,-6220,10624,-10393,-2941
-15366,-15945,13725,-13464,2583,14071,-5488,-11191,-12279,-687,4549,2363,-9701,-2493,2535,-7646,-1439,14882,-3248,-12605,-12956,12086,-9486,2834,14352,935,3757,-9088
7010,6953,-5162,-546,-12985,-10408,10344,16305,-1506,4191,10452,-6334,4378,1703,-843,-15439,2705,9687,-16198,-6068,15467,4827,12957,-15234,8801,-12543,5790,11671
-10008,-15370,3394,-12500,5058,3824,2272,3586,4938,12790,-5810,-5786,867,-16121,6361,3652,-782,-8598,-10121,-6100,1149,-5670,10477,7694,-4826,13549,-2703,-13675
-6669,-981,-9684,-15569,13876,-4627,-12817,-8828,-2760,10856,-2614,3229,1040,4312,15966,-10588,-3404,-14332,-3447,-13333,-2177,1569,11508,2579,9730,11035,-12795,-4984
9553,-11579,-7752,-9924,-6415,-12040,12669,-6980,-10576,6412,-9962,7193,11141,-4169,7806,13421,-16094,6597,15505,10968,14263,8389,11819,-138,-2708,792,1351,-14896
10064,-11376,-2825,-13192,9896,9868,10832,14226,-14651,-3959,4333,3126,8403,-13959,9747,-2652,-12038,3735,11819,-14015,13358,7215,15813,-16050,13945,2250,-14944,-4296
2274,123,-9481,-3301,-4719,2297,1795,6627,-9582,-1535,15204,-7248,9244,8612,-9468,-11521,-15733,11945,-10970,9554,-2832,8333,-3818,14514,8438,-11582,12608,12944
-11878,6596,-9556,-13317,14378,13886,-3964,-15628,-7716,1406,-4072,9513,-4338,-6410,-6189,8039,2768,-15468,9303,5738,-14454,4016,-5889,11558,1569,8198,-9336,-273
-5360,15790,-13479,3118,-170,11618,-13887,-5507,4947,-193,-12740,3216,12454,-16130,-8327,-11911,11704,1815,14426,2487,-15671,-3862,590,-16155,-10012,10720,9784,166
2434,-2632,-3776,4760,12685,2309,6324,5175,6756,-6784,9028,7336,13323,15748,419,15881,13018,-4135,-6585,13919,-8086,6617,-8797,-5477,10922,-12348,11577,-11322
13528,-14500,13392,-13589,-8595,2144,-13554,-5950,-4168,5933,983,-6775,-9830,256,-6172,-2777,4816,-8277,6085,-13169,12625,8342,8363,147,2583,-14251,9933,-13502
7950,-14267,6830,-7745,15753,-9974,-631,4054,-5054,-8382,-15105,13515,-12040,4685,-3798,-2361,-1362,3903,-6518,-6749,4432,2025,15894,-9644,8200,-10126,2305,3968
5219,-6251,11257,-6398,5193,9350,-12318,-4087,7678,-3529,-7287,11239,4913,-4765,-10821,11636,-3539,-9566,15651,9545,10300,-12249,3416,-11542,-8847,-4189,3229,2511
-12047,-11817,16188,-4949,-15974,-8431,-14381,12378,14625,3903,14778,-9366,-11718,8698,6822,144,-6441,1167,3415,-16260,-1283,-7974,-7513,9520,-11169,6770,3234,-15981
-3211,-5292,12371,-1991,15001,-11834,2826,8195,870,-1601,-13815,-2214,-2208,7251,-6735,13686,-13793,-966,9093,-14210,-14517,-1815,-9714,13993,-8362,-4058,5921,-2617
-15385,-15889,10357,-9085,1032,-3591,-5097,-13215,-6452,-10846,-9105,-11629,11627,-15316,-2492,15331,12149,-3079,-11892,14852,15066,2750,1289,-2561,10725,-6286,12651,14892
-5361,-3406,-9105,-15546,3772,-11099,1415,14691,-7564,9815,-703,6575,845,2939,-1499,-2419,7809,5953,7065,-11547,8080,7274,-9603,14002,-11077,1411,-12264,8162
-2225,-15210,12006,-6210,11123,-1999,12426,-1418,7139,-15372,14346,3064,2504,4126,5202,-3004,6761,13286,3780,9924,-11297,10339,15237,5431,5087,-8806,868,-1565
521,-7919,1321,-15058,12342,-912,1266,10891,-12481,1498,-3697,11291,5288,-1371,-15727,2189,-11858,14103,8362,-15475,14892,-4362,-12113,2349,11265,-5183,5380,13864
-11043,-10926,-8767,-4271,-3747,4217,-4857,11394,-9911,12407,6200,-7542,6510,-12880,8586,-15142,8807,671,375,3436,7379,16305,-7315,-6652,-4639,12492,-1453,-12243
13557,7963,621,-16333,6017,1114,3504,2916,16036,-5711,-8683,7454,-3564,-10529,14653,8574,11932,-1,10424,14463,-88,15094,-5815,4375,-12445,-9359,-13028,-14918
-2531,-14744,-14194,10435,702,-14017,11568,-751,-11698,-14080,-2974,14498,3071,4352,5293,13017,8904,15253,-1582,11139,-3749,-577,-11683,-13377,-10768,16191,14947,6289
-14338,-8465,-8905,12193,-4189,11705,8814,-12038,-14170,-2672,7574,9504,-14983,-12189,1418,-6341,10184,810,9432,16252,10720,793,13820,10069,3431,-13166,-11300,1636
-8115,-8510,-7874,224,-13946,15120,5251,3117,-9125,6958,-15895,-2334,-11734,839,9133,1738,6063,-9665,9964,-15712,-5866,3988,1609,-6610,-15724,-1270,-14956,16354
-11552,-12044,16258,14406,-1807,-3920,5619,-944,-14031,2091,5030,-15188,14141,-12504,9861,11066,-12552,-13592,6997,15591,-9284,2660,1692,-15191,7606,-2418,-7770,12137
-3056,7014,14350,-8438,-5724,-11269,-5759,-3286,15367,-12714,-14632,-9930,-13794,14294,14935,-3204,14083,-300,-6625,-7040,273,-10842,-14218,10,445,5665,4824,126
15030,-4448,9984,-13858,-12542,-8634,4018,12703,10362,13478,-14740,7685,-14680,5333,-1714,-15134,4668,5730,-3667,-5824,-16370,7298,-9905,-12974,10869,12086,-5147,-5328
1168,-5000,2264,-8813,8385,9242,7109,-2562,-5165,-8952,2632,16131,-13816,6058,-5318,2219,-2955,2931,8338,13432,5123,6933,16241,-765,-12781,3606,-15711,12490
-6313,-8375,7302,-6475,-8321,-9341,-14342,-12832,11200,8973,4819,15025,11292,-11975,-8755,13691,1763,-7501,-12329,8961,-3978,-13681,-5969,13038,4643,8098,4551,-5277
1294,-11646,-15251,11997,494,-664,13879,14279,-10357,-10833,5422,-8748,-3849,10042,6521,9227,16306,1457,5852,3083,-1061,-6823,11282,-12391,16040,1043,-12886,8379
6240,3525,-11056,6490,-8174,2322,-14692,229,2761,-904,297,-3303,-16033,9922,-13338,-10835,4564,-12858,-12219,-11039,-14424,-11660,2829,-14315,8284,-12725,-7547,-5747
-2154,-1849,-12882,-11306,-1936,16304,9229,14858,-8043,8408,1137,-5559,9084,-3169,12116,-1325,2464,-9324,-13854,-389,13088,-2225,15817,7367,8203,3443,14728,-11589
-15605,-8964,3549,-4160,3748,7840,-4220,13570,-3151,-15007,9867,-5090,-2930,-6670,-13574,9119,469,16103,8457,5901,-16036,-3076,4021,-1435,15986,-887,-12546,-1812
6675,10721,-11083,529,-1991,-13793,-1690,-1759,16139,-6958,-1878,-13704,-12449,10149,7287,-14986,9626,7145,-9832,-9208,-6535,-10229,7723,3686,7023,3522,3477,-1220
-1178,-8762,-6440,13238,-4883,11715,-15078,5769,-12532,-7383,5869,1541,-1222,-9107,-4277,1287,-7998,15903,-16211,-568,14918,12832,13905,-4885,11256,7896,14395,-356
12645,12747,-4835,-3531,-9137,6177,-8418,4323,-1535,8962,12659,14379,-2127,1047,-8114,4245,-2519,-6778,-87,5661,10300,-3075,-8616,-10729,-16199,271,-5070,7891
6753,6798,14078,13385,-4839,-7725,-8910,-4686,7566,8285,5549,-3624,-8236,13938,-4214,6573,-1303,15824,-6526,-12189,1458,10695,6069,-13954,13092,-11351,-10941,-2389
12845,3911,-2260,-12217,9364,14522,3027,12239,15041,6808,12689,-3643,9439,7592,-13046,10965,-13239,14053,-6609,5559,-7991,6778,1275,-4279,5882,-15051,-9600,1192
9995,15561,8462,2032,2129,-9151,7757,14232,15076,14160,10080,3539,3457,957,-10526,-9101,-6792,-4913,-11291,11624,-2330,-11557,4486,-5542,3414,-2320,-13501,-999
