40,
29,
8022,7974,-10428,-2253,-2434,8331,-3044,14620,-9321,-8213,264,4644,-13553,14206,2794,-610,-11891,-11984,-6643,15709,5185,9676,-11982,-3176,-4977,-3243,11416,-2765,9942
-2521,-8734,5749,15694,15153,-5881,10490,-896,7660,12840,-15386,653,-2615,-13959,7787,-9591,9724,2748,1064,-13585,-9745,15358,-3900,11637,-14860,-1631,7848,9323,-13997
-8355,11515,-8313,-2299,12113,-12770,-5604,-13031,-5380,12571,-12558,12885,-15511,-5074,8532,-1199,-14828,12769,8433,-3699,8692,1576,-1986,-77,6640,13587,-13060,12445,3900
-4837,-7099,-11203,16148,14435,15503,-16323,-9503,-7863,-11526,1227,5131,-9034,-868,-15103,915,-3416,-9793,-13463,9053,4188,-8035,13150,11229,10463,2441,-5606,11543,7395
-5414,-11740,6939,-9551,-8588,-1599,-9714,-13301,9416,-15855,-12808,9963,-152,-11947,150,-12280,3823,11756,8766,-9140,-9495,-8056,-11696,-11220,-10980,5120,-12954,9454,-4996
770,-4140,2136,4868,-10377,15590,-3950,-1382,-2363,-3369,-339,-451,6950,16258,-4816,12328,-10267,-9978,4534,11113,-5921,-8151,-2138,3481,1561,10337,14234,-12711,8794
12735,-13997,10217,-1783,15011,-3502,-16172,-3094,-12215,12027,-9700,-15608,15589,-13745,-12814,3186,-7895,-13753,-13360,3809,10455,5,2223,-6674,-12596,4566,-8816,1149,7492
11965,-2545,-12711,5215,-7248,3295,-4942,5859,-3845,12632,-1660,10624,-398,-13253,8143,13182,719,-15617,-11707,5956,13432,10292,-12492,7606,-414,-13135,-10801,-6591,8430
12616,11440,15539,-10544,-15908,-13600,6177,-7366,-9833,14620,-11261,-6635,-12799,-2880,-8683,7414,7858,1594,14388,-12544,-408,-12649,-8639,-6821,8209,8219,8984,-10750,6304
10516,14401,5711,-9367,11593,2379,-7433,6491,2526,11584,14028,-9008,8666,-5718,-3322,-4894,15530,14063,-6297,-4028,-12754,-548,-10085,8697,16300,8803,-8176,8691,10315
-16177,-14517,-704,-6936,7225,-15254,-3626,4909,-6177,-8842,-13574,9013,-5873,5965,9641,-10486,9812,-15606,14105,2820,12077,1609,-2726,13005,3036,-3850,6336,11352,1799
15254,-8981,6208,3922,4519,14167,-1500,-14354,11080,-14602,5893,4182,-10908,-9224,-11005,9611,3928,15495,15347,9532,-2900,12382,-13445,-5014,1906,12819,15552,-8455,4229
-1017,-232,-11789,9312,-395,3812,-3858,3109,5363,-11260,15665,-12802,10765,3798,-15265,1796,-4578,-6573,-15877,4686,13783,3487,7028,-16287,1991,-3795,4515,-13242,-12706
-7435,2774,-9106,13329,3553,2008,-6001,-782,-15374,2234,14890,4018,-15786,-7827,5731,6891,11945,-15495,10069,8443,12214,6736,-3011,5087,2576,6543,-8557,-8410,3257
10645,-14132,3547,-4461,14685,-10205,12955,-12726,11001,6088,12280,8271,6434,-13531,11927,4190,-811,-10910,-1709,4527,-5334,-5198,-3833,-14507,-6306,3370,1992,12460,13023
4195,7653,5207,12281,-14712,-3634,-1556,-9794,10782,4720,-12867,11543,434,3603,-667,-9985,6851,-4199,-3996,7929,13561,3736,-1024,-15326,-2662,-16356,11989,-7762,-12974
4643,5161,-7598,-11574,-13822,12917,458,-12741,-11261,-10574,10503,-14091,10736,14885,8050,16069,-7998,9952,1290,13289,665,-161,8437,4377,-12816,16009,-1443,14416,-6240
236,-14023,8570,16334,16249,3244,-13490,-6154,3079,4546,-11572,7399,-3831,-5139,-253,2611,3672,5519,8768,-8302,13828,9030,5123,15610,2513,-3842,1218,9488,151
4448,6391,-8575,-14517,-13265,6521,14006,10147,15822,-8263,-12673,-12609,10718,-1582,8929,-10238,14501,12209,-6487,11075,6709,1200,1750,6001,-4219,-1435,-12922,1096,-7038
-3217,-10463,8117,-6795,12624,-11522,-137,-13296,10907,2580,-5919,-8284,-7341,-11092,-14085,-12772,2807,9002,6486,8283,-2710,-4304,9045,-1533,12028,-7640,-3157,-8451,-9
8605,-15315,-11357,-5176,-5517,-6771,-8954,-3215,-13617,-13966,10394,303,-1798,10088,2337,7734,-5532,15778,-11482,12502,12611,-7057,3033,7061,8187,4783,5736,-14729,-573
1828,7246,12734,10059,7740,-14942,997,-3885,-4993,-15020,-7787,-7046,-15349,7959,-8290,15606,7386,9065,12328,-3471,-13814,14255,862,-10359,12735,-11006,-9828,2677,-12718
-12355,-10965,-10452,-13627,11784,-3388,2472,15326,-6839,-3519,-9785,-6853,-5339,6604,-6801,-12607,-8451,3780,15413,2951,9562,13515,-15870,-7941,-10675,14644,-12697,5984,7759
-12178,-15639,11734,8684,-8468,-12656,12815,-10673,-13814,7025,-5095,13573,-13672,13859,710,-5016,-8630,-13829,-8587,12254,-9267,-12598,8986,-2016,-10172,13730,-4160,-5545,14462
16055,12845,-1575,-10484,14788,15276,-3666,15093,-4786,4862,-11104,-12035,-4526,12281,-8910,-2243,-15633,-11130,6154,3134,-269,-10929,3094,-15180,-9367,16079,-6552,2158,14665
-9541,5526,9355,-7416,-7901,7856,-2505,-5579,10069,11858,2014,-13053,-8130,542,-1373,-10065,5908,-2176,13261,13829,-11910,2417,8541,13000,-9633,3005,4206,9239,10613
1163,152,-13163,6877,-7587,7812,-10758,-3084,-6184,-3496,-13772,1071,-998,-11724,6881,6489,-2995,16341,1385,11242,1651,-7174,1420,-305,5307,-2935,5920,-856,-5811
9766,-7759,-1077,-14677,-2817,885,-13583,-5773,-1087,5448,-1672,12427,-9826,-250,15743,-12653,-11358,312,-3473,-15787,8976,-10338,8775,15615,-9795,-11141,-11920,-10277,-11609
13302,12580,12145,-1804,-14554,-11481,6651,-2182,11181,-9269,-6525,3646,-9382,13808,2587,-8046,-6045,12333,16029,13251,2299,2347,-7356,-8143,-3075,12398,-3240,-5863,-7346
-5777,16199,4680,12531,181,15493,2068,9386,-9533,12148,-11996,2235,1841,6379,-7633,-5622,5916,6590,-10744,3738,2858,-8876,7568,-11474,-10993,14398,-6645,12362,2823
-10991,10230,-3561,15820,-8229,-4362,-11775,10058,15598,-3800,-5942,-6805,-12427,-8802,11987,-4581,-1379,6556,7639,-3959,3490,-204,3046,-3004,5147,-11857,2984,576,-1605
13282,13541,2296,11238,-9540,-11537,8684,-8160,6424,-12902,4494,-5454,-15483,6683,-10022,12448,6063,14980,3530,7639,-152,-7046,-1482,-8056,-5309,-12904,507,-5316,5659
15304,16177,4892,-8171,-14224,11365,1549,15651,1001,45,-3956,-9292,-836,-3744,-15279,1365,-11876,13233,-3796,-12512,13353,-9565,-12620,2276,11956,-867,7972,-15237,-8145
4021,-2634,-7014,3548,-11656,4368,4590,2268,3113,-16126,12479,13323,10860,-3194,-11560,-15540,10822,14318,-8048,-12532,-8736,6086,15510,4083,-5173,-11770,-5509,2152,-15811
2148,-12265,475,7158,718,-6968,-11623,8415,-5778,2889,-8970,-8749,14406,15640,-11168,-15966,-4687,-6799,9672,-10065,1996,10637,-11616,-9363,8924,-4871,-13270,10338,1290
11521,-6417,-13593,-1720,-11864,14660,716,-5702,10900,7624,-218,5156,3065,1790,-7504,-7970,-10780,-9247,-10609,4189,8063,-14601,-9464,-12364,-680,-4853,-5564,2927,3932
-11957,-1991,12966,591,3723,10484,1681,-8882,10696,-5906,12941,12054,3762,9475,13133,-4408,-648,11256,-3614,766,13838,5504,-6704,-1174,-15405,8935,11987,-8134,-16205
5509,14406,-5000,12008,-11769,7723,4996,7894,16222,11456,-4241,-12237,2738,4040,-2315,6455,-10826,7802,-13828,8076,-2943,13677,-1664,9592,-13348,12008,-815,15654,-14189
3452,1616,-15257,7872,9710,6280,-8970,2296,-16086,-4539,-3864,1028,-6517,1399,7285,13058,8466,8310,-6470,11321,9217,1547,9414,1761,-9139,13263,-14778,-6063,-8882
-1234,-6115,12811,13840,9498,-12917,8432,16010,-12315,4466,12844,-14567,7825,744,3755,-13528,10388,-9004,-16208,-15918,11407,10103,-13567,4494,-3126,16253,-5457,-4542,10095
