40,
30,
-16105,14507,16214,-1276,-16292,8316,2203,-8017,-847,14613,-8285,8218,-5956,-10649,-3502,-8514,607,8813,1178,-8782,9892,12095,-15808,14336,-6378,11818,6901,-15718,-10622,13939
6720,14605,-1679,16054,-4431,5633,-5284,13187,-10919,4602,12914,16057,-9680,-1848,-7134,13658,1841,-5013,-13257,10774,799,-12620,2200,9769,-14458,793,9933,-9157,4930,9725
1144,-16237,-8383,-4370,11252,-6511,7107,6125,2467,1350,5170,7880,-15688,-893,-11923,8306,5941,5280,-3828,7004,697,14396,12511,-3283,-12477,8089,-3602,11189,-16024,-8399
-6842,11964,11132,-14925,-12053,15959,10129,-4244,1194,5129,-15625,-12908,9145,2453,1386,-13209,-14490,-14731,4909,-14200,-14075,15507,13294,6479,1438,-16273,13019,-16011,-11256,-14158
4747,-12527,15094,12109,-8968,6035,1467,1138,6128,-643,-4579,-3577,9622,-2583,-8952,5171,7948,3063,-11280,11942,-10967,-7842,8730,6428,15588,-7229,-8413,-15316,3846,5283
-11630,-15507,-2823,-13382,2404,-4337,16103,-413,-6090,4750,1071,-5406,1107,12351,-5346,-7509,15273,-15286,12257,-11064,4881,5788,9860,6276,-8057,12747,-14865,14724,-98,12512
7093,-11857,1252,-4115,3404,-13118,5533,-11218,-9906,469,2110,4573,1498,9398,-5852,1497,-6772,11077,6854,6610,5690,-1143,-12445,-15686,5589,16207,-11533,-13631,6122,-13545
12853,8723,-8053,4245,-3514,9666,16158,4968,-11643,4115,5142,-46,4275,-14936,-7441,6416,11869,-12628,-9402,15920,12552,-5887,10081,16369,-10552,14820,903,53,-3838,13046
-3294,6401,-8353,16032,16357,11967,-10560,-16126,14066,7566,8570,-14061,-3994,7414,12953,-13993,-14377,-15182,-15080,3737,15265,5076,6252,-11011,2521,-1447,-11703,7674,-10856,-6966
-7168,10127,5182,-4536,7436,-14283,-8833,8874,7046,-6149,2488,-12633,11202,14086,-13312,-2599,-14562,-10381,6365,12389,5279,-12537,6241,-10992,-10458,-12896,1502,-522,36,-520
5594,-7195,11917,6817,9707,-7124,-2426,13077,1856,-15938,-3011,6971,11640,-4051,-566,14794,-13973,-2798,-16092,7197,3862,-11324,10526,-10918,-13817,2126,11908,-11858,-6446,-7612
-12775,7076,5250,-13184,-11353,-3610,-1410,13478,-15398,-6085,-16273,798,6869,1326,1788,-11307,11031,-13223,-8181,-15224,10778,-11903,-7638,11941,15762,6537,-14489,11170,2353,14332
-4658,11990,-12234,-14325,11263,13189,-13902,2317,4975,-13926,-5757,2702,-13401,14545,7210,480,-2942,-4401,6438,-7362,-4729,13054,12672,-15804,-6155,34,4178,-5451,-8012,8918
-9737,11058,-14379,15311,-10149,5911,-10577,-9551,-8790,9812,9390,5825,15296,-776,-15140,11753,-9510,3192,-6392,10654,10353,3799,4579,10398,-5095,-10224,-16006,-462,-10290,-677
16091,3426,2229,-6435,13281,-8152,13766,14561,-699,10520,13998,15860,-13899,690,-12068,-2212,11616,-8403,-11200,1846,-10970,1231,8168,11482,-7556,2640,-13304,-1485,-4359,-4324
-536,-6820,-12836,3480,-16231,15951,1584,12558,-1868,14359,-9455,1162,-9190,10956,9371,14333,6284,2731,10018,5373,-15672,12812,-999,7477,-8865,-2593,-4654,-13794,-3855,-11933
14025,10548,-4770,11380,-15844,414,9222,-6556,5005,-5752,-15681,-3414,-15372,16007,2089,4328,-6461,-3534,3506,-2808,13508,-2682,10117,-13166,-13915,-12204,2926,13967,-13126,2000
-6115,13076,-9978,3178,-7624,5844,13414,-11089,8194,9034,15690,10322,-1440,10138,-9343,14027,16203,7880,13221,-4745,-6604,13225,5422,-9791,1634,498,10734,2485,4277,15134
3432,-1893,-2464,-9690,-14630,-11296,-440,1347,-6931,-11399,10658,15170,-8329,-13364,11448,11403,-14988,7014,8677,12770,11364,7618,2572,-1296,-2092,15800,-4078,5226,9178,-494
5382,7743,-1136,2686,10346,-15837,-12420,8274,-12737,-1263,924,-7259,-12192,12883,12427,15881,7566,-11682,4624,14426,6137,-14170,-11236,-15509,-4905,-2569,-4386,-3236,-8142,-12335
-2580,7162,14552,13677,-2082,-3731,-1443,-7643,-14270,-13952,-3792,-14554,-6679,-492,5166,-14136,13727,-14293,-6719,-15852,3930,16063,-6476,-2768,-2462,-8994,-11259,2705,10649,-7458
10970,13436,801,16134,-1559,369,-1543,11603,-6942,10351,-7090,10831,-4335,12253,6173,-4251,-15275,-4379,-10719,-7055,5322,9817,-8461,5255,-2503,868,444,15824,5585,3456
7832,-9735,-15739,8678,-1953,107,13139,-163,4165,-23,-7320,6270,-4880,-1779,3558,-3366,3698,-12062,-2952,-10818,-1865,9956,9659,-1135,11864,-6878,3931,-6820,-2412,-9088
-13298,7821,14361,13674,5423,8269,2374,16305,-2343,1692,-15256,-10159,8089,-6321,-15901,2364,7133,10729,-15666,15683,-4487,12225,117,-11368,-679,15726,-14619,-12583,-10969,13468
14526,9920,-6495,-15187,413,-11748,7146,-6005,-2606,6881,1345,-6989,2567,11640,5354,-12945,8331,-8763,720,-1270,12870,-7671,4355,14563,2342,3150,12947,5154,4252,14388
15951,-2939,14787,10876,7400,9689,8267,-208,6467,-15228,8480,11981,4482,-14093,13620,-12489,2250,-3021,14918,14013,797,-11212,-1025,3320,-15486,-13679,-3963,-4271,5851,-15211
3740,-1542,-2847,8824,-10065,8037,-5611,-10339,-10592,4502,-11339,-7274,-11379,-14893,-739,-13791,-555,2889,-9196,-663,-16157,-5264,-3177,4191,8769,-15591,3141,-2256,13858,16374
10772,-3064,9286,13938,-14815,7132,-7541,-11005,10513,-4266,-10079,-16,-14220,6879,-3905,-5381,-12722,10085,-14696,-7162,2558,-8069,1540,15669,-8396,12006,-5105,8760,-13175,5284
6013,-2229,9607,11297,-4555,-13015,651,-5134,12091,6951,-5731,4036,-1419,-5426,-5342,-14580,-15392,4772,7228,6809,-2243,2586,4162,14125,16308,-16118,14908,3677,-16228,6264
-14463,-13871,551,9521,10790,4250,-6409,14085,3169,7171,-13999,-8827,6964,-9238,14799,9075,14231,6164,7566,-16008,3232,12402,-7879,-7069,-6042,-3801,13190,6266,-13206,7248
6466,7804,-10166,10512,13167,4171,2230,-11007,10729,-7263,-9540,-15130,13782,-9162,-16132,-15163,-15763,-8569,-12032,8563,-11578,-15867,5297,-12037,-8112,7721,-3419,-586,3381,3306
12394,-12200,10806,9011,-7949,-10849,7259,-9137,11337,13597,-10925,14826,2722,2100,771,12192,5077,-9563,-13932,3275,-11571,-12361,-4118,13498,3373,-12050,12415,13516,10571,-9888
-4923,-11422,-15958,-15348,-10556,-12542,658,-8,15719,4188,-11998,-3952,-8872,8436,-8869,-14726,-9239,7143,15708,11424,3464,-15382,-2527,-10627,7539,-9045,13017,4198,-8288,-13302
3605,-12885,2664,12280,13901,-13686,-3949,6325,-3227,11415,11253,-9593,12241,9207,3129,-13376,2542,-9832,-11823,-16065,-7197,12462,15891,15975,12895,-9090,5810,-3257,5306,10312
1651,10459,6856,6127,15263,3904,2796,-13474,-1883,-1922,-2384,6833,-10634,-11037,-9197,16175,1220,13591,-4912,9534,-12525,11399,13565,14251,-863,8787,-7183,16188,-5350,-11276
7222,-7417,-13205,-7366,16196,908,-12606,-4981,2776,11384,15224,13070,-14476,-303,-13976,4755,-4347,-3240,-254,8001,13136,8370,-9936,-13700,-7301,-3722,-2723,4937,4342,-1050
6033,2986,5087,-10535,15132,5648,-9372,-3042,8369,15065,-5621,-15912,6833,-15455,-8102,11117,-4222,431,-587,13478,-11984,-5068,3979,-13929,13340,-5729,10240,-9763,4273,7481
-2294,202,4574,-4565,14687,-8736,-5845,-10560,-13534,4743,-11630,-8004,10319,11027,-6544,1269,-13752,12181,11769,10483,11230,-1464,-13154,-2292,10259,-3345,-3124,11503,-13110,8325
-8117,-14294,6886,-3894,-15248,-10037,-3224,2168,-9697,9012,-1649,-3451,-10936,15128,-6587,2239,603,-1497,-4370,6998,-524,-281,-14511,1288,8002,4192,-9131,5387,-6448,8364
-15140,7229,-11591,-8823,4388,12341,10284,11239,10612,-3693,-8807,15674,1493,13734,-3175,754,-11827,12181,9418,3879,14481,4378,4031,2435,-2819,-9553,-7975,7117,-3741,6748
