40,
31,
3440,-2586,5172,12544,-7314,4115,6861,-1328,15209,-6773,-746,10392,-6672,13191,12959,-13051,-7717,-16151,-2284,10012,4530,3017,2759,-12519,-10328,-13916,4684,209,-5456,2161,1579
13850,9907,1131,-9668,-9377,-1222,3564,-12274,15592,-5756,12565,13200,8814,14597,-9508,-4536,5065,-12164,-2790,-16089,10312,-8073,6406,6194,-2429,4219,-16366,14278,3668,3231,-167
-4741,-748,5117,2827,-11723,-4622,10204,-9768,-7615,3329,14379,-329,7975,9873,-8991,5054,-2753,-5664,-10050,-4540,1247,15405,9855,12382,15479,-1179,-7249,-7633,-7833,10644,-2980
949,11839,-4944,2355,-5388,11363,-7604,12780,16231,-5234,566,3773,-8775,-3045,-388,-13172,-9717,-1057,15464,7176,6370,6769,-5292,-10811,-14461,15516,2081,-4586,-16169,15080,-14532
10468,-3818,15508,-1100,-12544,-11337,-4324,3419,16357,10131,-4352,12247,16198,-12535,-15933,-8800,6775,15204,-191,-9893,-15073,-5741,114,10772,-6145,-9001,2353,13366,15942,-7987,11477
5289,-8408,7618,-943,-5228,3224,10033,-9756,-10913,12861,3518,12095,15272,-2659,-2545,14509,-13035,-7574,4006,16238,14245,5455,-16217,-8841,3696,-10243,2005,-813,-16259,15938,-15757
-10875,-11571,-683,10354,5587,6521,11680,-11254,13415,5475,416,10232,-7421,-10311,3014,-5667,7510,-5756,14393,-4173,15339,8027,-8456,12573,14469,-3354,8530,2138,-15270,-11989,15909
-13616,-1738,9897,-7137,9854,-9330,15835,13678,15028,-10068,-10609,-15479,6432,-4120,-14420,12228,13582,-3575,7863,-14754,7639,-2581,-8929,3459,-1263,-2165,13298,11856,-1563,6483,3973
-13811,-9241,521,2108,-3121,6467,-10502,3461,-3116,-10395,-4201,5786,-16056,-16095,9919,1352,7223,10152,-4710,950,7827,10252,-4841,-8732,2289,-3917,-14750,9008,837,2176,-13547
13416,-3857,-13321,9982,-15865,-12474,-10576,-22,9219,10695,11453,6882,10921,430,3744,-812,3071,-3798,-7895,-16236,-2888,-13438,6875,7044,-3735,8628,5523,-15983,3265,-13616,-9178
4185,5263,-1865,2366,1288,-14450,7715,-1789,11992,11971,-3653,-3026,-14619,11279,-8111,-16221,-3271,-3445,201,-5959,2542,-9332,4518,-1963,4854,9058,14922,7357,5889,11488,-5621
-8859,782,-9924,15269,-14111,4083,-2350,15638,-7220,14014,-10274,4893,14608,9123,7667,6115,-173,-4545,-10080,12606,15118,-5339,8663,1340,4129,-9743,7742,-9417,-4642,-13910,5327
3265,9153,-13510,3232,7424,15714,-8869,-1379,11114,6087,268,5045,13063,-4144,2600,9783,14826,10570,12566,1888,-544,-3345,9738,7674,-9240,15580,3106,-6393,-13377,9976,-12845
13495,9758,-5372,9113,4440,5164,13723,4921,-15038,-5411,13738,2431,-6904,12508,-1077,13591,-14503,-2975,-8706,9555,14813,-13753,-14678,13324,-7389,-2805,7947,98,-1723,-6183,6073
-15805,5848,4039,8302,497,-15508,-9538,13309,9949,-14005,-15923,-7862,-68,-8152,10996,-5366,13611,-700,-5235,-15247,-12234,-4468,-46,3049,-6765,-672,-4976,-8689,-337,-5249,-15974
11346,-383,5496,-10181,-11023,6474,15760,1137,-6920,-13081,5658,-10176,5313,-9317,6253,-3973,0,-6937,-5339,16327,-7058,-3937,-14924,-2634,-4260,-10073,2944,-13859,-15485,15464,10064
-5372,11303,2412,-7857,-2787,12585,-6696,14902,-3692,7458,8603,10260,9953,-10973,-16076,14544,12006,-11077,502,2005,3834,3279,-6212,-9235,-1861,13314,15553,770,-10655,-4981,3172
-6208,15240,7531,-14449,-4807,-1349,1241,9289,10572,2295,-6047,6340,-12950,-9674,-7473,-14226,-5041,10948,-2126,5275,-14830,-14743,4801,1945,6436,-5099,14280,4762,-676,-7347,10412
7669,1205,-1814,8764,-4712,-4460,2517,-13339,4865,4657,13003,9876,9195,-8531,11778,-8893,-14685,-7622,3199,-9620,10064,-5377,-13676,6747,4213,-8951,-7015,-6300,6508,-12383,-13138
6849,13283,-4802,-1995,12672,10490,8921,-16375,-1193,-11223,11462,-10556,14481,5865,5692,11167,-14963,9542,-2004,4030,-653,-6410,-1522,7638,3321,-1299,-11547,7612,-7507,15087,487
-7752,-7023,-12184,9318,5842,-2713,10637,10399,10971,-8481,-11425,-10985,11692,15028,-14614,-3084,-2882,-9653,-16074,2308,13541,5887,115,-1999,6829,-15103,13059,-4335,12818,-1110,15362
-1964,-14661,1310,13893,-9785,-6896,-4252,506,6484,-11693,5764,8484,3275,-11549,6492,12045,-7434,-444,-3254,-15768,5000,3299,-1599,-13175,11799,-11864,-13960,12533,7565,2661,-10578
7218,325,12210,10335,-14444,4452,6292,-2610,-6194,-7771,2861,1750,7011,-12976,614,-4831,173,-12826,2275,-10085,-1365,-8393,-4934,2334,-10636,-10811,-7935,-699,15183,1548,-3277
-8109,-6719,-8269,9756,15492,-9476,8010,-3568,-10037,-11485,-5263,12774,-7264,-2666,-14339,7144,6309,-13172,-3765,-14248,-6402,3690,4053,-13355,-13011,2738,-316,-3554,-124,-1449,-9196
-6521,5297,-7450,14331,-248,10221,1865,13343,-15044,-14662,-15624,8091,-13331,1266,10325,-13819,-2098,-14299,-13342,11677,7366,-12342,7151,-11788,-6281,-1898,8164,7306,-525,-11750,6137
12101,13445,-7305,-4374,10786,-882,3931,2348,253,11342,-1296,2265,-14015,3971,-14990,1998,-15093,-14865,-16202,-14095,12572,-7109,14407,12587,-9771,1029,-12218,6506,-13564,-12233,5782
9860,4148,3999,-12438,6846,460,-4761,-1358,10426,5154,716,6248,15316,13705,8353,-671,-9313,4770,4959,8260,-12412,12471,13156,-6911,5510,-11378,-12406,16363,-10357,15977,13471
8710,-612,-13410,-14479,12718,-6836,10147,10745,-1399,13300,-11933,6541,-11317,797,-14402,-7531,4152,12399,16086,8052,-10431,-7198,-7608,15375,-14070,-3511,-3560,-11457,7733,-3668,8431
-2653,-5567,6664,-10814,-2857,6095,-699,9806,11715,-11980,4998,10808,8792,240,2424,8574,13365,-7535,4242,15107,1150,-14200,-12656,8907,5569,-2985,-5078,150,-9988,-10818,6669
7331,2027,-14795,6288,-10392,14763,-9302,-9686,16257,1451,1652,-1104,-14982,5527,13454,-16026,-1816,-15730,-14729,7994,-1833,15117,4510,-4464,11431,733,-5655,2384,12528,13023,-15237
-13331,-3196,-14497,1497,13883,13556,-9733,-7207,-698,-4395,-14357,-9695,-1198,4753,-10013,-311,6574,-11726,7826,-2065,11645,-15692,699,4443,12388,-6027,-16026,-5944,5118,-14036,11560
-333,-4086,-4573,5847,-9351,9721,-15878,-8906,-15623,-7946,12502,7900,-14188,12399,8887,-4965,2775,409,15031,2159,-617,15774,11860,-3733,-1666,11504,7506,14592,3557,-353,-5387
-6842,13248,-1657,-4575,3060,1723,-11870,13857,3672,12899,-15385,-6521,-103,-9229,4747,9152,-7646,-150,-10006,10775,8177,-5718,2512,6678,-8539,8553,-8857,-669,-5612,15621,202
-13301,-7006,15456,12490,-8318,-15941,-11271,-15259,3426,3636,-6077,-2526,9234,-7226,10201,5923,-10207,12595,-5792,-8146,-10517,-14137,-14986,2192,6575,6975,12090,-1839,16349,-16175,6812
-10122,-2274,11075,-383,11766,-6940,7004,6334,-11800,-13540,973,-5141,-990,-2269,-6949,14614,9619,5468,4489,-1375,14402,-9211,9741,5655,2511,-15976,11433,-4427,-4250,-469,2262
-6863,16103,-1766,-9337,-8630,14310,-12701,14860,-15042,-9841,9171,-5564,-4578,-6614,-13076,58,16228,12990,13106,749,3974,-4062,-15676,-12483,821,-11482,-13510,7265,6043,12965,-5332
-4791,11410,4933,-4217,-6320,6003,-731,-673,-14664,7772,7230,1240,-14212,2234,-11708,-11183,-4224,-1114,16027,-2280,5371,-11322,-5891,3256,-10954,10638,8926,-3569,8475,-8948,8216
-1759,10260,13612,14624,15930,15202,-3626,-7484,8123,3374,10424,9775,-12515,-8160,5137,-10447,8692,-7017,-11985,-10298,-10770,-15873,5078,3372,2549,10525,1383,11033,-8593,8136,-10436
-511,13735,16065,-11614,-2348,-13177,4895,-15357,-1171,-1344,11005,13397,5155,-2563,-2238,-335,-5078,-1215,-7123,3078,-8973,12100,-654,7343,-1549,3960,939,13133,-9837,2037,-10892
11440,9025,-12504,4566,-4207,-3255,6943,-7646,9253,-15479,-13174,-11252,-8642,7053,3101,10298,-11019,8020,2729,7538,-5861,-13349,-7702,7989,5369,-11955,-10453,9312,-7233,1829,-2190
