40,
32,
5944,14756,14592,9845,5383,-15647,14214,10623,-12789,11381,5812,-9137,12218,-16046,-10417,-5474,6687,-12228,-9310,-12121,-3386,8114,-10765,10945,-10657,14651,-12388,-279,-5133,2980,5848,4891
7271,4458,5324,-14363,-6927,-13572,-7825,4480,-6231,-268,8271,-6473,-10329,489,-11708,13058,3542,10926,-2833,-3703,-14680,12254,-3620,-6076,6299,16288,5197,15151,-9785,2428,6213,-14479
11165,15126,-4094,-11141,-13616,-5669,-5645,11555,6363,12895,-5279,7322,15155,2584,-4588,11853,7999,11980,14313,7365,11221,10716,-1138,-4749,-2427,-6424,-6826,-15424,-10046,1941,15720,-14526
14116,2408,-13399,1086,-14137,-7086,7209,12393,12741,-6669,6572,-8015,-12687,-13528,-2639,12937,9458,-5262,-1014,16233,57,-3843,-9078,-9665,7502,-12249,8333,-12394,-1611,-14053,-5086,5935
-12492,-15972,-11665,-9310,13037,-15964,-11151,7498,15278,1996,13046,10207,-4238,-5516,-10919,16306,8277,9651,-11075,10133,6675,11302,-8966,7137,7879,-5583,3603,-14765,-6554,2402,-1416,-13190
-12531,9083,-14326,-10265,-13290,1395,4720,-15111,8686,-9468,15161,-8731,-13650,-15675,4152,11640,-7528,10943,10587,2683,1612,11856,-8361,-15542,9535,4570,-11245,2122,1726,7790,2868,-7376
-12581,-8679,9317,15364,2262,-8291,11537,8089,-5157,14196,298,-14025,824,5200,-1079,-14708,661,-11799,-475,2975,13128,14487,7369,14572,2848,12375,7961,4321,2879,-13527,13680,-15110
-9106,4039,-14855,-15555,-13376,2663,12818,592,-12562,-11528,2365,-14782,-4094,-539,3065,1304,-16159,-3779,-15433,4059,-8239,-712,-6638,9428,15340,-3728,-10315,5655,10357,-7224,11080,-6324
11507,-5799,11535,-731,-3747,-1948,-14687,-5238,9494,3980,6272,-7530,-12714,-11730,10162,-7718,-663,-7124,-4478,-5449,-9737,12952,-9677,3321,-3139,-13077,8287,1275,-6883,-14916,4071,-13972
10416,-214,-7082,3006,13346,-3470,-5546,-1631,7559,-11573,-8558,15413,10631,10565,-7556,8275,175,-12255,8027,-3430,12871,-14737,-604,-1133,14626,-14371,-9709,516,-12106,7537,9512,16180
-7524,-14179,11899,-2470,-9061,4940,-15629,9397,-13707,15075,-2939,5149,-3973,2183,10041,-6751,2278,5458,14467,-1924,-8610,11852,-4462,2491,10807,-4145,-9334,10457,3749,16297,-13341,355
-6251,-12871,-2680,7699,-5494,-1507,-1528,862,-6291,7722,11225,6043,14218,13087,-466,-4781,-9224,15956,-12449,14331,11162,-1499,-1307,-13560,15937,-2537,-8967,-11350,6798,8663,-4701,16068
-3012,-6058,10316,-5349,11321,4798,-2811,-9215,14066,6788,5764,2109,10932,-6211,2396,-5256,-3746,-14701,-10435,-14132,-14530,198,9798,15118,-1096,-10203,9390,-1602,-4281,4423,3698,11598
7007,-13395,-15565,-14987,-8510,4219,-6463,-3311,-14187,10882,10962,5159,-8811,16229,-12905,-4071,-7972,-4519,3393,2154,-16094,-1403,4976,7428,-5099,-13696,-2330,14385,-8764,12216,9710,6491
3716,-10195,14313,-4532,9977,-6681,6083,-7113,13411,13245,8437,-1015,9502,13037,-8053,2435,-12105,-386,-6583,13540,14736,4316,13389,6680,89,5571,8244,2403,12676,11006,-12491,6050
1866,1838,-13042,9864,4029,1445,-2057,-13046,11354,13169,6336,15987,14518,11637,-10892,7682,-9153,-721,2632,-9814,8937,-5896,-10384,-4167,-15141,-7913,4231,-7534,-13254,-10884,2872,-11775
14271,-16046,-9048,-601,-12279,-3237,-12209,14229,683,901,-8005,-9021,-6264,3006,10321,-15158,7260,-12105,-7410,7935,-3452,-1969,-9745,-14601,-8326,8383,-13105,-3849,-9226,-12739,-4687,-7935
-741,-12188,-12558,-7731,10262,14672,-2024,-12905,-9517,-14687,-13661,-10879,-8079,-2932,-1155,15060,12043,-11772,-2772,4005,-3609,-13312,3767,3694,11171,-11717,-4669,1372,-14843,-10292,-4027,12015
14058,2513,-15409,9447,7297,-16132,-8682,15691,-3769,-9121,9483,-8345,10919,2394,14838,14481,10916,-14832,15611,-8506,2504,-3208,-14004,-4491,6177,-4563,-15090,-1050,5273,15604,1713,5139
13279,-12607,12054,3600,5880,-3297,-3431,102,-3631,4121,13087,12036,-2403,6919,9991,13913,1337,-12303,-14005,-12386,1991,2036,-2868,-6747,-1956,9888,-14428,12306,-8067,8874,5691,-16266
-1764,6222,4399,381,-2755,14476,-6724,-3390,74,-8417,-10542,-4286,-13361,-10836,-485,-2824,10181,-11272,5578,-9713,-5237,16158,-15548,-4505,5565,5471,-1528,-3093,3300,-15245,-13711,10333
13971,-5562,-4743,2151,-1640,-8703,-11096,15035,4423,13614,12912,14720,-7955,-16285,-5946,-7621,3667,15650,-8701,1913,2803,14438,-2534,-3975,-3836,8791,-15275,-3071,12585,-12575,-5917,-3941
7035,1339,14903,-7901,414,-1310,-10666,6480,-15657,9954,15105,14928,6339,1299,7522,-7995,-617,6265,2369,-6674,-11111,-4107,14463,2556,15850,11725,11722,-2698,-1158,-13587,-1275,-6901
9802,2941,-595,14522,-782,16024,-11260,-15663,-2264,-15034,-15759,-1421,2383,-2565,8751,13310,-13951,583,-13418,13860,-14542,4617,2994,9807,-6364,-9034,-1358,14203,-13849,10900,-11519,-13237
15339,5736,-723,2378,7773,-8079,-8656,-2956,-13330,-5311,-8413,-15486,1289,-1622,612,-5412,-1217,14683,-10980,5683,-9020,3572,-1294,1504,4782,14530,12198,2492,-8498,-1648,7096,5170
-8830,-7870,6553,464,16380,7594,-14399,6144,7390,7715,-11343,-6746,-15288,13736,4307,341,-11469,-1030,-11859,-602,4636,-12132,12229,1934,-1687,-12207,-13151,11289,-8424,5930,12028,-7355
14312,15939,-2098,-7690,14849,2003,3189,-14162,506,887,-5540,2941,7202,15755,-7069,4920,10985,-117,-8767,6546,13522,2373,-12071,-15227,-5441,-6075,1989,-4888,13579,16107,9287,10425
-13450,4560,-5734,-15460,-1636,-8632,10356,6238,9994,-13305,-12193,-11857,10598,-16186,-12169,6108,-6380,6136,4740,-3894,-11878,7595,10196,6145,-6608,-12528,5340,-4721,9841,8552,12254,-6622
1089,2501,-15118,-13588,10687,-94,9297,11334,1412,2144,5687,-13281,-1347,-7780,5129,11568,7787,-2275,-2022,-8255,-4519,-3214,12754,-12958,7809,-2514,3307,2329,-15187,10268,3688,3545
-3056,1971,-4697,15672,1062,-13456,9271,-5042,-4763,-10907,8773,-9075,5361,8809,395,-13562,-6948,9162,1345,15327,8381,-11130,-4022,-10610,-14005,14065,-3590,7741,-531,4546,10442,14803
2789,8755,15195,15209,12785,10952,10859,8829,963,-13473,9388,-7731,8846,-1162,-8846,15778,7737,7871,-8006,9770,-20,-13053,-3841,-9077,-1772,-9864,-11573,-12653,1729,-7292,-9816,-6213
-513,-5614,3136,-668,7686,-5159,-3351,2035,9838,-9029,-10107,-14398,-9455,13676,-16366,11891,16224,13535,-1240,-7651,-14871,15400,-10956,-15553,14733,-10645,-7231,-8463,5505,10705,-15124,-14655
6407,-6472,-352,7520,-1424,8669,11532,-16297,2958,-7829,7212,-8792,8875,-10824,7769,14939,-767,12746,13955,-14528,6838,-2566,-6632,-641,-5460,14122,492,-2057,-15143,-7799,-5991,-6186
1644,452,-10770,-13408,-12199,-8623,2671,-6139,-3379,-13874,-11001,10638,-3790,-13439,-14132,-14413,-417,-4750,-12916,-3001,-15270,-8556,-15945,-12172,12476,-2924,-2995,11467,4732,746,-16124,-6293
-6681,-1982,-2638,-12390,-4668,-8918,-9744,-8625,3360,-3858,-566,16064,11250,-2000,3943,2664,1987,-7849,3143,-13747,-601,10410,2344,2340,3542,-10810,8998,-7827,9986,13835,-4691,-15308
-2761,-6863,-5147,-14050,14270,-9490,12389,10397,14875,9655,915,1673,-2065,-5861,-8864,11825,-7180,-1486,-8712,9082,3097,4036,-1640,-9440,537,3799,11484,-5219,-7792,12587,-8630,7964
10329,-8750,-4342,-7337,15661,-14089,10364,-14067,-5860,3026,-692,-10943,-6246,-1497,3306,8883,226,-4964,-6116,-9611,11030,7463,-8452,14990,13235,-3058,5300,-51,-6341,6135,10031,-6848
10737,-66,3164,-10441,12816,12224,-10920,-2478,-16245,15449,-2759,-9588,3283,15333,-2540,-6752,-6885,14842,13728,-5547,16273,5536,221,-2669,-8240,7570,-14109,3000,-14629,8861,15142,11555
10253,-14460,-4573,939,15596,8250,13333,15099,3644,-13194,-15434,10283,6320,-14397,5199,6597,7742,-5983,582,12293,956,10492,-1648,12748,3903,-15852,-1636,-4681,-11284,9515,-5371,-6743
12942,-13881,744,6109,-173,1947,-14042,-16134,8798,4551,855,3539,5500,-4613,-5546,10788,-6012,2587,13528,6261,6687,13465,3751,-16329,-13955,10834,15184,-14377,-15968,12336,6021,-8880
