40,
33,
-3236,3293,16349,3138,1704,-2068,4936,-15900,14001,-8362,-2657,-7483,-6815,4461,738,16059,-8930,-10832,-3713,2351,-10860,12280,7625,-13449,-9633,3506,710,-684,2214,-15404,-11215,13022,-8735
-12307,-14386,2285,-14484,-5152,4953,1886,-2574,-10912,-1094,14957,2954,1423,11752,-15715,13405,5851,-5684,15725,5880,-4974,-16167,-13478,-4631,9675,6139,-11519,15485,-2184,15685,-2048,-15128,9182
14301,-2311,9562,2425,-14462,-4184,-9004,-15532,12431,-3954,-7579,16160,-15318,-1269,-11067,4525,-11581,-13007,12404,-8626,10794,6060,727,-11329,-88,16177,-2883,-6948,4056,-258,-12774,2392,-8786
5927,-955,-9921,-1360,7215,10694,-3788,-6956,-1528,-750,7359,387,6066,9015,16200,-7504,-3,5095,3550,-14422,-12858,-11432,2933,44,10620,2734,3636,-15118,-10167,5628,-15476,4428,-210
5820,-10235,-3023,2885,-9935,2090,-10147,8576,15210,5317,-10860,-14679,-14300,1642,4310,9336,14655,-15083,11581,-13321,13960,-6603,-6112,-6572,-8129,-14507,1161,7214,-7322,11625,-15931,-7157,2579
11198,4179,-2006,-9745,10435,-8190,-8,-5245,13683,-3932,5538,13333,9566,1700,-11242,-10036,10745,-2311,-15533,-1714,-7173,-13056,6111,7300,1585,-4280,-10624,12255,-10430,-2033,-6313,-12950,10670
9576,-16043,2683,-3522,7811,1229,8761,11679,474,-2697,-14718,-3367,-14571,4684,3210,11526,-10793,2927,-2281,21,-11643,4509,6519,-12833,-12548,-4107,3088,14953,3225,456,13152,-14908,6770
6000,13449,-12563,9748,11067,-4850,-2358,-14662,-11253,-7132,-4474,-3423,6606,-4529,-12345,3187,15823,15008,15849,-74,-9873,-7091,-4980,-14317,10021,13361,-7534,-9831,-14229,-11040,5285,11317,12993
-9094,4809,-14647,3824,-110,4043,-13853,-15382,13601,-10073,-591,-4758,-15385,-6080,7925,11780,756,-11831,12336,-2878,11205,-9220,-2578,14716,15493,15210,6667,7046,-6093,11683,2282,-1585,-825
-10814,1156,-16007,-8784,5021,-5537,-5386,9009,-12339,5203,-14209,-3160,-9800,13711,12195,-8401,-5674,13448,13354,4388,-13568,-14580,-15776,-5278,-6140,7621,-7187,-11792,-14415,4390,-14644,15360,6614
-405,1859,10912,11999,865,9592,-8412,6744,-4379,-13912,8873,-12067,-14284,10566,11058,8690,-5255,14831,16091,-1538,-3570,-14699,10312,-793,889,-6497,5522,8505,-4063,-5105,11986,-12898,6142
-2639,6860,7788,8523,11039,-16050,10679,2178,-10952,13700,-6180,-7292,-11648,7732,-9977,-10133,-15096,-1502,6385,-9440,-10371,-14721,-960,14886,-6328,-6485,-9753,6139,-9423,-15372,16241,859,8000
3006,-7344,-6627,-5931,-15177,14303,-8236,11537,9276,15334,-12483,6005,-10290,4892,-5435,2429,-11284,-5105,3409,10651,-1067,11987,-6256,4839,-4820,-9620,14480,-15663,-5260,-7038,-7140,-14839,-8091
-5847,-11639,7527,11611,22,4448,2670,12717,7699,16354,-6163,-7617,-7000,-15941,-15873,2907,-7633,-11982,10043,-9820,2168,-14676,11053,3825,-8398,14994,4918,11629,10158,3231,-7636,-2525,-6331
-8883,-13659,-6306,10259,-5785,-9266,1088,-2627,-14021,410,2470,-4949,13558,-8656,-5834,6982,-2497,-4779,-8259,14465,-2564,14454,13500,-990,680,-8665,13710,-10245,1823,-12926,2137,-8471,-453
5269,4405,3425,15268,-4435,6524,-9376,-9763,11536,-3125,-9990,-6144,7826,-11119,-1969,-3354,6980,-2643,-3283,3083,-3029,-780,-14344,-14260,14268,2692,14589,-12738,7599,15408,-15822,-11843,14076
-11116,4150,16338,-10799,-4147,-15496,-8148,15430,-1682,-214,-6967,12762,8661,1459,-2665,-5457,961,-13669,-1791,9121,7098,6387,-13367,-14591,-10457,6468,2281,15569,9719,-11799,3997,-712,13168
-5185,5005,-4130,16317,3259,16154,7906,-636,-10181,-12381,14481,1296,-14256,-9150,-7406,-743,-8420,-2324,-11554,-7199,-15393,12339,-11146,-11443,-10606,-9623,3361,-13374,-4709,14640,-4668,9193,1801
12498,10820,5541,895,-6673,-4357,-6855,-14682,5589,12325,14058,7558,4624,-14542,-6944,3434,3282,-1948,-16001,-5225,-14154,-59,9571,-5789,-14569,4562,-13260,13044,-2781,9605,-101,-10282,-7687
6929,-8676,-11278,9254,3319,1794,509,-4141,-387,11963,-13417,2941,10246,6657,5417,78,-10140,-5521,-4105,4215,-14985,-1879,-3783,5951,-1875,-18,12289,-11214,3516,2,-14392,-3937,8348
15399,2350,8328,10398,5743,-12896,4851,-29,-1239,13550,-11679,-12899,-6114,-4584,-13546,-6340,-5027,16263,9667,1964,5588,-12223,7777,13841,-7388,15661,11727,-4817,4353,-11446,-3158,-4222,15554
-16307,-1771,10330,2090,-9610,-9770,-9774,-13906,9279,1722,2458,-13342,-13822,-15340,-16365,6474,12938,-410,12278,-305,6563,-2640,-12311,-15567,8227,10558,3069,-10197,12691,5586,-11365,-11533,7542
7598,-2804,11834,10703,12795,6403,-8518,-12282,3033,-11824,10194,11512,3841,-1815,-4750,6861,-8840,-13409,11725,-11265,1048,8613,13720,-7567,10836,-10654,11396,-9655,16371,15943,4827,-11933,-611
6464,-1721,8748,13916,-13960,11505,-12032,11412,1032,9532,-7713,-10595,12747,-3234,2709,-1141,-15032,-6260,3084,-11381,13957,7660,-8960,4541,-8246,15370,-1205,-10351,-9455,-559,7620,-713,6628
3343,6377,15106,-6477,-7721,-10909,15583,6720,9230,-7039,8086,3256,-5314,7708,9838,-543,13386,9710,-3179,7144,2588,3810,-6309,341,-3776,7660,-14636,-1827,-10113,-12310,-7906,-10505,-15729
11437,1458,11635,-15261,12415,8833,10193,-13453,14408,-6917,3253,14742,-2318,-472,-13333,-3469,11085,-14077,-16298,15854,9584,-12108,10123,-8654,5873,-3575,8703,11010,-5225,13,-15066,6452,1067
7074,3328,15763,-2569,9387,-15311,-6482,-5549,-9666,-7230,10041,-8161,206,-12972,7921,10478,3886,-7948,4734,-535,10583,-7780,15839,-16299,2343,-12493,-5541,-9743,16132,-938,15940,10308,-11707
11450,11271,-11570,9193,-9678,-8191,14286,-354,11985,6002,4915,-6355,8022,10372,-5795,11541,7266,-10045,-12668,13351,15020,-15423,8389,-11366,5515,-12404,13227,-1488,12888,7317,-6858,5983,8744
-12317,10903,414,9510,8316,6105,-942,-8076,11438,8779,16248,-14581,-2529,-9547,5174,-12480,-10825,11230,-9435,-10905,7467,12593,-14493,2984,9780,-5170,2633,12009,2825,-6942,4592,3362,6980
-3965,2805,15068,15841,-12235,8702,4715,8046,-10886,-894,13928,-10507,-16195,12028,4941,-3785,7471,15005,-7938,7615,-14149,-13523,-8038,-2240,-11447,-8865,-3529,-8355,-12464,-6246,1161,7438,-12811
-58,-2772,-3690,7539,13490,-7326,-1162,-10175,3793,6572,14173,701,2935,10102,2701,4175,452,13276,4004,8071,-16236,6571,7526,-1425,2177,15493,11598,11868,-7915,8791,-6644,-6209,9214
15939,3303,-1601,-16343,7632,5746,-4972,-7371,-2686,-5274,-11695,15542,-14618,-4560,-1426,9146,-7493,15025,5207,12268,-847,3566,656,2056,12488,-6822,-11007,12695,9129,-2134,289,4817,15744
6513,12879,-10338,1794,-4450,10729,-4978,14663,15417,2489,-12748,-127,-12756,-5051,-2920,-4027,16313,-12854,-8026,4260,-4296,10544,-5428,15437,14704,-15275,2161,4900,7590,-11204,-2305,-11830,-3534
10867,14530,-14687,-14651,10707,12574,-3376,2671,-2162,-2738,8505,-4287,384,-9098,6711,2675,-7599,4568,-13475,7679,11468,-9409,-4083,-12003,15870,-8320,12554,-4455,-2490,-15922,11215,7390,-435
-7289,-2497,269,-10660,8696,2413,11989,-1091,-2368,11701,11410,7670,-11712,-12218,-3361,-10825,-9441,-12694,2669,-10752,2635,9845,9165,-9671,-12705,13554,-2409,-153,2800,-795,-169,7554,11067
7355,-1870,-14239,9011,-9570,11472,-6689,1715,8422,-13340,11293,899,-2300,-6390,9516,-11121,14875,6960,-9919,12935,-565,-975,-10243,-1016,-13383,7495,1523,1764,-14816,-16110,-12070,-3814,13011
231,14753,-15544,10392,787,14490,-10240,11734,11964,12222,10389,14535,-5479,-16242,299,-3868,-857,5711,5948,12973,-14562,-554,15047,-11049,-9278,6304,8800,10491,13732,-3732,-12838,546,-78
-2809,-3118,10596,13621,10163,9023,-16269,6122,-12234,-6114,-2602,12246,-11939,6951,-6978,-4931,-9345,-6725,-13494,13547,-3492,-4486,-5241,-13097,3652,-9327,-11946,13455,-9831,2822,12116,-2788,-3506
14980,-39,-3775,-8280,-10866,16341,-2062,6951,6673,-12911,-13562,-8477,-6939,-12750,2568,-5506,-6955,9934,-2391,8154,-2595,-10353,14319,3488,-1617,15515,10479,11475,11640,-7446,-5996,-16259,13821
-10660,4790,16058,-472,-6295,-6836,8185,2092,-13874,-8769,-1099,5303,-7756,-9528,-1868,12955,8414,-14944,-6682,-11914,3888,-6364,-12085,10374,-16117,-2162,2175,4225,11,12199,-1825,-6359,10333
