40,
34,
-12633,169,9162,6094,13633,10182,13177,6348,-13718,-6821,10647,-7190,-6096,1925,6898,-1117,-10071,4625,-7043,15701,880,-4437,6083,-8056,-12672,9432,11216,14783,-1373,12051,-3611,-12382,-5567,15322
12638,4019,9617,16378,5613,-9292,-10198,-1073,13298,-14420,14313,2614,15512,-563,423,-6251,15992,8369,4717,-3798,-13997,10669,-9214,-9356,-5284,-9809,-11432,-981,11144,-15726,-9618,15880,-14268,-11542
-11155,13981,-2704,-13062,10666,-11024,7655,3379,-3842,10182,6322,6181,8228,2419,14964,50,10203,160,-12531,-12295,-10416,4637,2666,12014,-87,-707,11882,-602,-2853,-13277,-1895,542,-12700,-6545
-4954,-6033,-12826,7003,-9080,9767,13687,-1762,-6463,-329,7209,8729,-757,-9580,245,-13857,4062,13555,9844,-12853,12994,11854,-14814,-11058,1161,750,12013,10572,7775,12563,6960,-13691,11217,8941
-7597,4869,-4574,-15787,14742,-2718,-6991,-4955,12259,9845,9610,-2525,-13516,5624,9097,-3621,-9573,-6356,-13955,-2533,-9377,13495,-10885,-14809,1014,-8592,-6741,4988,9125,7481,-2259,-3431,-3214,7770
-3128,-15996,7199,110,-941,8618,-6509,12988,10689,1256,2329,2554,-4697,13719,-16263,13450,3959,11678,-9850,15382,12838,-14411,13497,9307,5761,-12583,-14551,7298,-3153,11021,-11738,10930,-1951,-2032
15898,-1275,-14845,-15679,-1702,-2685,12441,1069,7207,2765,2879,5664,-2742,-16136,11340,7429,4536,2035,-8060,-14795,6532,411,-12405,3569,7913,9728,15051,-7322,5886,-14202,-13799,986,15669,-13043
1088,1028,-473,12726,-5250,-7140,-13692,3985,-11660,6123,9750,-7905,14131,-9909,-13949,8828,-11805,-4964,-9178,13389,-2612,-4506,-14196,-15640,-7037,-12462,-9134,-11971,-14461,12929,7924,2266,3365,14323
-2778,-7195,5737,13449,-9201,7593,9866,-2602,12303,7591,7318,-546,-9104,-634,12446,10904,8359,6532,4950,-9544,-14172,-3599,-8381,-5965,13737,13312,14211,-9554,-12014,-12172,-4665,-2458,8154,4892
2009,2948,-4728,-12356,6746,-5426,15875,3050,2181,-14953,12590,9373,1377,396,-12554,-4488,-14283,-173,-7348,-513,-13346,16202,-316,-4903,-790,-9300,-7832,-3711,9713,-14086,-8521,11360,15536,7227
-13058,3070,-13061,-4023,-14697,12662,3369,-5180,1885,-11463,14278,-2276,6036,-5927,-7272,1455,6566,14713,12112,954,-5477,11504,15631,2903,-9582,-4587,1073,9636,-1116,3248,-10233,-3176,-2215,-5699
-8883,16214,8915,-14699,16321,-3074,-4593,-842,-3116,15508,4305,-11648,9194,15104,-11760,-5077,-8932,8592,-4384,6960,-15065,-10014,16225,-7229,3751,-3407,-16377,-7484,-2418,-11901,14030,-4568,-5928,2965
-15435,-538,-5755,1260,-2233,-11993,10933,-15313,-7378,11978,16247,-2938,-3534,-424,7512,-15851,-14302,6016,8769,-11022,-9678,-13861,3712,-15913,-9350,-1056,1131,-10442,4174,-6138,9129,10886,10285,-497
-12900,10623,5567,6118,-10831,-16350,-2633,14482,-4300,-210,3429,-8013,-10940,15363,10878,9343,-2120,14177,9471,8806,-13693,14693,-3435,-7450,-10753,-11345,-7176,-1089,10166,-4199,9553,12560,1409,-13091
2028,4788,10213,-5086,9692,-7245,-3731,10718,9459,12088,-7750,-9612,-13092,-11407,-8197,12039,-7053,12670,3214,9972,-16147,1269,-9266,-1060,-3399,3628,14474,-14697,13399,8977,6791,-10595,11665,-1855
6023,-2612,-6675,661,-12685,-15649,15545,-7719,-8805,-9146,-3094,-12802,13389,-3965,4332,-16243,-13045,-955,-5606,-12847,9901,-1657,-5759,-11408,-10905,-13388,3401,-1358,4640,-15295,-6220,-13597,-9642,15730
-3889,3691,3591,-15102,-1279,-9853,6948,13081,8308,7309,12022,-853,12481,15455,-7115,6829,-16087,-10222,-12777,-14726,-8577,10565,14086,-8236,-13774,241,6682,-6916,14949,11870,2149,6013,-795,-8298
-4749,-4106,16204,2885,9445,4376,10305,14142,11487,13039,-9687,13745,-3450,13353,13290,5021,-3233,-9743,12739,-13275,2373,-2796,-13126,9844,-3387,-13506,-16063,-7113,-11992,1243,15949,-1895,-5496,-10265
-5618,12783,11274,14205,-13262,-15336,-1852,267,-7428,-11020,-8459,8331,-14233,-9320,6303,-10408,4581,-13749,-287,11211,-864,11661,-1737,-12975,-5720,3607,782,-953,1718,-2937,2692,-9026,10697,-15025
4983,-15970,-16027,16350,700,-3451,-12362,7966,11900,-16015,-10993,-14087,15672,-455,-14963,-4016,-2274,-15190,-15612,-38,7807,4108,-14406,-13196,7808,-12191,-7026,-6047,9539,13342,4114,-863,9973,4688
5526,3067,-9688,-3060,11633,11349,-15693,14710,-9017,-2752,2055,-632,-13709,13338,-7734,-909,13789,9842,-7018,1145,5885,6349,12509,-16261,9935,-11917,8372,-2623,7478,2168,-1979,-16052,-12287,-13289
-9897,12501,14410,-14929,-9665,-14980,11266,2377,5284,5872,-13560,-9494,2856,-5275,5743,4762,15326,-7997,4293,-3311,14555,-2433,-5906,14191,7207,13046,-2896,11206,14567,10297,11597,6221,-10126,3470
-9920,-4120,14968,-8817,14985,-13666,-14488,-15237,-12991,-9300,-7961,-13379,15445,13450,7382,-287,-7745,2383,7737,278,10367,2995,-8358,-1243,5182,-4160,-6611,-7527,6365,7931,-7495,-10300,-2167,3422
-8773,-4033,633,14875,5543,-1605,-10639,-1941,14132,-2035,1556,-4456,3804,-4318,6713,-7458,13920,-12428,-16120,-6439,-3057,-2696,5052,452,13566,752,-13385,-9946,9603,2998,6915,-15031,14298,13969
15942,-8592,-2587,-2200,10784,-3218,7456,-6057,-732,5461,-5668,-13040,-14095,1801,-9834,-85,540,-4026,-10042,-878,5812,-13308,-7235,-5435,9144,-5208,-12650,13077,9909,6382,5965,6647,-5086,-4859
10643,-5237,-15774,2478,-12299,14810,-2535,10564,5799,-4332,-12995,-15997,-1468,-14672,-15276,-9072,13101,14801,13315,4141,-14099,6450,670,7306,6516,374,10859,-12823,-15243,9880,15613,-14419,1831,3717
3971,-13625,16374,4514,-4643,16092,-15482,-3400,-8596,-10059,-12327,-4057,-5094,7157,15896,4476,-9874,9138,14743,-14633,4070,3852,7089,-12959,-4433,3955,2544,-7786,5145,14530,14846,-13162,-12045,-3662
-11909,-14147,-12867,2445,-876,-15651,9290,-5143,2290,1906,-16058,-14400,1728,4745,-9444,-9877,-14998,1844,10188,2655,-15522,7809,2058,9442,-7917,-6234,669,-2101,-4370,12641,6880,-13916,7734,-15833
104,8212,-7153,-9070,-4883,14793,8402,-1601,11024,1543,4170,-10600,-9928,-11877,1757,-5531,-6841,-8801,14410,-12150,-2720,-15515,-5964,-12925,-13630,-3027,2798,-3709,15883,2754,1692,-11309,1853,419
14176,-6471,-4784,7678,1815,-3487,13182,-1309,6260,-14410,-9245,-8066,-14225,-14979,2984,14159,3704,-14665,-8691,4992,-1502,-15694,2470,-14492,-12138,4934,-15295,-3977,477,7534,-5436,15191,4250,-14359
-3606,2862,-15618,10525,7039,-4048,-13411,-1889,-8786,8304,-6554,4461,-6206,-5197,6625,-6560,4856,10285,-5194,-8034,-2493,-2948,-12443,-4263,-885,-4257,15954,-5316,-2620,1069,9407,-14841,13956,-3063
-12927,8442,-8135,11134,13232,-14400,-11070,-3833,-531,7287,10685,3835,-13226,531,-2672,10618,-7369,10929,8642,-15626,2326,-7294,-5643,7061,7711,-3922,523,-6180,-9411,-8265,-10840,-4276,14257,9160
7356,-8661,-10299,10358,-10713,243,8738,14311,-4636,-2546,2016,-4247,6921,14409,8924,1865,14255,9479,15895,15829,-7628,6948,10791,11732,5122,-9702,9733,-11880,8819,5348,-8752,-5501,8110,5998
12063,-1961,-6453,4842,1388,-5916,11100,5539,-6415,6631,-12358,13331,7237,14676,9521,4258,15323,8849,7702,-2724,-10765,6727,317,16226,9370,-16279,6020,8325,-15311,13195,15022,-2937,9259,416
3668,6403,-9086,13124,5977,6153,-7719,-13905,-1296,-2027,-3513,-6576,-11252,-13010,-13089,3722,-10882,-16167,16186,-9002,14695,-10284,1108,6244,-16210,-16379,-8722,508,12159,13784,-2460,-5539,-840,2212
9181,-14864,-11044,10516,-12154,2353,-15732,-15427,-1402,-9295,684,-15322,1561,11720,2646,3369,-10294,-10883,-4665,3850,13787,8592,-14375,-16378,5141,-10313,-3815,4243,8396,10704,3678,4469,-10313,5733
599,-2255,-1514,-952,-14780,2040,-1618,-4428,-10541,-1012,-6434,-8950,3696,7221,-14953,7457,-14510,-13058,4249,9196,12940,-1110,-15814,-11200,3474,-6598,12313,7175,-3618,-1924,-7641,-9631,-6306,7608
-9085,-7924,-13407,3493,-15266,-14051,-12641,-2486,-10184,10628,1857,1029,14685,1994,-11536,-7969,10568,-2514,8626,5401,-6851,-9271,-9665,10542,-12712,-10205,-14970,10097,-10636,13683,2809,-11804,16147,-2928
-5285,-28,8568,9404,7717,-2335,9824,-11782,-15542,-2804,15134,7142,1014,740,14889,-12127,-14523,-12187,-4724,-4952,-6915,-5462,12420,4995,-7161,-5495,2497,-11375,9575,-9420,10831,-1562,-10092,-14787
8328,11337,15468,12003,11432,12925,4386,-14753,-12793,4978,-4760,3087,4296,10116,11336,3684,15336,-6700,11082,-14915,-6125,117,-10620,-14960,-5733,114,2825,-4882,-7104,-3927,-14761,-13166,-500,12100
