40,
35,
-8466,14274,-7222,-15651,1731,-16263,3008,14032,4263,9851,10439,8178,3003,-7993,1689,7204,-1789,-35,-11872,8707,-13356,12082,-6054,-16348,-7001,-2077,-13037,-2975,-8240,9691,12679,-1718,-13430,8371,8342
13487,-15594,11140,-7514,-13407,1617,10984,10428,-13484,-8789,91,6324,5284,-715,5559,-7570,1250,-1767,-12531,-9216,-2464,-1999,-11965,-7533,-5855,-6681,-6148,-12639,-5379,-2596,1807,-13550,-10316,-11120,14069
-11947,1082,-16318,7563,-11971,-6197,6547,-12343,2283,-15502,13005,-2360,6420,-16326,-3637,2413,13904,5222,225,5789,-5886,400,1881,9552,-926,-4412,-13651,898,-15880,-3961,-374,4460,14048,10600,-10326
-16123,7801,-609,8271,-4191,-770,-11945,8287,14044,6159,-3624,-7440,-13529,-15902,12843,4488,-2843,-7199,4759,-3237,-10537,6297,10589,-3768,-2266,-14498,-13540,-1031,224,-10820,1265,-8365,16348,-10260,-15795
3764,8774,-8052,-21,4393,855,10728,14258,-406,-9461,-4574,-10471,-5452,11422,7469,-15882,-8482,12917,4006,-9845,-1076,629,7234,10100,9306,-3102,-10813,-5374,8984,15337,3502,-7214,-7571,14964,-1589
-11358,-2253,12603,-9523,10288,15708,14974,-547,12289,546,-7453,9244,-1226,-2572,-12182,-9804,13544,12807,-11139,-11042,14555,2097,9937,14597,-6033,6508,-12888,11078,-2919,13303,-7562,12142,-11083,9102,12420
7228,2654,-3676,-15824,-15197,2262,4585,11085,5494,-5534,-14905,2425,16187,3510,-2816,5198,-11257,-5291,2821,-9408,6083,-15448,5508,-9174,6910,-1039,-10535,11592,9608,-13680,7933,13228,-8907,12371,-6980
-15675,3045,-16168,-6676,12928,-8350,-1828,-3272,13665,-14029,2240,-5969,433,-2363,16054,860,-6669,-769,11622,-11309,8797,-2473,15373,-13453,-11205,14095,-768,-4218,2283,-16090,1435,-5368,14040,-2227,8307
9648,4759,-3562,-12273,-13979,-5325,8867,-4827,-6197,14044,8589,-1741,-12381,12446,13721,-13359,-6861,-6596,-8023,16091,-6016,3596,-2396,-5743,10717,-7183,11655,-16000,2130,6664,-15911,-5357,3948,-15604,13954
3744,9774,-5175,-15853,12382,-12999,10752,-14922,2178,-3561,2428,-5061,5144,-2269,6613,14001,7018,-16281,-2162,-1385,8287,14512,-4921,-13032,14204,9471,15019,3514,934,-13392,-6857,-3734,9951,-12509,-3823
-2610,-4388,6013,-6043,10691,16174,-8731,11599,3171,9499,-11448,2443,-1909,14657,7708,12443,-8203,-13745,-3657,5056,-7393,-8584,-10215,8276,-10351,-7640,4553,5328,-7781,-11091,3738,7322,4729,-15021,14922
15673,13895,-12820,578,7867,-182,5435,10921,14242,15612,12014,2377,-10231,12580,-2155,13038,101,10429,3336,-7564,4372,7226,7644,-11948,-11868,-7717,14787,445,-6725,9621,6538,5030,-6112,-1688,-7944
9996,-14138,7845,-11950,8928,-6111,9907,12131,-8019,-3509,-5150,3076,14477,11814,12080,14555,6069,-5781,-7474,10041,-7762,10168,-650,7411,-3363,968,7740,-11360,2856,-11812,13388,-15687,-2146,1699,2632
-7251,-4542,11130,14173,11423,-6028,-2542,-9729,-11195,-2742,12701,4419,10104,-1665,-6360,-14824,14700,-14387,-7955,-11511,-6912,-12212,8522,-15138,10375,-2128,6188,-13727,1147,-2609,12352,5934,6468,8355,11215
2473,4727,10234,-10372,-6726,-6908,10682,-3956,-3435,1130,13110,6076,12446,7454,-6266,-6667,12763,-2495,4212,1507,-11271,-2532,-2282,-15195,8017,-14332,-14112,15160,10834,-12338,-10065,14482,-3292,2249,12753
-9531,-847,6468,7817,-611,-14789,-15718,-1037,-11462,-1508,16201,4918,343,-4650,-2268,13410,-1052,9465,15844,15153,-10161,7127,14124,9187,-13172,15090,-11791,7075,11237,-16349,1854,14172,-10726,5254,-6490
279,-12530,-4938,7805,-1737,-5362,12883,16334,-13291,-12006,-11898,12542,-16305,-1341,-8179,13669,-16133,-3671,-8211,14882,-11734,9601,4447,-14639,-16117,5405,-5711,-8101,-14576,-12973,-3369,-7757,-4552,2010,-10972
-1233,10645,-7208,16285,14809,-14973,-4220,2439,-7562,138,-16074,4858,13927,-2655,-5884,-7327,-15120,11494,959,-6843,-743,-16031,-14903,1949,11064,-11060,-7776,-12752,11152,-14566,-10006,-10538,-2916,-1322,-15748
12567,14002,-9929,-2040,15426,-12265,4293,-6026,-487,2877,-14763,-14448,10420,12577,14737,10166,-7027,-14377,-6153,-13412,-9482,5277,9536,2847,-1187,-4357,-1822,12309,6286,-7834,-13620,-1260,-15308,10252,588
8420,15693,1478,-9846,13825,-2850,-1521,-12708,-2512,7792,3888,329,12218,11425,-3256,-14397,8004,-4840,10907,-963,-12294,1955,-15584,15798,-11501,-10195,-14104,-6721,13617,5622,5902,2700,-11065,12476,-14455
-5305,-14640,-4756,-13952,-10031,-7615,-1930,-4527,1181,8077,10184,10178,11903,-7917,-6014,373,28,-4164,-1514,-108,5791,8131,14775,4467,-5405,-9868,-13444,-1358,7821,8503,3087,4586,-9530,-13444,5589
-12466,-11507,-5801,-15199,7064,2479,10928,-5589,3167,8678,-3092,-804,-15947,-13486,-11778,-5882,-3326,1049,-7371,-2974,11776,-10205,-12231,4316,-15065,-6521,1305,4060,-2317,6089,-9033,-15753,2086,-11343,-1789
5207,8850,-5292,13143,4294,11174,3049,-7171,-8023,-9013,-10103,-12479,7452,1339,-9719,-11073,-14783,-12927,14008,-7227,-8084,13269,9806,3024,-10249,-2210,7150,8318,8571,-10325,-4668,12235,3051,-4570,-2597
-6929,-3825,-8340,6638,8066,317,-16214,-11328,-10551,8384,6426,-6537,-12459,13280,13427,-10175,-3429,-1150,-5537,-819,-5524,6509,8487,-12514,11393,-15777,11338,-3840,12786,-6376,-14290,15986,1985,-5231,-9034
2791,10494,152,-2758,7342,-9870,-16094,5557,-1445,-13122,4926,11537,8593,5991,14486,-6621,-2397,1998,-14604,8434,-10181,-7962,-5308,3908,3497,9839,14443,-14547,-13694,6755,13304,-15692,2435,-2966,11053
-6725,13456,-12772,-8444,-5128,-14810,-8843,-1594,11407,15590,-5343,10257,-9038,1672,15246,12483,-12494,7345,7722,6216,3929,-9622,-16265,-16093,11870,-3601,-13758,9240,-1625,5294,7638,12319,11740,10720,11407
-16130,9842,-9294,-7582,-2033,4342,-12935,15071,-5594,12806,5872,14915,1008,-7691,-1536,-9266,6766,1145,-2676,2221,303,12662,-1300,1401,15266,-14117,4706,-12068,-9120,-342,8106,-15042,12206,11228,-8202
-277,15198,399,9882,-14557,13441,-14305,-9223,-1781,9526,-2119,-5063,-7346,-10877,-100,-10269,-13658,15131,-10213,-12191,-8507,-13784,-2058,2576,-227,4629,-7771,-8654,8840,1514,4272,-5396,755,-6681,-1949
636,-4896,15797,-407,5483,-4830,11631,6252,16148,11322,-4343,-1164,-12625,1026,-2567,324,3168,13911,-10776,-13407,11534,-11849,2125,-10754,-7362,-9287,10296,-16314,380,-4111,49,-2967,436,8581,3471
-1527,-9455,4986,-1705,13425,-7882,-101,-4153,-15776,5854,15512,-6789,13335,15323,-2573,6542,1109,-10229,13644,-11065,11901,1500,1238,-11941,-360,10637,11829,-6897,-116,2768,12284,8953,-7229,-3157,-11055
-7876,3702,-7368,-15296,6139,9231,-12721,8780,4375,15230,3632,-7553,-5380,3273,-13674,5461,-9586,-5368,-10613,10282,-12179,-5924,1039,-11935,10003,-14139,16153,-10073,12859,7293,16253,8584,-10262,14912,7567
660,13014,-1757,-9015,-300,2226,-14783,7039,2003,-1253,-2008,-10996,-5543,-9697,1958,8713,15778,13490,-7723,-8564,9151,-16341,2463,4606,11058,7982,-6706,-593,-12560,-15876,-14297,-9559,-11532,3857,9003
11009,-13784,-6711,14974,9506,12886,7670,-1952,-10084,-9019,-774,-7621,-7821,-16205,-3104,-8420,-5155,-13049,-11365,16103,5211,-14111,10659,-10200,-1530,907,3683,621,13773,7078,3852,-10010,-14307,11466,-11674
5107,5527,-13663,2544,15187,10953,-12801,7490,-12477,-2483,3710,-7981,6575,-3881,-663,-3153,15169,-4230,-562,8395,-7513,6354,-1419,475,-15681,1098,2288,3924,15449,-9686,-12823,-10184,13453,-6099,8795
679,-1336,8665,-3073,11092,-10031,-957,1858,-11703,-1003,15803,4855,-8848,-8917,10845,8130,-4069,-12842,6566,-12173,10497,-13344,14165,-3262,-15567,3405,4873,6632,4883,9755,9825,3942,-12005,3249,4458
10104,9650,-15853,11981,319,10388,-10667,11511,-11203,-14964,-7209,13654,189,-6945,-13779,13610,15300,12239,1190,8075,13454,-14052,4190,-3182,-4480,-3675,-5407,15389,53,1626,-6203,2322,-8638,11504,13589
-7054,-13828,2873,4588,-1933,12999,-713,4251,-3990,16019,7633,-13670,7592,-12762,2572,-6335,-12674,3422,-7327,-3881,12745,-9852,-16084,3270,1770,13653,11216,-15056,12541,-3547,-13382,-3620,-7145,-6187,12402
1514,11657,-4570,-1799,85,-14044,-12909,-11749,14031,11976,14855,-1788,-16134,10841,3291,-2173,5689,-9030,10062,-11953,-5098,-7504,-7299,-7409,12495,-16221,-5016,1419,-12349,-12410,-11073,4452,3059,-12339,-3451
-14397,16081,-11962,4013,5128,4226,5873,6377,10695,2927,-5190,-1064,-6110,-10842,661,-1497,-328,-15985,-5404,7694,1126,8978,-7817,12897,-6839,-6756,-14321,9702,7004,4791,10111,-4418,-6865,-9325,-9459
-2938,-8592,-6593,5933,602,10751,-4243,14867,3070,-12422,-15143,-7722,-3805,7406,8823,8050,-9758,-14317,8210,15987,-10312,-9412,5359,12233,-2222,6643,6727,-2581,-4748,14241,-5262,-4968,-13850,-5424,-4140
