40,
36,
8064,-1042,3737,15599,-6170,8381,6632,11082,-9910,1182,5002,4932,-14364,8240,4831,-14158,-715,-185,-5804,-13750,10386,-14010,1359,-3437,-4821,-1429,-11485,-5192,-14328,-14097,1555,2405,14149,4253,9366,-10105
-12919,8772,-1570,-11824,3269,9990,-8156,-14534,280,14271,11056,-15467,-11873,6857,-1904,-1863,999,6022,-11380,-11441,-12131,-5783,-8409,15688,11667,835,8391,-10153,1861,2695,157,4794,-9684,-10420,1460,-11939
336,1078,-15681,-8127,4241,-855,-275,-2104,-7507,10033,-2254,-6391,-12249,-2720,15553,3836,6852,3592,8491,1405,4849,-13271,279,-8759,7996,5572,-4724,-9458,13335,11030,-691,12011,7558,5384,1297,4438
5500,-12323,9132,-6199,-499,-3746,10638,1043,-10402,15147,-8547,1684,-13801,8379,15458,7647,-3411,12356,2257,-14457,-14078,-6579,12897,-16104,-287,10508,-14415,-89,8048,-5839,-4021,6811,-2145,-9871,-200,3757
-3889,-3948,-13144,1854,-7421,-14309,13693,-1963,-4141,-553,-4407,14650,-1076,458,-3943,-13556,-8509,4846,9212,-13161,-16122,13606,15427,4406,-4048,-9972,-143,5074,6892,-8474,-13180,-8979,3150,8070,-1106,9652
6777,-2695,13153,-3346,-9197,13260,3613,-1301,9547,12822,4804,-10295,3816,7577,6190,-7633,-12658,-13996,-2468,2110,5823,5273,3510,8399,-5497,9818,14530,4209,-10684,-11965,-63,-15824,-13791,9527,4060,3832
10828,12594,16082,9478,2496,926,-11274,3886,-5261,13023,7086,1935,3201,-8595,14290,7078,9387,-14973,1227,-2063,-5693,-8749,15911,-5198,-11382,182,2493,-11354,4020,-8044,-8742,3369,-16304,11236,-7926,-14125
2820,12832,5400,-11034,6692,873,9155,-11611,8037,6501,11329,-10756,-11739,-7099,14396,-12549,162,-5702,1943,4714,-9113,12080,-13566,12677,-3905,-13271,-550,-4403,-11834,-8843,579,15505,14839,-12990,-4865,10109
-15764,14726,705,15320,15950,-10082,15276,-1780,-15519,2106,4724,-14225,13784,-8720,12720,-2776,-6759,990,13419,14583,8840,1367,730,12605,4385,-12719,-5381,-4662,13400,15439,-9948,13748,13829,-12706,-15814,11486
-5589,-2261,147,255,-8909,14065,-3954,-5008,9537,7585,12697,6114,13857,10351,-3253,141,-1058,10526,-4801,9200,8987,120,8776,-4727,-984,8162,4994,10635,-11265,-6171,-8612,-11794,-10317,-49,13490,4454
698,-10998,-8162,10841,3401,-1023,2015,3585,8713,-2889,-3755,-1070,5161,-1538,-8087,-7329,-5303,-7503,13035,8964,-14034,13608,14038,3219,-8398,4123,12937,29,-13449,-12184,10027,-8234,13445,1100,-3736,-15139
-7455,1095,7865,-4982,15019,7237,-10024,15380,15511,-13081,4172,-10124,-1950,-8013,-4253,14686,15419,4096,-10715,-5823,5147,-3250,-7789,-11685,5464,4567,3980,-607,13126,8351,-6197,11853,13213,1802,-2771,13649
-12076,-11694,-14074,-3597,-8551,-4938,-2526,11200,-14983,1591,-14136,15743,-13685,-12832,-1149,6658,-8900,-12449,15436,-4132,11350,12001,7034,-14956,-14950,-13216,12558,-2302,256,-562,15011,-6221,2437,-8731,15636,-16333
-15806,-6432,-5542,11774,-2309,-14225,-16215,-6034,-3171,-16315,-14784,-2832,9935,15352,-1514,-451,10182,126,7723,-5685,2839,-6547,-1718,-9390,-12016,-6015,14563,8911,1375,-1356,3423,11935,13821,13740,-2804,9556
-4048,11416,206,5527,-12756,6398,9303,3969,15542,15344,-1016,12775,3451,-5554,8650,-15144,8954,4940,-16277,-3579,5474,14784,-12862,-5004,-98,-13911,-9031,-5734,-1318,-13061,-13367,-13843,-11807,-6248,-4282,-12363
14368,-1207,-8910,-5096,-7523,9317,10785,15133,13565,5046,-10229,10693,14798,-3946,-8695,2735,-8877,-6955,-10981,-8679,2701,6178,-9223,-1654,-14560,-7971,7623,-7860,6544,9809,-5831,-7388,-14613,-10013,-4248,-1178
11300,-16362,13995,3700,11115,-7568,8403,-3034,-10627,-1632,-10827,14408,-3864,-2454,5755,-9816,1533,2728,-3689,-12356,7013,-3382,-4882,-2376,-2922,-3629,8915,2672,3303,3874,-1161,5313,-6084,-1259,-7450,12046
8317,12442,13158,-15838,1719,15700,6433,2442,11431,-6483,11602,11108,-1061,10728,770,-7941,-11491,5136,-6960,-10643,1212,11080,-2593,-14146,3357,13703,2529,-11566,6701,-11826,6763,13038,5216,3360,5281,15183
7914,-6573,-12050,-1642,-14312,2742,5479,-6162,1983,-3163,-13148,2729,7545,-16247,-8206,-12873,5285,9657,-1560,-10184,9977,-1616,-6754,15625,-5502,16109,8634,200,-16043,4695,2279,15510,2133,-3543,-15429,5688
-1011,-336,14169,-3404,105,-10386,-11826,6032,-11576,14405,13380,10070,-11514,6927,-9377,10381,322,-1120,8731,-8293,10355,-8247,-6959,16193,4952,-3963,2315,10880,-272,5466,15766,7305,15372,9716,-2112,-12723
-7051,10749,-347,-15240,-7218,13537,131,-10412,15069,-13121,1376,-9327,-3676,3593,-10519,8388,-6093,15594,4995,-10210,-4981,-3175,12511,-362,3202,3365,-5492,-12261,-3472,-10619,13699,-2956,11836,13114,-5784,-5103
5066,-3099,12486,-3594,7239,15636,-8328,2461,-7962,7170,2960,2742,-2541,7559,501,-15142,12090,-14004,130,12056,4551,-4024,-13055,-7320,1326,-2160,-12101,-6793,-10561,-6596,-11183,2524,-15911,-41,-7626,15287
-7063,-5035,3383,981,-9735,-15956,-4839,-1878,-15513,4821,-15185,9185,29,13519,-16172,814,1,9206,-12626,-5542,-792,14627,4898,6227,-10209,-10350,8810,16346,-9490,13651,15834,1053,-4807,7954,10822,12993
-5389,-4332,1636,-12744,15834,2741,12188,4121,8131,162,-13533,13808,-664,12499,-7783,-15489,4315,-4007,-8762,-7127,468,-13621,-11999,8403,-13619,-13598,3150,11273,156,-14397,6738,-9394,13782,-15329,13713,16256
11771,9330,10527,-674,-431,15568,-13055,-14477,11369,391,-15070,12785,13194,-929,8518,-12074,-836,-335,-2163,-14825,496,-1771,9491,-2123,-4020,-2755,-14652,-13792,14656,5405,-7347,4819,-15519,1321,7992,4810
-13070,-6920,13664,253,9780,-7740,-10580,-2152,1178,-4518,-15984,-13946,-1574,9540,-11184,-12500,12227,-4556,-8215,9763,1983,-8602,-6101,14745,-9188,1437,-5106,-5312,3916,3186,1664,-208,86,218,-14615,-12812
13785,2763,-241,4705,-4804,-10379,10062,-4335,14335,-15129,-3385,-10151,61,1946,-3897,-3223,-14910,10404,-1172,-12341,4163,-6284,-9885,12956,5923,-7744,-6396,13512,2816,-3003,-10763,13310,-14336,-5156,-2027,-3066
-2027,-2586,-14042,-10451,-15057,-12464,2915,-5626,-1301,-16087,-16073,-13911,13605,-11945,7795,-4062,13951,9212,-4593,6078,6195,-928,-3674,9925,14952,-4397,14672,9830,-14883,9790,9115,4926,13091,8182,12959,13213
-5418,-13089,3418,-6696,3746,-211,12979,-596,-2022,-13791,7351,-3466,1645,7386,10537,13210,2249,7543,-15763,-4849,-9176,2363,-5718,-5331,12570,2027,11929,3581,-14719,2073,-7960,2759,-3891,4659,5268,-1050
14002,16264,-5406,-7448,-10783,3609,-13815,-1659,-9440,3500,-7471,-4629,-12265,-5829,642,7965,5476,7425,7864,15303,-13322,-12433,-602,-1358,6457,-12779,967,-13766,-3460,814,7847,-14810,-12979,-7439,14965,9297
14171,12360,2710,-10531,4306,-15620,8657,3793,2899,-10491,-80,-7830,-14789,12056,13155,-256,6597,12623,3705,-1879,-1775,4014,10894,7536,-1885,3546,15291,-16031,14799,-15558,2491,-16380,-15388,-1515,-2558,-8920
-9630,13921,4708,11040,10771,2423,9616,4298,11366,14383,-3552,1051,-7495,-12538,-4193,5937,-11996,-3786,-1850,-4963,1243,1704,-10626,-8695,-1141,8925,9899,8220,-3513,2504,494,10505,844,-6450,11660,7056
1867,-13988,3926,11279,305,5917,-13106,13640,-5618,13165,-1941,610,-12844,-7967,-15211,-1196,8033,-7292,-12118,-15669,-2038,11830,-13918,8482,3382,12762,-14054,2902,1870,-9760,-12138,6960,13720,-11486,14198,837
5694,720,-6448,-11639,3095,-435,-4132,9356,8694,3816,5336,-10480,-15331,15408,-9176,14430,-1917,-13798,-6894,-5705,-5516,-11385,16170,10412,-2385,-12322,15086,-9056,-4990,14576,-3906,13670,1641,8058,-8785,-11135
-12843,15675,-12784,-1595,-5739,-302,-5875,13889,14400,-11181,3580,5402,-15063,-13375,-10805,-15385,-12851,8180,3676,9295,-473,6457,-6778,9071,8377,7366,-5121,10563,15930,12977,-10896,4582,-21,-6081,-12183,4562
-6954,5746,-7825,13669,-6265,10830,-10269,-4831,-248,-12336,11976,-13477,5064,6976,-13036,12300,8871,-3134,1555,3178,598,9170,3800,-497,-7613,3513,-8873,-9246,6515,-14299,-6833,-2721,7978,-12375,12566,1422
-4990,6798,15441,-11031,-11462,-1692,-2663,-5111,10488,3201,10127,-9279,14605,-11705,9279,-461,5318,12096,-11246,15485,-561,-4922,13369,-4052,-12082,333,-12196,4841,-11087,9676,-10700,-13369,-4105,4971,6048,-9452
-15516,8082,7061,-11799,-349,-14933,-11559,5920,9202,-8693,4547,701,3218,4305,127,3316,-13418,15703,-2677,-10605,13430,9746,15252,-5441,-1334,-15181,7052,-14350,-10029,-8389,-2036,13233,-2188,-12348,-14284,11853
4292,12501,14047,-6126,-6870,-2331,2506,-3205,-8707,-12379,13751,-2494,-13689,13864,-4844,10798,-659,-5922,15339,954,2008,-14925,10799,-9503,-13601,-12393,4062,10438,-13431,-633,-1218,3563,10419,-3858,3724,-4772
3577,7811,8214,-5552,753,-6244,11999,4039,6698,3760,15068,12900,13577,16218,8568,-15191,2678,-14445,-14345,-4366,10389,4334,-15642,1174,-5762,15296,7056,-5454,9857,11255,11194,1227,3760,-15621,-16140,-13256
