40,
37,
-14450,5019,2905,-10250,-13877,-3062,-337,-858,14399,10137,2574,4680,8866,2210,11847,1161,-751,11285,297,9810,-14288,13937,5996,8791,-10758,2489,4175,6454,1543,2122,-1552,-2565,-1956,10123,-7038,-39,-1309
7211,9908,-16306,14042,2189,14534,-15319,-11060,-1831,12901,-7849,4857,5691,-9357,10195,-10287,8241,-9979,7814,-8859,1722,-7106,-7881,-15660,-9289,13556,-3416,-5936,1606,11008,-10340,3500,-7654,-1941,4047,11335,-12327
-3073,-13853,-15821,7287,3155,-7440,-7953,-10736,8981,834,13240,-5609,2732,4444,9813,5062,6302,2444,14462,9618,1854,-7552,15697,1939,935,5320,10287,-4169,7408,-15532,10506,9621,-10356,-1704,-15856,514,14787
7268,16029,-2333,1472,-1356,14470,-12533,-12051,-10970,253,-9972,7448,-2082,-11827,-9745,-13974,11659,-9475,-12,16333,2413,-11950,-10446,-11030,7290,-281,-7213,11196,8535,12890,6926,9992,-13143,12693,-1472,-9468,11416
9236,-8332,7528,-9010,-14710,-3505,-1236,-858,-10659,-4541,-13207,13,12609,-4705,-9474,13902,11279,-1585,-12598,1088,-9629,-6512,14863,5731,3499,-15918,4441,-8455,11319,6540,-1755,-14271,3332,-3418,-12527,13714,-14264
-6092,6154,7348,-6051,1309,306,-14212,10105,-10848,-1912,9905,4106,-14238,-7316,6584,-1950,15725,5296,2411,15797,10651,-10416,9413,-895,-15867,11667,-7594,15645,6147,-7592,16069,-13193,-8430,-8442,-15406,-8049,-15111
9001,12157,3329,13585,12458,-14960,-11622,-4259,15304,-14968,9278,-12096,-10241,-5817,1653,-16373,-7842,12668,15894,-5969,6120,-15884,-15508,-10629,-5098,-1357,15563,4006,10082,-4256,-4564,-12823,-11382,-81,12498,-2830,15236
6582,-15761,-2323,11304,-8409,-12039,-4495,6675,15829,-7767,-2669,-6841,-7548,12991,918,-6592,-10067,2965,-14429,-4103,10107,-4448,14581,12843,-5156,1315,-808,7572,-13403,2010,-2024,-13799,-3088,14,-6179,12317,780
-5934,2773,2416,5200,-475,6262,-9336,9907,3918,-15706,4708,16045,9458,-9444,-4889,2746,10990,-15905,-2079,-16337,9933,-11128,9258,15398,10114,6169,1403,10773,8783,13383,3342,-870,10966,4966,-7527,6479,-3018
-7495,7983,-14810,-7857,-9366,-11450,-475,10714,6917,-12756,9367,11795,9016,6035,12456,9745,3915,-10490,13225,2393,3552,-13257,-3326,-6104,-2521,-14235,-10162,-8363,13668,-1203,-11614,-4403,-13580,15858,12053,-3264,14386
12037,-10949,-1467,7458,-2308,-3068,10476,-2077,12928,-12901,-6352,-10365,-10799,-12542,-11875,364,-14457,-6123,11944,-7147,-8095,16268,-4176,-716,-8568,12410,-4429,-3974,-14990,4637,6383,15753,15534,9093,-10072,-2648,-11912
768,-12242,-11427,-1932,-11046,12047,-6542,10523,3251,11423,-4834,16184,-14514,-13368,437,2639,7263,-7166,14174,-10790,-15834,12146,12012,-7879,-12466,-13013,5571,3621,3431,-13078,5480,16035,14592,2548,-15742,9315,15125
16318,-14287,-6984,14404,-9813,-14552,-8988,-8911,12320,-14758,13235,-4683,-12885,-8928,11160,1351,-7807,-10837,11861,9721,-1714,14048,-4929,-14888,-13655,4521,-6746,13882,1749,-9725,-9470,-8958,8594,-10456,-7537,1044,11093
14205,-14586,8875,-78,-15110,-14310,-1361,-6440,-13211,-10518,-1263,-7805,16228,10944,-4589,1573,-14685,-2416,14623,8194,11910,-14956,-10712,8475,-7825,4036,-445,9286,-4248,1625,14663,-15281,-4948,-4682,7209,3534,9319
-11304,-10711,-7261,14706,12578,-4621,13801,12709,12342,6916,-1096,-10695,-96,-9827,5846,9418,4887,4009,4958,-9807,-7077,-470,16374,11050,16170,11782,-13039,2214,-14110,-7661,-15476,-7957,12325,7162,5882,-2818,14882
-10582,9577,2307,8792,7581,-1686,6461,-3541,-11995,5875,-917,-16351,12727,12905,-4316,-3102,-6585,12058,6013,-7402,10077,-15040,11354,7222,-5503,15,11354,15824,134,8840,-4985,3092,-14678,9415,232,-8726,-1446
3196,-6867,-6413,-12839,11834,-15596,5508,-5622,8923,-12674,-3273,8045,10350,8013,-4059,574,3086,-11524,-8436,1757,-465,1873,6663,5105,12467,583,-6592,14180,-8275,-13998,7345,3833,-1792,12701,3660,7195,-4304
3893,-12382,-7624,13205,-10636,9501,-1066,7477,-5688,-14990,1714,-6700,10999,10525,8643,-7311,-11219,8440,-9054,2034,3641,3729,16021,9180,12818,8803,-10899,-13206,9748,-14443,-11978,2290,8801,1145,-6846,7902,-5716
-5290,13352,-2702,-4870,-11597,-13849,10582,4817,12407,11993,-1790,-6171,-13235,13382,12714,-2865,7101,-1355,-1704,-7533,2445,-12386,-9443,14740,8165,-3999,-15957,211,2473,6297,10603,-392,-8731,10639,11673,-6805,-14836
10764,-9155,7148,6816,-8671,12782,-598,5068,11734,7911,-14753,-8830,-2068,-676,2404,-15014,818,2433,15659,5964,-1376,6921,-7811,9504,11410,8399,15498,1883,12488,-6745,-200,10270,13598,7611,15651,6991,15107
10105,-4384,11522,10958,13168,-1189,-11698,-1295,-8989,4777,3148,7977,12182,-6338,2365,-6954,2164,-5374,12741,-7874,7735,-2569,-4112,-11578,8166,12426,-583,-16223,-7149,-6467,-7090,247,9935,-14999,-9914,-14208,2891
10979,-2424,7275,12668,5533,14029,7226,4346,-10983,9390,4844,15279,-15022,-11146,1859,13430,6514,-5693,-9972,1649,-12977,-3554,-9639,-11771,8214,-2032,-16035,8130,-6623,-3724,-11856,-4943,-14518,13636,296,14564,-7517
12018,-11654,9651,-2364,8300,-4926,10287,7574,-12960,6715,-5654,-7505,8618,7047,2924,11689,-3003,-14781,-12987,16185,5604,2419,15494,-3600,4836,1137,-4998,6994,-2512,11629,6129,12349,-9957,-12711,-1050,14489,13702
15897,6814,-2337,4344,-1207,-6805,12291,764,13958,-8197,15069,-15239,-15805,12263,-15040,-9159,4857,-9857,-886,7446,3424,5643,-4690,2114,6503,11447,5142,5867,-4400,-7193,13447,-10577,-10315,9021,-12518,11265,-11060
-5104,-933,7752,-7453,2088,-6710,715,12198,14069,462,-8128,-762,-2139,-11698,-13467,-14823,-4903,6057,-15989,-2887,-2360,3805,11222,-8614,-10587,10799,-11420,11140,15467,-9364,-3819,-4253,10557,14715,12062,16010,6693
15606,12727,-10400,-12692,-8463,-363,15697,-7292,-9160,13618,-13816,-15914,14649,9705,-12395,1880,7119,-1926,-10419,-2918,4321,1004,-15735,-2616,-924,2049,-11279,15150,10118,7140,-8604,14974,221,-2094,-6954,1762,10541
2899,-10518,-6833,5101,474,-5601,-8065,-2905,-3803,695,5447,-15583,-4953,12394,-13151,14946,-8688,-12318,-11953,3339,7625,14311,-3127,-3583,1417,-14164,447,-6698,2715,16283,13601,730,370,-8880,5482,-11982,-3357
3735,7376,-2589,508,4170,-12322,-14670,-16272,-10596,-5506,-9855,-4134,-15006,-5468,12743,-10041,14957,-16245,15299,-1108,-10542,-6886,-6584,-5526,8941,-11337,2115,-12334,15794,-11861,1776,-7142,-11682,-4132,-12824,2162,-6770
14773,1347,-9828,-6511,247,-14710,-12875,7510,-2183,-3534,6894,-2520,7384,2043,-7791,-9636,5763,15305,-12036,-15615,-6149,3591,11748,6565,2755,840,-11006,-3457,15740,-4978,16129,-12991,-12216,5649,11770,-12474,-5015
-11163,3079,2353,15486,-7278,-13439,-14673,505,-11140,3384,15301,-3128,8843,10956,6488,13976,5425,696,-4230,6124,-14678,7737,-1287,-15032,-12055,-13003,15847,-4907,-7873,-10261,797,-7750,-8885,-7433,9967,-1957,-5634
-918,-4842,1222,15343,7569,1118,9878,13642,-743,-7164,6592,-13033,8148,792,-5287,2765,-8841,-4256,-5500,16245,-10052,-2472,-7177,-9417,-8123,11293,2855,9832,-14340,-4141,-12809,-10662,2253,2535,2219,-5893,10620
-6701,-14003,10080,1117,-13122,-13719,8835,6650,-16245,15290,3254,-9146,-5905,2841,-8852,-15329,-15203,-2275,1309,9582,13750,10109,-16290,-10964,9011,-7336,-6325,-15467,-10536,-7071,5139,14012,-6117,13077,-4940,-3481,4020
14513,-14543,-10587,11385,7056,-3338,15976,2863,6724,12031,-15465,-11752,4633,-6008,-275,-2200,-13901,-9509,12979,-14745,-8669,10561,-13787,1973,-11994,-10491,-85,8579,6297,-11352,9138,-5507,10075,15951,6764,6013,-11165
8309,-14939,-13988,-2401,1439,-9345,11944,5464,8363,4712,14793,11136,9027,-5087,-9301,-1351,13,7854,468,1068,-13364,10055,7515,11839,6635,-4211,-11132,-1915,-10619,5843,-15967,-3167,-14067,-14264,15319,1208,7948
16195,14511,13165,6405,-7065,905,2188,-2858,-7495,8688,-8165,-11389,5486,-12143,8108,-16007,12242,-1355,-1554,14963,-13353,492,10326,3377,-10610,-11269,-14981,-2215,-11233,390,-7328,4705,-3222,4583,-11917,9187,2575
9749,3766,-12890,-13717,5894,-9654,5939,-7530,-13341,-7567,11268,14666,9776,-345,-8351,-11412,15222,6610,9014,2932,-15336,97,14165,-4504,15972,-9590,-3076,349,-8858,15094,-14483,9431,-2755,-6600,-13023,-1862,-4529
-13058,904,-12017,1137,-6801,-11983,-7421,-16282,11997,10248,640,-4195,6342,15919,-7142,-16140,11552,-2578,11493,-9814,9283,8669,-174,-13374,7895,4406,-13359,-14464,-1102,-14138,14154,10923,13362,4853,-5124,-14836,190
9374,-4748,-12962,6862,15856,9345,-3816,9437,-2666,12308,-10679,13261,-15182,-6663,14658,-1844,-998,-10582,11219,5745,-11351,-16073,-9030,-855,2345,-8983,1143,-4065,-10442,-10092,7667,6519,5463,-1976,2173,15312,13144
7587,9379,2143,-4953,15941,5272,-8371,7934,12887,16307,-4258,-1038,4716,-16010,-4099,4257,10204,8180,10826,13947,-16176,-3143,-6194,-11797,-6144,9641,-1696,-12268,4606,6719,4927,-796,14951,10686,-13045,-7964,1072
-10811,-4827,-1520,-3649,-998,-873,3276,-3879,7546,379,2664,-361,-15335,-15428,-11845,16305,-8312,12389,2128,4899,-14528,10259,-16244,-5997,-2800,13617,4180,-14970,10278,-10727,-12106,11514,10034,9730,5609,-6682,8575
