40,
38,
10673,1322,-6856,2839,-459,4211,-7819,5008,-13776,-11152,-2525,-13930,-8582,-818,5556,9463,6126,-13203,-14543,-11464,-3840,10222,-10138,718,-3151,14868,-10275,12197,-6693,-9346,-1800,-11073,3250,-9592,-4689,-11136,438,14680
6025,-1232,-867,5179,2900,6864,13853,2766,10499,-6802,-6307,-13257,10959,-8795,-11445,9675,-3586,6861,-3398,2810,-6096,4238,13707,482,-6569,-11925,11764,-8929,946,-7878,8067,5763,-9498,-2185,3722,-14151,-6736,-6786
10225,8666,-12668,11669,-9764,-15924,-989,7630,492,1829,-8848,14728,-8434,-5466,-2008,-3904,-16110,-1007,956,-1840,-6626,14108,-7600,-10461,6924,8233,-15239,15965,14063,-9008,-11332,-12513,-16055,-4086,2811,9270,11385,8742
16253,2665,-6728,2760,-13570,-8116,-5926,5133,-15492,-5577,11662,10515,2783,12482,1227,1448,6028,-9730,981,-5684,-14842,-3106,-9913,6010,8662,-8276,-488,-15549,-10128,2369,-7711,-13416,14783,6606,1131,-6757,2042,11467
5364,4322,10468,-2560,-15251,14907,-5327,11290,-11669,-6188,-11412,-13804,-13070,2226,-9431,-10763,1815,-3037,-4703,-7190,-8321,-1034,10956,5767,-2069,-10807,-10714,10740,4277,13230,9998,-5993,-363,12281,-14333,9895,-8612,-13566
-7896,-7677,4564,-9362,436,-13564,-6694,12867,12316,-1002,-3462,4550,12210,16120,-11237,10653,-1211,-14716,-4150,-1695,7822,-1887,2674,8531,16183,-2035,-4968,-14986,-15837,-6263,-12900,14768,-12787,9907,6799,7085,-12653,-1139
12969,16361,11469,14747,-14706,-4764,6518,-11443,9464,-8379,1987,-354,13740,-3223,16070,-886,12213,-86,-12835,-6984,-12807,-234,-7614,7059,8563,84,-2176,-6473,-5567,9078,-1091,5095,-86,-8236,12811,12065,1585,-5998
12209,-5952,-8985,13024,-7183,13299,-2228,207,2228,-12519,-6461,-7519,13251,2438,11964,10276,11136,-10945,1777,13084,-7675,-1492,14000,11550,-10928,-7680,-8402,14713,5263,1618,-3883,5964,-4508,11325,9405,13763,2086,14775
-7342,1510,3152,-13575,4343,4031,11217,-3298,12789,12969,-9825,8760,1987,-6329,10674,-6999,820,14116,6087,-7742,-9742,-5832,12953,-12208,10726,1996,-11075,7850,-4597,-10501,14646,-2440,13398,-3365,-5910,13596,11788,-416
-14614,-4880,-8096,6597,-13678,3325,1378,-8972,-2821,-5693,-14612,-4127,-2435,-12537,9263,-13949,-709,-3901,-11725,-650,10741,1543,10494,8743,5527,16094,-14388,4777,-4443,-4704,6875,7253,-10004,-6068,-13354,3907,-3457,-7055
-1375,-9293,4300,11363,-5299,-7105,-12072,-10744,-559,1312,-6345,2928,-13041,-7065,5237,-8519,2840,12189,-9707,-935,7733,6308,-1779,6896,-4536,10359,-1201,-4079,13883,7496,-8909,11059,-217,-11744,-190,4389,-8261,-8861
-7514,-12995,14109,-13338,12092,-8341,-13133,-12994,4213,-6862,972,14990,14591,15679,-6466,11153,2609,1422,2558,-12202,14650,-11337,1820,11637,-15208,6238,12186,-689,-15002,5882,13689,5543,-7667,3998,14122,-1896,10499,-4839
-8871,-8055,9870,2123,-7101,13821,-13109,7320,-123,-9335,-11564,11769,-2125,-10421,-3721,14444,889,-5191,2965,-14502,-7172,7463,-15567,6705,-11618,-13892,-13098,13558,-11545,14529,-13568,-12910,-4740,-8174,10674,-8605,2370,10455
6597,-16064,4664,4409,-435,-15900,13468,-6425,2087,-210,26,-461,8923,8660,13742,11070,-4641,11470,-6561,-13751,-13447,-3364,12927,-98,10691,9770,-5231,-12377,7439,16176,-13668,7516,-11365,12391,4900,5975,11948,-3835
-15759,1864,-14043,4078,14465,6997,14186,-3617,11928,-11505,-919,11003,3989,-13624,-5699,-6892,-12364,1186,1717,12129,-10278,2202,36,9270,16195,8454,-4135,2116,-5104,-11017,-3026,-4585,762,11394,972,6051,9865,-13495
5780,4587,-13097,5314,6939,-9387,-2553,-15119,7853,-14251,13803,-12298,2705,1761,6514,2514,14125,14518,7956,-13953,9032,8411,-11892,4593,13831,-4961,6536,3319,2753,-5396,2685,-3898,12510,9141,-341,-13505,3028,-588
-2731,-6935,-6195,4582,710,3006,12131,-10877,-7447,-4394,-672,7150,-5195,306,-5962,-8274,-8632,8446,-3554,-5788,-1844,5761,15959,2499,11738,8746,13035,-12048,4338,-12857,16116,-12595,-12654,-12977,-4111,8809,-746,-659
-5470,12098,5285,-11093,-6123,11620,-11480,13875,7253,-408,14179,10525,-898,-2836,11849,5879,3888,-10304,-6024,-1572,8721,1015,6435,12534,-13052,11194,8433,2082,-15675,-11178,9480,5554,6540,-1919,8152,-7908,-3245,3732
2152,13406,-11082,-7903,2822,-311,3082,11814,13290,2139,1707,14277,-14489,7314,4525,13112,4450,4750,4501,5012,8354,-5818,-13151,11468,-10229,11439,-1196,5893,16031,12144,15153,-12474,-9029,-5575,11779,9173,-13114,-12167
8111,-1256,-10877,-5019,-15442,-14356,-11962,4823,-14653,10832,-13227,-10698,-6571,-11265,-9948,6081,-13969,-7579,11046,4682,5528,11273,-12180,-9026,11313,3297,-4940,-6085,-12468,-7141,-3886,16094,8350,-14046,12604,-13397,4928,-16102
-8758,-8622,-12100,11318,-8364,-3573,2372,-14202,6332,7946,-15902,-9849,-4520,12437,-7601,-927,4941,-2613,-8183,-5209,5400,-13862,-4307,-9098,6653,11603,42,15875,6009,-8206,-9244,9484,11613,12882,-6132,11731,-13600,1663
-5188,-6493,-11059,15916,10971,-10774,-14026,-6633,-14222,-435,-5245,9174,5984,3809,13771,5844,10206,-15778,-3464,-2015,5210,-6801,-14121,-8245,-8038,7341,1114,-3280,-15732,15132,5039,14526,3281,13763,-10803,634,-5555,-13642
-3975,-6822,-3102,-7318,9877,-3019,16167,4129,-15182,-5048,11343,-9056,-9389,-2816,15450,8983,14028,35,-10437,-8652,9117,-5841,-12067,11910,-12637,-3073,-10277,13665,-4202,-13225,-12656,15934,-14142,195,-7342,-3525,-12622,-6998
14893,9956,-15840,8927,7842,-7555,-4111,-948,11764,15211,-14041,5706,13800,-8030,1549,5382,12748,10482,-438,8160,2216,8728,15379,-10065,15359,11932,-917,-13216,5727,5167,-1676,-2645,4495,12921,-1739,-6092,1927,2847
5663,3598,13335,15139,-4195,-1906,3244,-7888,-4569,833,-822,11431,-8770,14143,-12900,6042,-11733,-14272,8546,6968,-4238,4294,-420,13146,-12447,-11752,-4886,-7674,-7238,14170,-8858,5645,-2730,8327,16160,14974,-5493,-15163
13514,8065,10917,3792,-12483,1419,-6870,-2421,5563,6420,-10965,-10274,95,-16210,-11192,11425,-11654,15968,-9713,-6148,13187,12157,6419,10269,-11702,-3345,8421,-2648,14428,-7678,-4332,-10865,2120,426,3285,-9880,13046,4994
3343,-11721,-10304,-2032,15376,610,12416,8231,-9791,-3336,-14752,6069,16160,3767,-3470,3142,10451,12563,8344,11799,-13479,4882,-13757,-11392,-9399,-10740,-2186,-15731,5369,-12467,8622,-4864,-7462,6068,3591,-9469,6176,-14083
15145,-12072,-10090,-14482,-12111,-9190,-2937,3106,-7751,11870,-3753,-890,15560,12211,-8196,-8259,-6235,-9980,-1286,3645,13031,-13658,-15923,-8016,11086,-3302,2058,7911,15656,-5047,-3961,10337,-10476,-15421,12701,5760,3914,1155
276,2893,-13884,13913,-1333,-2570,14890,-9043,9060,-8490,7438,-11694,-5069,-13875,10116,14136,-690,-11281,13775,830,-9722,11538,16083,-4081,-11432,4381,-2400,-558,-15093,5908,7213,13033,13097,6351,9195,437,-5201,-658
5604,1290,14533,-9322,5561,-6773,-356,4032,-14390,3018,-10849,6577,7381,-9744,-7158,3410,-10555,2803,10504,4358,-3505,6223,-12490,-9833,7925,-13130,6861,-12111,-1381,12044,1063,3887,-11227,13489,-15451,-13621,-13052,5317
2259,12045,-14619,9752,-5257,4656,478,-4447,-7830,-6273,15558,-14975,-5054,11002,-13701,12146,-10415,684,13244,-10832,290,-11806,5861,-5878,-6724,-643,5459,-14976,6461,13259,9896,-11197,-11046,7085,-10627,3728,-10557,-5396
6920,7458,6674,-3740,-11780,-9869,1122,14183,16279,7915,11395,9871,13578,1643,9473,-10920,-6396,47,2915,3858,-12376,1989,-7625,-3074,5989,15942,-10102,9667,5673,11091,14272,-7311,-7556,4697,-6877,13781,5188,-8951
15540,6022,15107,13827,-12745,-1951,-6341,12689,9190,10074,-1101,-137,15545,3103,16201,-16060,15810,-4785,8759,3761,-14930,4369,-9587,12289,-10472,-15906,6902,-755,-11708,15883,-15631,11419,-7230,14719,8627,-7911,9825,-601
-13984,10042,-12858,-4276,-11420,5500,-1440,-1534,5474,10442,13424,-2033,4358,-7844,10075,8703,13841,-8039,12188,3944,-3878,-3143,16199,13445,-14589,2025,12531,-4893,-77,13494,-3488,-2972,8626,-4712,-8855,5794,9691,5848
5751,-15362,6288,-2173,-139,12998,13779,11545,5773,-9682,-11754,-3463,-10119,-10675,12410,-6985,3430,-2114,-10061,5546,-14665,-9821,10209,6709,-3454,-3093,15000,9459,9712,-2151,8773,-8246,1850,-6718,5007,-11789,-6080,11566
6426,-12496,15428,-10773,4345,12304,-13185,-2284,2890,6630,5789,-2904,4555,-1007,3253,12808,8713,15633,-5579,11014,-10354,6562,11516,13136,7349,5780,8936,11458,15493,15052,-2847,8223,12067,3486,-8099,-3995,14301,-4430
12945,-16147,-8762,-12562,15252,-6673,-2614,-4812,13150,-12599,-13269,-9161,-2822,2798,-2492,-7765,6124,-6384,5511,7761,9389,10635,-8412,-3064,10983,6734,-11301,15779,-10192,4855,-5400,8305,14566,-6582,-2250,-15913,-9331,-1159
15090,-15114,-12527,14863,-4784,-2427,-1953,704,-8110,-6559,10593,-6089,-8764,-7921,-2392,886,274,2412,-5453,-1632,14036,5964,-12621,13459,7335,-1953,1233,3767,-11816,14400,-12655,-11946,-10530,-5132,-11552,14286,-757,14969
-12583,-10049,-7759,-4986,7744,-10822,297,-5145,-7074,-16247,-11626,-10411,-2624,-11343,1116,2865,379,-1031,1822,9233,7057,-13313,5621,708,-11372,3962,-1191,-5711,-13081,-12534,-7498,-8316,-14596,-14761,-11696,-5642,-8410,10735
-9710,-16099,14050,9534,-4584,13614,-8756,-15197,3643,11120,-15816,-15074,8190,13809,11869,-16331,14384,9850,-2169,6364,-7997,7286,-14735,2997,-104,-12612,979,2932,-9412,8611,13238,-7757,11307,7426,-14986,14021,3869,-94
