40,
39,
9852,3458,-16197,-1233,15908,10815,-7045,10768,-15563,-14071,-14054,3598,6696,6939,-7819,13344,-5873,11268,-999,-13906,11455,628,-12105,-7191,-13912,5950,-12219,-10295,-14891,-2555,207,-9202,3614,7511,6318,-16339,9255,-12006,-261
-7263,11086,-8187,-15368,15442,3607,-9974,4737,6869,-10972,9551,11709,7478,9056,-7160,-14487,1647,-11242,-16260,-3087,12724,2860,-10261,-11743,-5612,4582,-9863,1697,8978,14432,-5077,-12564,13896,-536,-6251,16077,-6737,8169,-9920
-2661,-7365,11265,-6654,-6718,871,9977,8076,49,2254,-13221,11922,12714,-1203,-5090,-6804,-2682,5484,12060,-14247,3700,-11497,-2342,-8571,12122,10611,5633,-8832,-5236,12398,-12020,-12291,-12203,-2083,6815,2461,-6227,2357,-7853
-4856,3041,16043,8916,1891,-6254,-7534,12960,7198,-13316,-5356,-14131,272,16342,-13309,6738,-5758,7596,-8230,-9784,-15165,-14955,7742,-13555,11946,4195,12584,12042,5043,15590,-2046,3269,9011,-15079,-11294,-3855,10820,11509,-2895
-8776,-11286,9319,-8775,-3317,-14480,-11260,-15259,7683,12294,11524,-13179,4994,2099,5173,-743,-11461,13666,6249,798,1372,12991,-3314,1006,-2027,-414,9894,12823,-2256,-14423,537,5081,-3019,3661,-14607,-10239,10276,13732,-1313
-15214,13018,-3179,1323,-14228,4662,-5720,-6802,5509,15142,11825,-1516,-1091,9099,-14243,8485,-5348,-2284,14392,9093,-6274,-202,4958,-12062,-2976,14314,-10755,-11489,-8277,-13037,-429,-11282,-1790,-4409,8543,13662,10303,770,15280
5085,-8238,-15190,13592,9217,3352,5956,-7878,5223,-14636,-6465,-1245,8444,-15409,3824,-4520,-13297,14908,-1348,-14813,4171,4715,4382,12694,-11813,-10138,1108,7729,7885,6900,-7316,8866,11919,-4717,7553,-11912,-7178,-2358,7221
-10922,-4258,-2711,4028,-9900,3280,-3630,1331,12373,3140,12294,-16234,10487,-11208,8291,9785,-14287,-9376,-9235,-2448,6054,4537,-9349,-11866,14138,11948,6892,-4053,-7107,11118,12773,733,-1744,5097,3902,8867,-7597,-1976,12449
-2511,-159,13927,6681,10554,-5487,7798,6858,639,13218,12074,-12545,3453,2264,5612,4093,10677,-5629,-14871,2545,-1985,-15015,7727,3901,-6776,16031,1228,-14534,8289,11817,-3551,5623,-1360,9983,4759,-3662,14983,-11701,13847
791,-10566,-16039,11476,518,11512,14413,10710,5676,4711,-195,-8345,-10550,16268,-10888,3542,-15570,-10808,7050,-5211,6447,-15191,9524,-5607,-10136,2404,186,943,10867,-11450,-1231,5209,13756,4397,2941,6927,14630,-4771,-7326
612,13266,-3861,7368,1662,11243,14750,11032,3158,15187,10294,-10198,2573,11371,8034,-12875,-3315,6461,-7567,-8070,-10258,2695,3963,5475,-3688,1637,10170,-329,4992,12625,9179,-13286,9839,3698,-15815,-461,4639,1870,-6944
1509,-15911,-4726,-1097,-4917,-14960,15991,-14225,-15294,9817,1231,-872,8151,13598,9419,-1620,-443,13209,-4909,-8276,2071,313,3959,15837,-9301,11971,-4511,-2826,1771,5227,-11598,2834,-15207,3028,-7876,8860,8622,8763,-14458
9712,10452,14066,15096,15535,-11326,-7757,11072,15563,-3376,12683,1237,-242,-16317,-14111,-1331,9736,13255,4392,7997,-10584,2770,9519,347,-6500,-5202,-11976,453,-2959,-5334,3244,-5114,-13983,-11384,-8692,-7888,-167,8722,6786
14887,9184,-15633,8791,-2168,-6468,12192,7356,-14649,-2964,-13566,-15816,15866,-7205,7284,-14329,15385,-2725,446,-10978,-4957,6544,99,-10819,-6506,-13061,-13302,-4699,-6297,-4987,-11159,635,11166,-9308,-13432,10544,-6670,-9940,-14308
6834,-1974,5509,16012,8978,14935,-6860,11751,-5342,-8513,6167,-8352,1577,11454,-12123,-1102,11494,-4364,-13342,-12018,-7581,14039,11226,-3945,4797,9388,4099,12164,-14770,5830,3267,8562,-16304,4679,-13109,8260,10469,-13144,-6018
-5685,-290,-7336,1686,8668,-6308,2505,13305,-7712,8756,-5377,-12710,14603,-570,-14923,-11319,6195,10538,-14819,4916,10740,9526,15792,14569,8241,-6774,15100,-6679,5872,12242,-8214,-13769,-15549,-12492,-14517,-13277,-8072,13197,-5380
12361,617,10095,11496,1362,4973,15758,7738,-9004,-10533,5977,12539,10434,-11161,8717,-3019,13581,9973,-8330,14485,10585,2697,5715,6739,13391,882,1398,-11530,-8714,233,351,-8655,-8261,-9442,3299,-10860,-16209,-1944,-4444
9289,10759,11655,-2669,-2445,-13421,-561,6835,16214,2986,-15424,-11186,12248,-6092,-4690,9189,-6557,15655,15711,3147,2419,-14638,-14010,-8262,4045,-14300,7800,11594,12082,-11898,9210,-14304,4414,-1053,-9660,-6884,-10345,-1998,1155
3664,-5439,-3991,-11420,11380,-13390,-1284,5897,-15062,8781,15822,-7029,10158,2516,14228,-14348,15276,-912,-7149,-6937,-10654,-558,-13189,-658,11313,10932,-8874,6054,-11149,6019,-93,6536,-2465,-11671,13897,-12971,-2808,13573,10773
7618,3124,-3335,7969,1266,-4657,4610,15501,7305,10840,-7841,-3988,11357,-9103,-3890,-12552,-11874,8311,-15720,-8019,-14545,-11788,-11755,8782,-4799,11006,2206,-544,-1936,-9742,610,-12303,14193,-12496,6545,-5317,-9794,4308,15485
11501,-8858,9972,15903,11086,-8012,12167,-14756,12062,-13905,-10038,11177,10806,8222,-8108,5247,1237,10841,5591,-14268,14488,-3316,5363,8559,-8502,-5578,-9588,3269,-12191,-12091,-1830,2818,2198,-897,-15409,5675,-14257,2118,-2985
-15128,14198,-6900,-14839,-11345,-4257,-15581,-4036,-12988,-5029,7656,-11601,15574,-4867,-12297,14975,15703,4438,6301,-10501,-14899,3030,-4700,6952,-11853,9633,-12567,-1341,-1598,2339,-12877,7415,5081,-12984,-1707,-58,-2642,-13859,10550
-1727,-3624,-759,-15037,9836,-12982,10545,14973,14211,-12854,-12763,7617,-14032,-10555,825,-11860,12895,-4393,13875,-14166,-6627,15710,-16160,-381,9679,5897,9859,11246,-9320,-14743,5417,4740,-2752,-634,-10634,9969,57,5463,-1107
3636,-9013,-10364,-5071,-7313,-13314,-3961,-636,-9683,6556,-13662,6448,-8792,5193,5953,376,-12584,2071,-8561,-12187,-433,-12858,-5846,-16100,3529,-14464,-3770,-2691,11749,2580,-1158,-4005,11285,-1316,-2402,-6341,-15860,2525,491
-7829,553,11568,-700,-5930,-1259,3329,5372,-4696,11864,-10680,-6253,14148,-15699,12545,2829,-9563,-2913,16039,15530,2197,-10292,-7392,10742,12320,-10825,-14481,3469,-3171,14578,249,14375,-14066,-1966,11866,2952,-6238,11374,-12104
13970,5012,14534,7388,-2985,-15568,-9358,5593,-16269,13933,4461,-6687,-1803,-2261,-2834,4721,10731,-15114,-15540,-3783,16104,-6983,-2446,8226,-713,4568,-13419,5658,-13660,-12586,2759,-6399,-5435,3157,-5625,16269,9649,-7022,5067
-5525,-8248,10210,-13872,-9771,856,-961,-2603,14938,-15022,-13174,-13342,-14033,9052,-11881,-8896,-2378,-6229,-13830,-465,10795,-15253,13781,9083,-15639,-12849,5308,4255,-849,4086,-15147,-1301,-16287,-2949,6662,-10877,2524,14736,5939
-2908,14088,-6574,1765,1451,-5940,-2568,-13015,9508,12101,14522,7726,13398,-11150,-13256,-8239,-11173,7849,12813,-10793,-7279,3966,5755,-8343,-13112,9182,12248,-5311,-2766,3967,7345,-3766,2819,-15234,-2217,-8912,14781,1498,-4922
3208,11442,-14797,9566,12775,-499,-8062,-10643,-1643,1949,-15650,-4095,11061,-1163,12337,-15565,9074,-11869,2007,8351,-4819,8055,860,-5217,215,3382,14720,-4519,3584,-2299,-10512,6320,-15378,4336,-5060,-11227,10663,-4899,1903
-5945,-15252,-2630,-3642,-7019,-7473,-13463,-14231,-15508,-6711,-8460,-12848,-11503,-6369,133,-9442,-2832,8446,-7861,-2973,2083,2102,-8952,3101,11075,3005,-876,10961,-590,1590,2974,1513,-5485,11424,8616,-223,9116,16325,-291
12945,15615,-5197,4344,-11808,9281,5318,11277,-3477,13599,-8863,-13125,-5181,11092,4655,7182,9315,10661,-5907,-8449,2097,-14409,9109,-11460,-8927,7063,5791,-3174,70,-14991,-12453,8307,14118,3669,-13000,-6077,-7475,-8716,11546
-5819,10022,-158,15411,13535,330,1339,11861,10685,8739,-213,14967,-10324,14153,-2240,-1058,6348,-9558,6660,15979,-12220,-7675,11724,7443,15491,6588,-2451,-6381,-3496,14870,-13446,9172,-1259,-487,4742,-1287,-14241,5345,4404
-16319,12178,-6196,-8997,-1171,1124,12683,3607,-10982,-6343,13562,-6744,-2690,6253,6610,9878,3563,13459,-8631,-6805,10390,-2173,4053,-7326,1846,11950,-4752,8169,-8956,-828,-5609,1104,-4238,6740,-8974,3944,-10363,-9567,-16300
-15584,15390,7892,-7694,13061,-12142,-5487,9061,14008,-11714,-12084,-5065,-11534,-1925,-15911,-8390,9552,7342,-15988,-14962,14713,13053,-3135,-11142,1826,8702,-3678,13381,-905,-8852,-14691,-6486,-4043,5292,-5987,6228,11649,-15784,-8033
-6851,-2317,2919,1599,-226,-12888,6015,-5609,-8700,5932,13573,-15348,14053,-4127,6303,-16238,748,5251,-1428,15640,-13324,-2043,-189,-5304,12666,11169,-11439,15292,5217,-12437,-2052,5137,10856,-8622,-10016,7257,-6763,-3869,11107
-5606,15656,-9922,15641,455,6552,5144,6306,-3124,-13762,8652,-16050,12993,-6541,-8618,11783,14333,7446,2656,-1525,10083,16059,16222,4216,5381,-12403,471,-16191,1790,-447,9243,-11053,12893,-5495,7463,-7445,-3256,-5526,8778
-131,16370,-2552,-11730,12451,4385,789,-12748,13410,-9787,-9268,9812,15171,1295,-6201,-1629,3654,-9872,3127,-9564,4782,9929,14837,-7833,3232,-14002,-4267,4271,7165,-16285,-4104,-12997,-12290,-1262,-13057,-5170,230,-8983,10117
-7282,-13816,7736,11728,7790,13074,14835,-10307,5760,9480,5526,8407,-5005,-12063,9350,-10116,4167,3474,13228,-13620,3526,917,-3009,14071,-10040,8433,-3354,10326,3043,9256,3354,-2566,-8628,11579,-9412,7066,667,-104,14309
-5348,-15318,1019,-11895,-2766,3244,-14724,-13459,-12781,6456,-3101,5121,13445,-6933,-4608,15338,-2193,-9896,13,10371,1890,9792,7970,13674,10281,3415,8509,5430,-10779,474,-8270,3381,-5309,-12147,-13825,-3411,826,8568,9802
3902,3834,6800,14079,-2870,-5453,-9759,4174,-6392,14772,-14753,-12249,4704,16175,-3567,4274,-9137,4181,-508,8379,9148,-8320,7437,9521,10847,2229,1231,10908,10011,12775,-2536,2649,-11215,11486,-5830,-14793,8083,-6751,-247
