40,
40,
3684,16341,5262,-6559,-15203,6393,-3747,-108,10991,10104,3422,-8966,7326,10333,15281,-13312,-8794,12841,-6808,-1345,-2679,13793,9887,-3536,-1994,3560,16294,2057,-5010,-1759,-10754,-6808,-5302,13818,6108,-6919,-5689,-12522,8429,9619
6505,15414,-3514,-13219,-5639,13930,-14348,14488,-12288,1673,-3349,-1692,-3197,-578,4908,6164,2872,-5118,16345,8076,-391,-1464,-9471,-1827,-14381,-14010,-821,-5770,6804,14099,4194,-10209,-10371,7199,917,6022,-11005,2970,2634,-5614
5958,-6027,6821,4114,-7618,11008,-404,13332,-1998,-3884,-11228,-9810,10499,-5216,7772,8479,-12227,11934,-10016,7181,-329,-709,1218,-11056,-3774,-5930,6954,-12404,15255,782,-1160,-7540,12493,16150,8147,13351,-15420,-12145,-11759,9144
-12147,10910,15554,-10208,1510,11974,7293,14562,-7528,15392,-11224,-12091,-514,4520,-4607,-10287,12845,2026,-4417,13658,9502,-15124,9976,-16335,14602,674,-15563,12503,-15109,-837,14015,9328,7870,4542,6595,9757,10879,-4917,-3738,-9400
-12767,-15673,-8956,-2932,-10066,1560,3440,12559,12615,5450,9097,-7854,9242,8958,5824,38,4443,-6576,-1014,-9077,3952,-3752,8808,-13884,-14350,-10367,-11788,-14377,-5890,-6175,15496,-11358,-795,5798,11517,-11111,-1248,14091,9808,4569
1595,-11212,7534,-2886,11266,3716,-2619,6376,6505,9437,8948,15039,-15469,-8131,16362,665,128,12092,-1797,1604,12598,-16253,13506,6922,-3443,1188,2781,11839,5337,891,-7008,8343,-6286,-6327,12218,16062,-908,4891,5898,-8153
-3408,-15859,-8487,-7859,897,-10371,-13236,-1858,-8030,2172,-2208,8702,9776,4712,-15112,14191,-13550,-5279,-2252,-7790,2141,1599,-11748,4588,-4625,-15958,-12007,7230,-3677,-4740,11749,-4554,-720,6702,2414,-865,4555,5453,-15199,2915
-11052,-3808,13489,12779,9380,-10593,8700,-5957,10574,6339,4725,1581,-12429,-9426,-5557,16095,4071,-13825,-14501,6544,4317,-6266,-8816,3369,-1597,-11782,14960,-7272,-10196,1443,1062,-15788,-6055,-4583,-883,-12572,-12616,-6382,6886,12738
1491,8232,5789,-5937,-13988,5922,3369,-3751,-4766,4176,-13906,-760,191,-3123,-8735,13261,12272,-1996,1253,11044,14224,6090,14313,2025,-13298,-4306,13463,3553,-763,9437,4896,-3315,14832,5324,-9455,893,-12947,-1679,-9720,1042
9327,-10273,16311,-3187,3086,-9378,-13687,-9353,14049,-7007,-10723,-4188,-6578,1619,7984,-1258,-8418,-2562,-14479,-15158,204,7759,-15144,824,8891,1931,7306,-2855,7406,8065,5141,-12398,-4064,10651,-6337,-15488,-12094,-6397,-14689,-15301
-7566,6874,-11242,-9320,-13716,-13778,2528,14216,3773,-1634,-13868,-5952,-9472,-12871,-3726,14066,6784,6646,-8838,14872,-5933,-6922,4389,-9741,11860,-11103,-6022,-7690,-15022,-7194,-11159,690,-12407,5606,6549,-4367,-4172,-6185,-15752,8431
-3319,-12417,5346,-2244,-3645,9336,8000,4394,12953,-12368,3808,-6305,186,8521,334,9065,5129,11970,7400,6832,6043,2018,-8121,-13966,16102,12541,-1915,-14203,-6351,5660,-6255,-12590,12816,-919,7326,12976,7416,-12524,1263,-12328
-12957,-4987,-758,-2327,5944,-11535,-14297,-4311,-5505,3010,15302,15828,557,-11228,-7171,14734,-8102,12160,-5396,1966,10229,5756,4629,5760,2105,8959,-6452,-15463,-7246,7803,-8678,-11247,7231,-14067,14684,6952,9686,-11507,-2417,1499
-10741,-16204,-10996,-7309,-6445,6747,-14994,10274,14410,-7600,13020,-1149,8891,-3396,-2621,15699,4767,-12941,-2075,13464,16321,-652,11986,13834,10291,-242,13757,917,-5351,3106,-8185,13294,4406,-14389,14233,6914,2893,12173,6954,-15609
-16179,15354,-8020,8027,-5592,-15426,-6639,-14387,-8598,-12438,-809,-4124,-14842,5552,9230,-11027,-5434,14307,-5627,-9677,15889,14407,2036,7773,14040,-7841,5059,-12939,6919,-10420,1533,-4560,-5028,-5542,9653,-9260,14518,3035,7619,14873
9896,9864,3094,-13472,-8001,-5828,13432,9688,-9315,851,13358,13092,-6470,-407,-7440,-11028,13197,-6205,11525,-258,9478,-938,-4299,-4709,8257,-12488,-8098,11006,-8541,-62,4408,-8953,-8185,16104,-11237,7851,-7171,-6319,-11076,-2181
-3583,-2197,-6367,8776,1287,-6744,-9663,13609,-7150,-10255,3343,15484,16364,3373,-3630,-7718,-2123,-6343,14635,9170,4135,-11743,-5485,-11612,-312,15059,-13367,15797,8955,-10119,-9382,15096,-6774,5242,-12611,15277,10524,-9520,250,5816
-8588,2701,-2144,10397,-14522,11760,15069,231,5319,1299,4292,1231,4330,16147,-4295,176,4390,-13973,-9727,-12420,9012,10112,11442,15792,-12604,375,-5420,-5546,5866,6939,-8324,-15045,-6898,-9162,15847,-11012,-7675,439,-7365,9992
-5133,-978,9415,-11537,10914,15468,6040,-14118,-14802,-10365,-13749,-2206,5780,-15250,-8664,-7127,11515,-5320,-5103,-15461,-13151,-10162,-11893,-6572,1836,10699,10637,-12702,-2792,-6717,12627,12822,15114,-3293,-9266,11223,988,-13657,-1690,-948
-10548,-15634,3661,8432,13335,5206,4927,-5358,-11072,-12497,4370,-2649,3529,-14187,10426,6464,5897,10940,5557,-4626,4468,12371,-9355,11475,14157,-1714,-5280,-12664,2129,-719,-2093,7409,-1339,-8082,8119,-5213,-5909,-2083,-15997,-16267
5380,10771,10396,2175,13495,-9936,7795,-7516,-8412,1083,9870,11258,910,10740,8487,-4601,2546,15608,14046,909,-3471,7340,-8314,14394,-9416,796,3191,9327,-10060,-10678,1807,-7412,-2929,10435,-7812,-3720,-13036,15331,5863,-2790
-8171,-2015,10970,12919,-793,-1716,-7458,15901,-8187,-14445,-4071,-15282,12368,-13964,7986,-696,-15546,4754,6159,-16372,5277,6624,15575,2141,-3448,12204,3083,7,8260,5691,-15607,-4366,11140,13318,-10137,13830,9811,-6611,295,7481
-1311,2778,-15068,3565,6631,-11392,-15891,10462,-6325,-12241,9578,-14956,-15833,3496,3307,5679,10300,-10348,10663,-9646,5311,-6277,15137,-4410,-8672,-1871,10065,4371,15254,-15735,-3973,-8444,-11680,676,-15553,11724,6905,-16172,-1930,-10576
1953,-15829,-8055,10862,3802,-790,13035,13408,-13257,1085,20,-5787,14109,7236,13267,16070,2578,6067,-9369,1779,13327,10153,15451,-4187,4957,3047,11424,6880,15806,-5565,14313,5142,1355,-508,-1537,7106,15386,5383,-13737,4169
2380,-11931,13032,-479,3587,-14507,-2951,9004,5126,-5990,-11249,6847,-6149,3399,-1041,248,452,-15868,-3845,-9663,-10173,-8704,11205,-8389,3400,-12769,16359,-12123,-12084,-11810,11001,9073,15552,16331,-3805,-75,1603,-8939,-1293,-10577
-7433,3354,-5119,9110,9908,-4892,-15801,9230,-10890,11089,14453,-10985,8780,-5013,-11286,-2175,11144,13889,10415,-14367,84,-8460,11057,-1112,-13209,-892,11196,3998,16053,-14640,-7075,-1754,-21,-8657,-13297,-13272,-14270,-13304,-8058,-1702
-968,5135,-14226,11181,16181,7817,5170,-10699,12305,-4600,9479,-8783,-847,3038,-6911,150,-11648,7398,5579,12499,15058,7395,-10745,11984,14546,-8250,3452,14634,-6975,1088,-8094,1800,-8145,6420,-9218,-493,-9910,-8280,-2149,11028
6762,8896,14067,-6233,-13580,-10677,12903,-3679,-2278,9013,15365,12276,1132,7494,-12543,11066,11519,238,-3885,6265,1537,-1435,-9121,-14582,-12724,-14568,-5770,14477,1340,-5268,-16371,2596,15681,-13012,-6025,6967,3345,15157,-7651,-10978
6999,-8046,-5428,-4709,15584,-2733,-3010,-3688,-1152,3277,9611,8175,-12874,-15176,2570,137,4032,-13058,5500,-15488,-955,-3751,-7940,2760,14698,8655,-1778,-5019,15146,3149,-9081,8032,14189,-15709,-13894,9399,-8449,-1228,-7267,-13495
-4084,-6487,-8100,3347,12632,-3724,14583,11961,15139,15475,-7181,10249,-11061,10049,-3148,7150,403,11394,-2404,-12412,-15971,-2692,-5621,-7823,9994,-13532,-1512,13639,-16359,-1917,13495,15002,-11394,-11424,2361,-9344,-2779,5424,-11610,-7633
-1498,10098,10967,-7660,369,-1608,6769,12308,-8649,-15522,5007,409,9831,186,10737,-3562,-870,8835,2377,-10156,-6058,-12709,7223,9925,5972,-6321,13638,-8247,-11945,162,-2724,11290,15639,3557,9936,4,-2585,-362,1253,9305
15608,13965,10822,12032,-5508,-4618,957,-6570,-5761,-7851,-426,4025,628,-11825,-6081,-1204,13221,237,14619,1947,9138,-5378,6813,1476,-323,3273,11725,-5802,-11294,-3257,6811,5847,-1887,-10546,15970,1294,-15611,-9919,6443,12017
10903,-4043,1046,2546,12726,-1838,784,-10926,-2613,-11632,-11213,8953,-8759,4890,-9133,14843,-12332,15225,-4423,2636,-13128,7667,9652,9680,-2441,-4796,-5984,-11651,743,-11294,-9539,-2403,3764,12783,15700,-11659,-13516,12276,-877,811
-9295,6221,-9223,3897,14025,10575,-6637,14465,4371,15924,16093,-6991,3683,-5574,-13143,-14843,-13467,-14063,-8900,-6586,-1604,1114,-2523,-14537,16302,5625,3494,974,6607,10527,-1844,5719,-2791,5144,4574,-3504,16007,-2720,-6601,6653
6625,-9133,14076,10671,6708,-16347,3486,-2903,-14071,16025,6526,6349,5978,-7784,1903,-11402,-6389,-3103,6226,3188,-743,-12424,11833,4493,10960,-199,-3057,-3274,13269,12064,-9853,3279,-12465,-14293,-7397,-13147,-14947,11817,-12025,-7587
16117,4206,-2706,-5903,-1245,-2750,14137,-1088,-12504,14266,-7789,-11483,-5947,-14537,-15147,-6486,-1952,10682,-7986,-11557,-1925,8344,7063,7118,-4120,-7508,-844,-7997,-6383,-628,-13284,10511,-9186,5313,-8108,8518,-6480,2514,8292,350
8735,-1543,2724,-10261,-8244,13067,-4482,2057,-13264,-15265,8851,-13226,8436,14393,3358,6776,11497,15129,-12243,13009,13429,-6501,9290,-8992,-14545,-10922,-9410,6277,8402,-1373,8963,-7202,-4351,10046,11526,15080,-14275,-8988,-8742,-10985
6583,11711,-11417,1766,-9127,8434,14016,-7729,-16117,1044,840,-10346,6871,-3368,16260,-7551,-7649,-12257,6962,-16071,-11486,7868,-15755,1233,5943,-5136,-13591,590,-16118,-3311,-11615,8569,-6911,1386,-6940,-32,10569,-4840,2024,910
15692,8313,-13160,-12723,6937,-14537,12460,15484,-12199,-15288,9269,-4105,3975,13872,-9959,-13500,-16008,-99,-1125,-1388,-5363,7692,1380,12683,3155,-3432,14085,8924,1911,3665,10618,-1210,2686,12123,-14831,-1854,-4479,-14510,15492,-4613
-13254,14249,2495,-15905,-1231,16282,2947,13645,4712,-14158,-3762,6353,15599,11737,-16076,3879,3421,9942,4334,-4257,8563,-11284,-4474,-5946,-4268,-9653,-16188,-10890,-2475,-15107,14905,-9139,10506,4036,-6851,-4454,3809,11313,-15722,-13433
