40,
41,
-2360,1846,-11244,13883,-16148,1750,7904,432,9938,8136,-9860,-10442,653,-15212,10038,4870,11605,7775,-13446,5042,2348,-529,13728,-4082,3392,-9904,-8730,4933,-3889,1441,-13028,-13395,12739,-13065,13345,16011,-4655,1261,-14177,68,12595
-6894,-15285,-5145,-8227,7924,6530,1637,4298,14166,-14139,-13418,-13952,-15598,7005,-16215,857,6294,-4538,630,-5358,-15808,-16046,12120,45,-13955,10524,14227,1127,153,8549,15141,-5694,15594,-6175,14041,-9746,-2033,5637,86,735,16283
10456,-5150,8770,-5119,10155,10449,-1888,-15824,10098,-2413,1482,-6069,-6632,4636,-12518,9086,3848,7256,9175,-5042,16230,12212,5262,-9190,7256,6413,1724,-4247,8261,-9022,10163,-16257,4714,11502,9608,-14706,2980,-576,4183,10111,-1631
11245,-11991,10517,808,12656,2611,2714,-12724,-14075,-7501,15428,822,11489,-14453,-14876,-2117,-3608,7555,-10253,-1974,13399,8149,15457,-5666,12279,-11863,5393,433,-8450,-14022,16041,6365,9140,-13850,3210,3057,-16265,15334,-14708,-5575,9785
14487,420,5416,14729,10979,-4944,-170,10483,12778,-15637,5422,-1104,16313,-3975,-9017,-1905,-6714,8399,13773,6644,13897,14900,2251,12287,-1775,-16079,-4892,-15262,-11713,6372,-1234,-7044,-9896,3561,4646,-4675,-9063,2554,-9252,5768,6474
10664,-11734,13838,4586,5020,13380,15719,1032,-2299,13117,-13739,781,7130,-12466,-12817,-6671,4869,-916,5500,-10780,15679,-7313,-8536,-14430,-11031,-6059,6111,382,-10322,-11134,4254,14582,1268,-4510,-8102,-3115,1640,-1959,-8705,-1288,9020
1878,-5076,11193,-10153,-201,-7160,14720,-15842,10532,-10222,-3279,-2587,-5710,-937,-2236,-10382,-5571,2729,8749,6739,2364,14030,1187,-15498,-4132,-11865,9188,8799,-9187,-11268,1486,-5169,10463,15670,7468,9633,-13453,11943,-13788,-769,11910
-16274,-14128,14657,9815,-9844,-15198,15534,-16196,15272,4129,10911,1601,-9987,-15750,10323,-12275,-1731,3422,720,-3943,-16190,-5006,2662,-1826,2583,-6647,8750,-15396,-7852,-13748,4238,-13452,4612,5071,-10144,-13867,714,1171,-14171,16268,-9385
1674,4182,-5944,-7735,5268,-2450,11879,-11571,2095,12988,12214,9619,-11275,-10804,7321,-14124,9111,-12487,-3390,-818,12657,14372,4676,5261,11411,13470,-16345,13012,-8887,-8733,-10064,-13970,9368,-11816,3111,-13650,13119,-5992,16225,-16319,-12254
-9510,6148,9965,-9867,3058,12760,-15722,-10004,15593,9707,-13568,12496,1223,5859,2390,15196,-605,15889,5167,4924,2296,-14381,14950,-3215,-13235,5586,-3201,720,5571,-2425,-1716,13391,4425,7773,10999,-471,6111,-2233,-11231,8650,6282
-3833,-8199,7947,-8948,15666,-4719,4474,9320,8815,-6141,522,-14692,-865,6787,2337,10646,5888,-4301,-9682,-3670,7487,-3861,7985,8768,-5954,1477,3575,15540,-14460,9992,-9262,2629,9372,-2551,8119,333,-9209,5516,6450,6337,-6112
-6237,-6443,-3636,-1645,2611,5740,-3633,15364,9873,-11239,-1231,-15593,-5195,-1680,5480,9788,1745,-7324,11263,-15021,13004,14552,-8499,14651,12646,6764,1758,-13798,-15831,-96,16299,-12689,-12427,918,-15845,-14867,11117,-14890,-14178,-5797,13121
-11526,623,8309,-15789,12904,11124,5245,1922,10541,2876,-5223,-6980,-4025,2143,4022,-15734,-6110,-8282,-3315,-11435,-7309,2031,8740,-6976,-7107,10860,-2253,4189,2821,-11176,-12216,-3386,4960,-3663,4724,-8625,-1872,-11701,12772,15932,13908
12797,14982,-2624,3056,-1308,1213,194,3918,2661,-16134,-9268,10873,-11967,-697,8072,273,-1781,10561,-14458,-1397,-969,-4879,9120,15224,4046,-8406,7847,-10639,2164,-10041,13143,-8426,-6434,-14488,-5986,14243,-2904,6049,-14041,-7632,13233
7646,-14051,189,-7875,-12338,-13420,13158,-14435,2959,-11054,-5009,14496,-2247,10629,15057,-6308,15615,-12525,10116,15138,-2527,-8956,2203,-8617,1448,-13963,1547,1399,7693,-14956,-10786,-16145,-3196,16076,2694,14487,12077,7059,16037,9070,-7081
-7058,-8751,6083,-1936,-12089,1745,-14122,13385,6557,1327,10401,11520,11186,11834,-8585,9165,10562,10102,-2074,830,13051,-6608,-15434,14589,-13736,13709,13432,-2966,-11755,15053,-12774,-11009,11675,-7196,-10917,15663,15243,-1612,-2312,-2294,11309
14281,12911,-1266,15753,-13079,10525,8338,-16057,-49,12492,-6677,-2013,7278,-12369,15886,-4424,-6858,6619,15747,-15554,-7043,9024,10125,-2476,-7510,-12244,-6819,14228,13779,9500,9629,-16132,11965,-12833,-9482,-15058,3652,2533,-4472,-3607,-4365
1691,-4115,12169,-14377,-7905,10458,-10424,1287,772,-6075,-9959,-3281,958,11726,8393,-10928,-2556,-4305,14527,-320,-8559,-10288,4373,-13780,-10230,14780,-6831,90,4538,-15509,6866,-16185,4929,-1891,-7611,-4908,8819,3575,4886,-5855,-10426
3198,8695,-12235,14862,-6124,-11764,-3192,-13941,1431,-8583,-15888,-8322,13397,-397,4216,2506,7026,14232,16271,8738,-10721,-1344,8784,5245,-4600,-14648,-11971,-13623,12832,10342,12991,-9215,7034,-9697,-355,-6716,-2572,12697,6680,-8952,-2070
4638,-5846,6903,4873,3536,15988,4636,12869,-12460,-6677,8868,7829,6578,-14705,-11596,329,8454,1037,12862,-4262,-3767,-12247,-1537,-12095,-1636,14464,-12078,1535,7620,11244,658,14567,9777,6576,-14567,5655,1823,-289,10704,-10403,1773
5736,-346,14192,-752,-1012,-3156,-7216,-8231,-7567,10124,-15533,-6967,16141,-15147,-11277,-14698,3518,8340,16049,11329,12029,-10981,-13049,-1914,6064,7785,-11097,-2325,6900,-8664,-3016,-3206,6257,193,-6980,-15911,-6059,-5293,-2594,6001,-4430
-14121,-430,3465,-7045,15711,-2755,-4484,1717,6498,-11709,-107,-3971,-5065,863,11351,-9172,14178,-8946,16127,-13048,6060,-1377,-15786,368,-8913,2936,14641,5562,-13566,-11060,-4834,15756,-3638,-8810,2216,11772,-14425,7105,-8897,8052,-13774
-2550,-1926,1554,-3797,10549,-14068,9537,8151,9725,-15050,9430,-15241,15950,-10137,6081,16073,-2732,-15751,2226,14788,15229,-10316,14064,15150,3906,12211,-770,-1613,12591,-8369,12032,-1628,-7775,-5684,8477,-15501,5734,-10553,-385,13605,-10706
14217,-10022,8101,463,7004,11925,13984,9635,-15733,7682,-9242,-13190,12992,15277,15337,9147,14835,-10993,5920,9485,-5869,-14043,-2868,-8505,-11686,-3470,-3638,-4769,14597,-2586,-13349,-1159,14105,14210,3056,7768,911,4019,9472,5930,8333
-13792,-10640,8366,-5714,45,-11982,-712,-6727,-15972,-15811,9044,9248,-826,-1817,-15250,-1868,-15273,-3524,2167,5769,-1750,9208,-12947,-268,5282,-4552,-4576,-3071,-7428,-11530,-4911,-5111,12886,-787,7170,3131,-5919,-2910,4926,12158,-13642
-8267,12301,3102,-6289,-2984,13335,5069,-11596,-5504,-5714,1815,-7497,-10570,10329,-8599,6938,2360,5381,-5336,2107,7633,-209,-15773,-13818,5415,7412,-14354,14067,-9616,15421,15871,11137,5083,-11801,-9519,-14273,-7349,-16366,14837,-136,2419
10185,-6723,-12904,1955,-16380,10498,187,16302,12873,11945,14291,-11326,10596,-8836,-11293,-12068,2406,-14391,-11083,6395,-76,-6344,945,-15413,13202,-646,-11405,5451,-11313,9937,12823,-9636,5419,6764,3984,-2218,-3137,-9691,10444,-15675,-5672
-15166,-7492,-4045,-433,-15681,-4796,-6380,9405,-4691,-13690,1662,13624,12579,-4415,9401,-12813,-10049,11695,9857,-13885,2118,8958,4830,4538,12065,5725,7585,3582,-6310,6138,1822,7275,10452,-6099,-8069,-1899,-14534,2504,-4321,14272,807
-8860,-13585,-5941,-9823,-15390,-944,-12592,-302,3256,-14296,8380,-674,7249,-7577,15394,6958,-11135,13162,14165,1006,-937,5063,12457,3704,-9022,11644,100,294,-13209,16097,-5847,-8961,-8281,12619,7384,9543,14854,-12191,-1956,-9432,-4091
9707,-15331,14866,-15809,10981,-3392,-7333,-10127,10700,1075,-1944,-12518,6909,11849,4333,11154,-11394,-15341,-1184,-13135,16157,-10527,8620,6803,-833,-8688,-5394,5096,14601,-7004,4985,-6468,3123,12799,-14067,-9115,11524,10647,-14377,-4520,15939
-2735,-7786,601,-4689,-11863,7710,2048,12104,3279,14523,-5452,6091,2735,-16283,7848,9647,-5354,-5566,2791,5377,-10019,-5438,-9985,15062,1774,-13682,-2427,-1411,3027,3347,12655,-13330,-10030,6058,-3989,-1323,-1055,-8790,3926,16198,1167
14623,-1042,13915,-10331,-7716,8025,-13010,-1558,-9495,15114,-9509,12216,7376,-6239,-5303,-13215,-11252,-10609,1878,2969,-14731,8962,12775,5144,-658,8491,-12166,-15171,9220,-75,13039,-15619,13903,-9136,-153,12068,-8146,-14051,-5036,-14886,13416
4435,-8640,1544,-16082,3774,-16267,4586,-10056,-9949,-9515,11999,4661,14635,-1020,-12985,13755,-5627,-10740,-4386,6186,-13717,10443,6087,-12463,7325,-3813,3442,-1927,14045,-9261,-12074,-1987,-15839,711,-10907,13861,1250,3486,-16007,-15868,2605
394,-2654,7990,-959,-6996,10581,-8624,15832,2984,3014,15754,-1797,-6552,2890,-395,-1244,-12623,11008,-4053,4925,-9905,4086,-16036,-6971,2087,10202,-14204,10408,-2415,4813,12495,12986,14573,15185,8718,4856,13558,-2577,1860,-13342,-10361
-11983,12924,-10450,2907,-5187,7923,8849,10003,-13105,-497,1601,4208,-4167,-14470,-232,-14803,1884,-5001,-10354,6665,7525,5053,-13054,11430,9644,8572,12335,-15188,-11153,13723,5690,5061,-11441,12113,12318,-10917,16048,-10940,-15593,4810,-8579
14166,12260,8001,12545,10614,-15148,10179,-6087,-12340,-13987,-9004,-9408,12131,-694,-4089,14485,1931,11130,8940,1867,5840,8165,-15660,11739,-4036,-6707,-8746,996,-5823,2490,1238,-2112,-14111,5420,-16278,-10087,8655,6898,-3220,11333,-10201
-7494,-4805,-19,6319,-4827,-3860,30,11069,5468,6463,-15207,2926,13357,-15090,-9162,7408,13534,-14004,4286,2271,14841,-5234,-2403,1281,-13822,6462,2501,9680,-3446,3079,2914,9086,1387,3813,8092,3215,-13315,15050,-7619,413,12203
-5984,11474,2303,4574,173,11330,1000,15254,15955,13764,6552,10257,13049,-3383,-7523,-691,15125,8413,-3622,6935,-11385,13719,6917,-12873,9982,-6425,4282,7941,-15246,-5077,-14511,-2598,6018,6425,8341,-10642,4378,14261,12444,-15680,5882
-3039,-2063,-13445,15637,9578,10044,-12064,2894,-1167,8257,-10760,-2525,-4950,-10968,8225,8604,-10933,8579,-2905,-10384,-3503,2925,678,-13949,3423,15757,15281,-10866,11110,11647,13015,16150,11500,4341,10269,695,1311,-1591,-10138,-6218,-13242
-4476,-1565,7047,8634,14424,-8924,-7534,8667,9080,-7847,1092,1482,-12074,-923,13057,-7084,2136,13338,-9215,11191,-6551,-13243,1803,-14888,16284,-8191,14581,-11394,-13805,222,14111,8716,15966,1558,1701,1740,13096,-13745,-9291,8817,3265
