40,
42,
-10889,15028,-8849,226,-10640,-12484,-11478,16118,762,-8607,8717,-7537,-9220,-15120,10829,2731,8591,5118,-13825,98,3927,-9165,-2419,1269,-13977,429,-10050,2744,3469,-2356,11156,-14231,-14085,5644,-13981,-5804,-5135,-2152,-4376,548,-12709,4255
9147,2394,-7654,-7652,5622,9247,-4545,-7270,427,-828,-1910,6659,-1106,10372,-5636,5528,6824,-857,-176,-13106,-9171,-7104,-6416,-1537,13350,-3653,4307,-4034,-3985,-4817,-520,1249,4446,4676,9793,-12421,-1405,-4101,10327,14366,6618,3268
5231,-15031,9086,-2597,-6280,-10687,13991,-12674,2236,-10577,-9235,1618,-9293,8547,-12696,-11062,962,8422,-12766,3959,11107,-7709,-8638,123,280,16075,-9642,6928,7909,7431,10478,-3211,-5119,1114,7118,-13501,-9045,-10986,-1371,-13718,-6655,-14372
13527,631,9566,3148,14772,-13206,10656,15272,-377,-12824,10818,-13488,13018,-4620,6312,10837,-3130,8908,-3320,-2670,9142,-8095,-7087,-5389,-9309,1081,2209,-14981,-12966,-13333,1206,5336,-15041,4344,969,-12210,5736,-8114,-3590,5919,-15095,10437
2232,-10706,-13138,2039,-6266,-8439,10874,-2114,13024,3002,14061,-6639,9710,-2660,-13696,5890,-3841,-11104,13198,4919,-2136,4213,-9917,9276,14499,15190,-10226,-7215,-264,3997,-1838,-1607,-8703,-10530,845,8754,-13972,9073,4262,-10526,3774,12592
-16251,8782,-4313,11040,14031,5973,-14800,16110,-3802,-4977,-2531,-7853,-420,14204,-1624,68,-4411,11965,-14816,13022,-10194,-2905,-11289,14194,1536,-15497,12229,-1325,12003,12944,2385,-2017,6868,11075,11607,9071,11778,-1900,6315,-4663,3630,-10792
-10903,-13060,6124,-13730,13100,-10552,-9432,-8526,-4052,11813,-2155,14394,10218,14681,-15519,-761,-14690,-3330,-9431,12982,13909,-1426,2825,16266,-14977,-3546,6381,-4943,-16184,-10368,2806,4453,-4945,-14092,-2536,3625,5211,14050,-464,-8916,13507,-9185
-7422,-1362,4106,-9308,-9102,15364,-1706,16011,-6819,8329,-15557,11308,-16180,-8842,14025,12911,3496,194,14290,-147,6858,11898,-14091,7214,-11430,8223,15472,-10973,-10475,-5422,-15735,6713,1752,15497,14099,15365,-12909,-12880,15666,-3224,8680,-830
3820,-2912,-462,-2758,3691,-4464,6563,-2982,13631,1922,10783,-10609,14418,831,4571,11392,-11723,-5791,12044,12650,-4444,4923,-7669,13746,-1920,996,-13392,41,-4656,-6743,324,751,2473,11724,6204,-12482,-12946,-6210,13384,14568,1315,-542
-16127,9106,1730,8663,1994,9316,-491,-4037,6670,-7657,14588,-2953,-1741,-4036,-8160,-14040,-15524,-14113,-1652,-11993,14018,-6529,-1597,15335,5011,-7524,-6821,1663,15915,-2061,-9502,7967,-1646,-15350,-6729,10315,14688,13601,-12077,4774,-14588,-11850
-7495,9659,-8098,12261,-12556,-10284,7436,-12373,-14568,-7378,-9835,12960,3372,1633,6722,-16096,3969,-12201,-10219,-14940,-9113,-12655,-3347,300,-15262,-8922,-13479,15055,-6037,8883,-5815,2664,8624,-5672,13305,-418,15237,-7783,-15101,13482,-12459,-13515
-2462,-8604,-4688,3731,12795,-11661,-13413,391,8406,12501,-14582,-9784,-16232,2731,13334,-10339,-415,-5902,-13620,-2211,-2547,9304,-6491,9464,-6645,-11446,4850,8852,212,10203,4447,-15244,2588,-2085,13481,13831,-6177,-13802,-7325,-12329,-464,-117
-5160,-3796,-8694,-12761,13255,-15093,12299,336,10707,-16308,7229,-15579,10424,15439,12028,-7101,-15478,-7206,-15042,-10744,124,-13492,16205,12844,13982,10179,-15279,-2802,13487,10766,-8624,7081,-7909,10721,13794,-4539,15555,-5512,-7666,330,779,15665
11498,-1614,923,-3054,2642,-5637,12655,13190,-7350,-4548,-4331,2814,892,16045,-13730,14333,7970,13702,12724,-1508,10985,5629,3266,1580,12653,-6950,-4911,-11009,5100,-6253,-9030,-594,-752,-2226,-1943,7635,-13704,-13650,10429,-9087,-10352,11298
-5499,12780,-13254,-11289,-15696,9682,-10302,-6435,6760,-7501,9756,-10738,-4191,4434,-6545,-127,11701,3301,302,13182,3603,-6640,5904,5280,-2940,-8877,-10403,-8365,11625,5094,-15246,5092,9619,5995,-13806,15813,13900,2895,15642,-3398,-5817,4779
2540,11310,-6869,14760,4892,-9579,-14581,-5596,-15836,3875,5360,-7423,-13407,1916,14588,-5150,14983,-4166,-4219,-1543,11790,-9666,2396,-5231,-3017,11675,2881,10246,7652,-11028,-16167,-9447,-16346,-11294,-9543,7100,9568,14014,-14642,-6628,-788,-14766
4666,-4137,-8821,14334,-2753,-10830,-8749,14307,2376,11186,4882,-12549,2090,-4633,14932,-8709,-13149,-9930,12894,2290,10499,-10370,3830,4109,-16020,-1988,-2345,-3125,-3856,6435,10425,-14030,-8774,13152,-15721,11906,-10818,-1699,9085,13625,8301,-15411
7790,-16031,11092,-8131,-15261,11027,-7154,7925,-8163,-9774,14375,-11962,15422,-12615,7593,7548,11310,-8986,-4290,4540,15340,-12222,-7895,8438,14672,-2283,-8093,-14805,10327,15997,-15754,7811,8427,-4083,13755,997,990,-11783,6697,-3486,-13220,8326
11061,2986,4317,6445,13154,-10465,-1801,8145,5525,-14927,-12500,12137,2812,-6598,-10234,-11223,-15083,14493,6720,10632,-7513,12631,2654,-1850,2167,14618,-11207,14505,10738,4107,11400,4442,2865,943,11524,12691,10225,9939,9959,-10823,-15599,3443
14591,-10872,-15016,-9025,-10613,12674,3685,137,6106,11390,-8255,-12092,15057,-12830,6799,2071,-2668,4115,10717,12027,15695,-10461,2200,-2275,593,-7345,8466,-5242,-1598,-3492,-5494,920,-5669,2460,15495,11298,-14015,13588,6868,8538,-2643,10413
15566,-8422,-6208,13050,13870,-9436,-6037,7599,3510,-2267,1445,-2665,-8986,-6348,-1887,73,10998,-3268,-7638,1829,2542,14327,14477,-3693,-11436,7078,2982,8365,1275,-10114,14147,274,16359,-15853,-14889,3794,-8906,-9496,-2222,9223,15579,10183
-4082,2392,-14128,3841,-1429,-14538,-3795,2666,11140,14860,11937,11982,8039,8589,5658,442,-12590,10147,1907,-11830,7342,-9251,-2964,14589,-10529,5468,16346,-4235,11888,10651,-4717,6176,9127,5910,-759,8530,-4723,7880,13557,9870,13010,-10029
-12343,-7972,-8999,224,-3763,14169,-630,-9309,10165,13072,-13287,-2972,8985,298,-13853,9404,5566,-9132,1244,-1908,6779,-16262,-3321,-13776,-7471,-8085,736,9332,8206,-10755,15503,8302,-4618,8803,-10749,-14857,10702,-4275,9938,5276,-6891,5596
5035,3786,15515,-16153,-11310,-9052,-3458,11099,-15064,1911,-4235,-10772,-3704,1305,-3820,9804,14965,7877,-9400,10607,5275,4853,3196,-3403,11589,-6106,-3610,2567,14118,6980,629,6241,-4509,-5748,-14635,8602,-6322,2305,7373,6288,-9363,15250
-7961,-12363,-8009,-4117,-4727,11397,16347,-16038,-13861,1971,-16242,-2945,6292,2547,5486,-8471,4,-14381,-12350,13732,-4681,1636,1068,14772,6824,-826,10005,9670,-13345,-5036,-2316,-4402,-3741,-2255,5440,416,1772,-8634,-15317,-13104,14228,13845
-1193,-8886,-2552,-8076,-11078,-8059,10808,372,11753,1312,-4570,-13306,-3209,-13552,-3421,2500,-2635,11171,6945,4838,-211,10850,-1472,-3182,-4399,7095,525,6114,15749,-10808,38,15280,6280,-13659,-3224,8709,14543,7640,11883,-13425,44,9422
-15110,-2527,-9004,-13068,6372,-7829,13112,707,15810,-5463,-12684,1635,10882,968,-56,1183,14450,4397,-5986,12484,-5727,7973,4879,1618,-7152,-13062,-2720,12813,-11934,-14214,14188,-11757,15203,14759,-697,3429,-11527,15299,-2611,11164,-2613,9001
-10346,9706,-7065,6614,7519,14511,-7149,6442,41,-2863,12284,14638,15461,-14018,-6480,8792,14079,-505,15743,-12202,13859,12652,1165,8326,2622,-13857,14006,13002,-12126,12802,-4985,-5003,-14360,-12932,-9317,-2102,-16084,4398,13948,-6119,882,3869
4792,-8292,-14426,-8002,-12235,2288,8267,-6526,12102,-2249,1207,1522,13774,15882,-14852,3736,3444,6017,2448,3389,7755,15403,7057,10577,-4605,-401,655,-4908,15481,10790,648,3051,14480,14363,14334,-4813,-3444,6549,-11749,-5881,7316,6309
-12521,-13223,-15208,13108,-8419,-12349,-1815,-3843,15025,10035,-5363,-7164,1174,4246,-13191,-1395,6432,311,221,6904,1775,-731,-693,9586,9830,14612,15794,15973,13065,-10117,-10695,-1146,1732,-832,3772,15312,15876,-16266,-8202,2138,13705,1924
10721,-10146,-6988,-10594,-1793,6969,7935,14438,1252,-7502,-3791,10491,-7322,13131,-3155,-9960,8922,-8161,-4723,6054,-124,4815,8741,-2491,-4821,-5043,-3688,3137,-6343,9211,8376,2413,6270,-6372,-11179,-104,15427,15502,-8934,6696,1145,-6665
8538,2611,29,-6368,-11483,2627,-126,5875,-2142,-3869,11487,-16225,-7417,16364,-890,2408,-5702,-3192,15469,-1607,11573,-4338,-7951,-6712,2614,14149,-8915,7046,-12284,9745,8794,1794,1286,14193,15477,2457,-4087,-15201,-4657,5349,14202,3993
-9770,-11039,-9840,-3863,-15353,-2155,15308,-16151,-10086,-15354,11715,-13792,-9617,7295,14630,15533,-3002,-5099,-14753,-4533,-13453,-11949,-5275,-1130,10723,-15994,10105,-14177,14734,-6895,12712,-9373,15320,-15900,-13186,-15295,-2846,-5468,-2026,-14291,-3226,9889
-2147,10670,13956,-11480,-6607,-6483,-7480,-505,-13067,-11458,-10489,-8730,7613,14785,3918,16263,290,-15982,7128,-14957,4458,13065,-11108,12760,8680,-2227,-12116,4225,-9220,-2206,14482,-12722,13899,-7160,4711,4025,2232,13370,4120,-5903,-4504,-13207
-9496,11738,9106,11139,439,-181,-10539,11417,-7853,3199,-10003,1729,15491,9065,10393,14466,-15195,-2629,9748,-11901,14320,-12129,14238,-8364,-6898,-6012,-3304,8287,14681,-2365,-6127,1962,-625,13413,8217,14317,9356,-14502,-7720,4309,-6673,2270
3993,-11132,2160,-10491,-286,153,1376,-12674,1855,-1672,12368,-13829,-1352,14731,-12775,-16000,7743,14221,-1333,7512,-4505,10533,6077,-7076,13674,10973,-224,-3839,-12984,2525,-7656,-10682,-10480,-13773,14115,8739,9217,-993,-15171,-15119,8199,-3996
-746,-3766,8283,6905,-12617,6107,4018,13405,6672,-8275,13662,-4592,-9720,5768,4308,7398,1434,6705,-4748,-12945,736,3586,483,-13797,-1368,2314,-4602,6126,954,7580,-13187,3998,8522,-14698,5472,10138,-10121,11221,-396,-9962,-404,-15302
2133,-8911,5904,-5146,-16234,3471,5856,5185,228,-11447,-11554,-9221,7315,-10715,-8359,8138,-1174,-9421,-13913,-11128,-4322,4896,-8519,9432,13739,-7112,3751,15895,10467,5915,-8220,16266,-11065,-16359,-1509,-14519,-4250,-3080,-8151,7116,-15867,10161
8087,-6311,-15225,-5691,-14972,9973,-7529,7686,2571,14637,213,498,10780,3979,15903,-10026,13469,4733,3784,-9680,-9549,-1128,3283,-9502,-2870,-10191,-10713,2447,-9752,3567,16310,-15599,-6659,5630,12274,10258,757,-4136,9808,-12928,-12333,-4806
-9455,8517,11628,-4895,-5557,-8699,5250,12123,-5745,2103,14702,-12646,11484,4760,9574,8324,6200,-6077,-10681,12456,-15394,7770,5984,-7000,11979,-2450,4119,14580,6635,3343,12088,-6306,4354,-3184,12893,-9941,-3648,-13143,-9302,-4668,-10137,7879
