40,
43,
-2852,-5574,-10497,-12374,5542,15212,9437,-5676,7580,-13695,13569,-11459,-16158,7285,10888,14703,-5487,-12372,4412,-3717,1631,3007,6755,7183,-748,9388,-4976,9001,-13177,8210,-11231,5343,391,11547,14953,6848,8134,-5316,-3426,-12800,13748,318,-2016
-9247,-8380,-13572,-9072,-13107,1861,1143,-2029,7304,-1512,12277,-3160,-2568,-15696,-2260,-7863,-6639,-12401,-930,-7825,12648,830,-16052,11200,12237,3177,9564,4135,-12110,6797,3526,9377,15445,-12957,659,-7167,-13758,11930,-15770,-1632,-14560,1269,-6481
-8811,9217,-188,9188,-13535,-13185,-988,4694,-14980,3661,-13680,6444,-5674,14395,-2834,2398,15190,-35,-9932,15749,-16309,-15872,-8777,4794,-8981,7441,5202,-6696,10658,6554,15425,-15723,2650,-1077,5597,-11270,14645,2240,15387,-9398,8082,580,13662
10867,-15134,-14627,-11662,12101,15257,-1311,15156,7658,14445,-4992,12938,-16120,-3410,-12089,4188,-8863,1979,-7867,-9373,11193,-14889,-3751,590,-14509,-3147,-6484,-2781,10001,11610,-4849,-5291,-4273,8065,12675,-6316,9618,2948,-2957,-3560,-11121,-6109,7938
205,-2961,3426,-2428,11157,4059,-13693,14176,-13650,-9283,-13941,2040,4598,2549,1314,-8814,523,-4600,12458,-14963,10812,10289,-3914,7062,2220,7846,6489,-5262,-5368,8088,10963,-2596,13134,7077,-16205,-4554,5240,13297,-4831,-2622,-9334,7072,-1732
8608,-4267,526,-7637,-10967,-13670,6610,-5872,3608,5789,3758,16081,-13254,-5580,-10364,-5717,-9955,-8680,14966,179,-13624,-6921,-3914,13360,3594,-3810,-6204,15457,-13174,15546,-15186,-9066,-9189,16154,9630,1510,3692,6871,5588,-11002,-8133,12142,10654
1582,8536,-2408,-14238,4570,-5050,16108,14904,12790,-12684,-1540,845,12820,12069,-2934,-1796,-7574,4948,12149,8581,-4224,9621,-15422,-6108,-6561,-7921,7628,11139,8647,-232,-13686,-3128,-16104,3452,13262,-6656,1098,1883,-10333,-3871,13538,14246,12799
7248,8002,589,328,5782,4745,15527,-5955,12612,-12006,-11334,-16292,10581,2361,-7446,-10177,-2893,1069,-5147,-2977,-13780,-977,-13188,-14983,551,14613,396,-10703,9921,-15619,-15356,9492,14148,5268,-15074,4975,15194,3077,-4471,-10850,14033,5980,-1766
3153,-2877,-1039,-10229,500,7181,-5412,-7607,6032,-7919,-3100,-5603,-8491,-5115,4308,15597,-14093,13697,-5992,7833,-13580,7206,-10569,1430,-1326,13076,-11803,-6193,12080,-16164,5641,3608,12664,3822,8094,5602,6169,3397,-3161,11266,-1489,-5423,5313
1949,-11605,-12433,-16374,8292,-9367,5513,10212,12156,-12994,5436,-5531,8,-5156,4807,8419,2109,16006,9358,-9030,7617,-10306,-11178,15050,-3042,14286,-3113,-3682,3745,-12585,-9902,820,3121,15758,4731,5950,-9996,-13359,-12410,-13630,-1075,7192,-6589
8875,-804,-14745,-9456,-3411,4513,12460,-11900,4326,-9451,6021,-6878,-1623,2556,-7146,-8626,14881,7851,-13337,7999,-11690,-12835,-14157,16293,-9437,10598,-9313,-888,5395,2866,-3867,15395,-9046,-3579,1794,506,13983,-10599,10483,-8844,-10446,-6711,-8662
-10058,-9150,15467,3864,-8713,-8247,-1487,3799,-16322,3176,-9004,8657,-7121,3384,-12172,-7692,8289,2740,7967,9071,16244,-15039,9955,-6845,-9193,-12257,-3204,11522,14893,10587,-9668,-6728,4675,-7256,-4678,-14428,10801,16236,3669,14377,-12217,14313,-297
-15745,-4508,10942,-3241,9872,9798,963,-4264,-6276,-14707,12983,-11926,-14601,-4795,8785,-7401,-13842,-4661,7908,-13335,9445,7572,-10815,-15050,-16150,9044,-13345,-8633,-13576,15683,15831,-8532,12701,779,8552,-3695,-8981,14727,-15010,-6237,-1591,-9321,-7926
6516,-11008,-6033,-13105,3297,-12311,9395,-7637,-9220,-12510,12621,4768,10503,-8957,-13677,-2713,-378,-3975,-6532,9174,3260,-11181,-4282,15707,6302,9702,3024,-10494,10288,-12611,7962,15363,-13799,-2296,1887,11962,7498,-10608,-8326,10203,-8876,4807,12533
2032,5028,16134,-5122,-14524,10754,10741,1734,10352,6317,-4489,13197,-10305,6358,-12497,-2219,-14548,-2281,-11144,-3801,11425,-1699,-15691,-6849,-10053,11831,-2336,12249,15858,-14065,-6332,1331,-12324,-4814,-7016,4638,-14073,-8471,-5204,-15434,12467,12081,9684
-87,10687,6289,8496,11874,-5083,-11732,2218,-15230,-3221,14749,-11053,-9183,-16019,-11205,14357,13375,3274,-6223,-95,-5895,-2760,7478,5667,-16068,7653,-368,4518,-1372,6920,6261,6071,-9167,-11086,-8475,-2203,-5617,-14540,9369,6596,3720,-7250,3404
-3064,3534,5384,2494,5041,10928,-13017,7739,-2874,-14312,-3106,-13780,-387,95,-10505,14859,9104,13082,-5605,418,7398,12790,-1279,-14091,-14743,697,1970,8010,2174,-14362,4635,3229,-565,-5355,5031,-469,10026,3181,14501,-13801,7122,-6389,383
1691,9333,-1641,-225,14889,-14171,15194,-1151,10866,-7880,4003,-596,6061,-15772,4865,2875,11165,-13107,3959,-15069,-6159,-6043,3963,11032,-2730,-8177,-3841,14998,11175,-9798,7928,-2957,9543,14823,-9441,-15988,7061,13445,-6482,-5251,10192,10574,7775
16146,-2397,4723,4696,-14289,-5015,13399,9154,-1039,1453,-5748,-14655,8705,12487,6978,-8694,-14713,4551,-4205,4277,-13564,-12798,13065,-9752,-9164,14280,8301,-14102,15567,11952,-5567,15175,-3834,13278,928,-10111,16014,-9410,669,1675,-3535,14082,9562
3462,-12157,9694,-1147,-14107,2270,5728,-7324,8098,11970,7444,-9782,12875,16081,-4739,518,-15204,15354,3318,13076,12617,-232,-3139,-15479,-15301,-14723,-324,-9425,-6868,1567,14046,2029,10472,-1558,-10767,1108,-3034,15340,-9844,-7470,16281,14015,11353
-13125,-3702,-7032,-1234,-6690,7214,-5111,2588,2494,-3700,-16,-14714,-12941,2417,-14473,14304,5062,-4932,-2286,12930,-10949,-11306,1423,-11712,-9458,-7531,175,-12389,10458,-1372,1970,12459,8092,10290,-9134,-12776,-2470,1988,14954,-7263,8308,-7239,570
579,-2922,-7115,-15009,-11482,-13537,9133,2958,-7250,11926,-11662,11845,6255,-4395,-8858,-15336,-2636,-3371,-3675,-14082,2373,-3408,-8183,13963,-14502,13278,2398,-15254,-4495,7757,10141,-3073,-16227,112,11125,-5549,15709,2329,7452,-9757,15005,-3715,4378
11975,-9162,9831,10276,9415,-2756,6125,13050,11955,-15749,-9476,16101,-3004,1363,2004,-11609,-14675,1178,3292,11928,-7245,-10385,6048,-5185,10331,-15754,5036,-3711,15407,12016,-1437,-10720,-14070,6858,7445,9330,12390,-8749,7049,883,-10213,-15871,5673
-11699,10086,-4301,-2335,1671,1774,-5489,13983,-6836,-16206,15814,-2843,-12398,-8430,844,13351,12729,-16310,14211,-15351,-1357,-11173,5049,-11270,7816,-12725,-1093,7737,8304,-6834,-7866,6580,-2859,15922,4401,-4274,11512,13383,-1981,-3059,-8317,-4323,6104
-9837,16282,-2161,14639,-99,5721,7450,-1153,14463,-8823,9292,-3104,-16056,-14152,-1163,8611,13516,2857,-2948,15927,-104,11197,666,-15441,-10233,3437,-16294,11590,-14290,11969,-2761,-14752,11336,-3778,-607,6287,-15183,2745,-15117,3255,2306,12342,4297
-5433,6149,-9156,-12654,12654,-2791,8569,-5677,70,-7831,769,-49,15856,14433,-9018,8296,-134,340,1420,-5153,-6144,13679,-3959,-3224,1612,-6775,-11997,-15942,-2594,13129,-14319,11540,-6837,-7445,3235,-1854,-2486,-4296,1224,15992,8601,6083,-9604
-11429,14880,-2291,-10876,10500,13319,8597,12747,780,-11500,6176,13626,-12575,-6377,-3246,-11182,7292,-10801,-1767,-12629,2514,549,11754,-15746,15428,-9531,14195,9282,-7946,6146,-1787,4374,9051,3357,-8976,1207,-10761,13696,-7610,16341,7444,1798,-598
-4945,6622,3946,-11860,-7595,7784,926,14508,958,4931,-7608,-11905,-12753,-13030,15166,13173,5948,-10162,-11761,-15027,6317,-14512,-12428,2528,10907,9099,-11748,-325,3964,4504,-8793,-15354,-16200,-10857,853,8489,29,-5285,4379,47,-4074,1813,-13131
-14702,6431,5688,-598,939,15341,7869,-5767,-11624,15566,-15925,-10730,5393,-12659,-12894,5399,-1912,-3473,6341,-3190,12298,10894,16273,9942,-4858,4553,1920,11870,5098,-8633,-10442,-8558,7359,-473,8863,15928,4095,-4712,-8208,-11402,13800,-760,-8226
10103,-8378,-10723,-5810,-5808,-5054,9227,6843,-5694,11948,-8559,-405,2413,-13561,7513,5548,-13018,-2815,-4285,-3506,-15238,4657,12443,749,1264,1566,-6692,-15671,-6343,4156,-15916,11047,-8565,14108,-8050,-9817,12071,-4534,-142,-168,-5937,-11840,-6236
9745,2634,-7204,-2929,-13950,15362,3711,-1387,-14309,-15833,-9527,15746,-7228,-13888,10163,-11201,-14979,-4406,1285,-13433,2957,-15923,-12307,10371,11645,15406,14655,-12002,-11521,14281,-11511,15207,12751,-215,-12037,-12311,14283,-12645,1470,-14010,-4484,2283,-3381
-15387,-12664,9647,-8348,-166,-11881,-1142,3407,8736,13184,1154,-13458,3545,5101,8237,-8487,14358,5510,-6103,11590,9858,3838,-16068,13159,-867,7489,-9246,6259,847,6100,8744,15605,-11038,11104,5854,-14703,-15907,-1011,8093,-10326,12329,14978,4713
5593,13090,-3494,-4109,-1320,-4257,10044,-14764,-151,14429,-10942,-12038,9264,15372,7203,8515,-1757,12763,-6311,-5038,-11836,-1898,11345,-5974,-15978,-8596,-12056,11110,-1582,13599,-4616,8515,-2201,-1289,11987,-5237,15868,11851,199,1985,292,-11349,-14516
8786,6968,-11802,13893,13376,-15874,-11453,14423,8845,-11436,-2240,-10962,11006,-447,-13311,-14755,-11723,-1646,9217,15704,-14162,-8706,-13620,-8042,-8095,-5934,3208,5303,-10967,-4714,-7722,2290,2949,15537,-12865,12544,-2976,7169,951,15896,-8037,-9604,-7079
-240,-7393,-10893,-9286,1608,12265,10779,9415,-9371,9870,10308,-1857,10527,-3166,-1852,-897,15080,15071,381,-1370,8913,2817,14479,2504,-46,-3034,14881,-16055,-8201,14104,-5246,-4999,15849,2520,6666,-8800,3084,-16263,2555,8652,15948,-7106,-511
-6993,1897,-14423,3060,15955,2105,7505,-529,8059,7623,14676,7752,-2824,1892,-1308,-8539,-7170,4120,-7336,3030,-7025,-10139,10500,5632,-14788,-4093,14573,15855,3468,9847,10657,-13929,13634,-14173,7739,10325,-10432,5097,-5141,-488,-12672,615,-1914
-506,3536,9745,-4784,5937,-7134,-13833,-9528,-2040,7838,2630,-14825,-11405,2177,5907,-8700,11352,10939,16203,-15048,12349,-10624,-8344,4907,13451,-7992,13441,-1999,-14441,-11757,-9950,2308,13499,11284,-13991,-6453,-7568,6287,-13464,5773,-12191,-6321,-6309
-9275,-12703,9863,-14767,-7499,12411,-13358,12073,3345,11157,5624,16016,-11551,6024,-8915,3323,7294,-2276,-16284,13289,-12199,-15287,2362,13381,-4155,-12454,322,-4251,-13610,2384,-13964,8476,-1545,7226,8177,-9574,8994,-2551,15599,-13997,15053,-12558,13725
-13895,-1186,8417,-5189,2515,-14585,-3374,-1919,8319,-7065,2190,2329,16235,-12831,14057,-8640,11336,9164,-3132,1928,-4689,-11481,3114,5205,9812,12795,15514,-3833,507,-14555,8546,8982,-9654,4719,10093,-10173,-3680,1169,9721,-13068,-402,-10133,6128
-2878,12350,1142,-9860,10549,9127,3832,8443,11338,-4178,-7854,13317,4776,7704,1129,-8472,-12358,13563,-15545,-7146,9379,11463,2085,-1982,-1136,1269,14350,1366,4789,3333,11260,5997,16028,13271,-8293,10382,-5804,-11882,-14099,5152,10082,3422,-965
