40,
44,
6025,-2999,13602,-15526,2353,12376,11667,-4820,-13606,2673,-3143,16355,-15833,-9227,12443,-5320,6449,-11540,-5229,-13596,4498,-6029,5923,-6957,7577,-4788,-7672,-3097,7188,-10092,-11777,8019,-11756,3516,-388,16116,-12971,-11537,4292,1140,-9854,-7730,-1132,-2014
-5197,-1087,2094,-5592,10763,-2216,-157,4953,13481,4570,-4901,-2785,15124,-4390,4937,5515,11755,-6172,1295,-1080,-7867,-14753,-1905,14980,10586,-12225,7583,66,-13825,-11956,10408,8118,-15225,-4997,-12587,-8915,11015,14270,-6522,-6670,-10050,-4241,-14986,8570
-14895,3841,-74,-4421,456,-16188,-14825,-4203,1381,-5094,201,1598,11949,-11520,3231,1895,-11260,-11986,-2631,13445,-11643,-7429,-16072,14662,-5591,5179,6586,-10795,-575,-6419,8229,-10688,-2204,7837,5976,4519,11225,11382,-15581,2614,8091,-2067,-13995,-7613
-4324,-10770,-3016,-2179,4303,-1284,4568,-7209,-1128,9804,14840,14567,8013,-3985,-7574,-1543,9204,-11575,-3444,15978,-3561,5289,13522,14600,2959,9367,11630,2981,-13213,-5111,10694,-472,-14047,-2288,10595,-3115,5049,15467,-134,-6655,11474,-10428,6855,16065
-13852,-4373,-10662,1672,-15110,-3654,11586,6704,-16062,5169,-9318,15257,10624,3265,11462,-14440,9900,-15191,-2704,-12884,10730,-16342,-9083,1516,15553,-3364,-14786,46,-13960,-10872,9205,-1156,-12532,-1513,-14650,-5557,-12137,-12023,-1002,-9753,8318,-3648,-6296,-15991
277,-8787,1971,-12916,7154,-3137,-10248,7341,2623,8614,-7588,-15233,-14598,14943,1697,-3389,-10215,-14535,-16148,12710,-7482,10415,-11994,3988,11726,7442,-11098,-12247,9064,-4034,-11414,6661,3210,-1842,-4299,-3438,13642,-2946,-8512,-6690,11108,8039,-1776,-10539
-1390,-3449,-2508,5433,6216,-4262,-2767,16124,1909,-3023,6866,5350,1913,-1953,-6251,-9478,9657,-11502,7610,-87,77,15520,-4355,210,8660,9844,-5507,-3216,13415,6717,5956,15219,15558,13429,-8838,-9464,-11473,11014,3002,-14525,-15695,14454,6856,11529
10135,-1794,-14734,10835,10414,-2091,6964,-13522,-611,4405,7380,-7254,9789,-13628,-502,1727,-7207,-47,14605,-7309,-5215,2004,13944,-14,-13388,-3398,764,-6550,5796,-10371,6422,-13106,14918,13530,11098,-4816,10831,-3257,7446,-80,-13868,-8044,4975,13153
1740,8035,-6101,-13073,8761,15433,10914,-9411,-6133,370,15104,-8684,-11769,6988,-7519,13410,-12195,-5229,-10595,-11287,13785,7271,9680,-2309,15206,6505,12800,-4423,6565,-3611,-4485,8953,-5824,-13133,-12314,-9709,4741,14828,9524,-10252,4808,-6744,15592,518
10614,-15354,-10296,2070,10727,-7830,-3244,-2095,7925,-16259,10381,16052,-1062,2441,-16010,4171,-4758,7772,1351,-10958,2289,-899,15943,7810,13772,-10773,9774,998,-7789,-14628,-7516,-14146,3643,15644,-5115,13693,-5300,14270,-6479,12080,-12696,2923,-2736,5598
8545,14780,13184,5069,-3006,-10150,-5705,-15022,-6231,-9327,2446,10200,8023,-12761,-14211,-10205,8991,4809,12841,548,-13295,14237,-1135,-13144,-4571,7399,-12204,13024,-337,2300,10725,-13471,11631,5615,-8096,13825,-13745,-14069,-9172,5652,-12396,-11874,10470,-6378
14446,15497,15560,-5253,9489,-15180,-11369,10227,9112,15302,2235,-4701,-6644,1013,4005,-5863,-7497,-12746,-1507,-2778,-11533,15613,-4666,-14106,-15092,1454,9202,-11224,-251,-1558,-10484,8242,3135,-5968,-4108,-16286,14225,-3462,9492,-16370,8956,7244,11406,-1198
7923,-12025,914,-13929,6678,-9361,5120,-255,5614,5855,-5351,1311,3841,-2489,1382,-9077,-1998,-1778,-9368,-789,9720,12865,3640,-15005,-7043,3041,12408,-4735,3535,-3206,10723,-4325,13411,11965,16033,7591,8188,9537,16089,5916,1935,8561,-4015,-13522
124,3989,-6879,8845,6869,3970,-6077,-10519,-11680,-5623,-14331,13902,12699,4745,-11580,3943,3459,-1333,-3520,12123,-10103,-849,6653,7570,-14104,-13409,-2947,-499,-13609,-15963,6775,14979,-7633,-6952,-7782,3955,6398,3855,4160,-11087,9202,15076,15656,-5550
2132,10782,-8977,10014,7458,-1038,-14923,-13485,2928,-9063,10817,-4418,-7225,-3119,2813,-16158,6548,5280,2732,6994,-2732,-12223,-12017,10279,3756,-332,-14034,11662,14785,10507,-1142,681,4963,2405,1408,-6346,-6848,3881,-13163,16367,-13521,-2472,-2060,755
-5443,-4148,10692,-8036,4900,-3159,8247,-8763,10443,-1527,-11228,-14144,-2059,-5110,-10682,-3469,-14427,5539,-5111,2359,-4065,-11707,11215,-4740,-15977,5145,-10163,6010,11243,4887,4268,146,-4519,677,2640,-11518,-4840,4811,14710,-11734,13261,5896,1351,14599
-8080,12233,2603,-1485,5368,-1153,11073,-2205,-2070,300,-4591,4805,2678,11472,-6774,12510,12978,10520,15267,10911,10190,13825,-7733,11225,4301,-7662,-6003,-2727,7651,3597,-4397,13540,9751,1216,14455,1484,249,-12995,-9691,-1860,-4433,-3081,11090,-8835
2970,-843,10086,-2318,-691,12824,11042,6186,13735,-15062,15972,-6474,-1353,-4597,-4256,1632,-10054,-5477,14529,-14070,6113,3602,8234,-17,1447,4544,11873,-13555,5229,-3596,-14108,13213,-2804,16278,-8357,9014,4703,2081,-1019,10772,-10294,-5292,-11649,-5743
-2919,-11354,10141,5469,-7686,-9650,1904,7923,-14025,1086,-4804,-9603,6845,-13965,-4780,5216,8135,852,16010,-12065,-15821,-4497,6487,7196,-9796,2731,-15159,13744,-2358,-15808,-6088,-584,5112,-1351,-10716,-12472,-7312,10539,11152,-13526,6944,13553,6420,-4471
-12522,6438,-3191,-2516,1708,-1469,12403,-15517,1330,-5717,-14687,-8803,-7113,14807,16251,-7444,-4576,-10656,13490,-4420,-6101,-9168,14954,-13618,3799,7375,11216,14868,-3548,-8521,2587,-14209,-1229,5914,4146,251,15759,-13451,-11260,8482,7729,-5785,10672,-9050
262,4607,-6596,13865,12943,-15485,8318,-4092,4527,-13095,-598,7980,-994,4583,-15662,10759,4568,-4201,-7461,-6749,-1301,8896,13659,-10987,5673,13777,9629,-8433,4245,-3927,12701,6977,8724,11688,12528,12060,11388,-7079,-8063,-1603,13632,-10582,-2656,-13553
4549,5289,13716,-12287,-6006,3541,2013,6101,2242,-9567,-15864,-8387,-8786,-14086,-4221,-907,15210,-4392,1394,-13063,14600,2648,-209,10384,-10956,13620,-10340,11644,-3918,-1856,560,-3201,-3548,-4750,-12937,8318,10813,-13492,11772,-3512,-14932,57,6055,13890
9583,-5545,-7283,-521,10117,-8697,522,10391,14542,16176,-12448,-1487,2218,5794,-15621,-7498,5107,7943,-2225,12811,-4423,2201,-11704,15826,-3848,8354,-6891,3703,4643,7767,-9234,-12475,9769,14431,-15888,-7450,-11885,1507,-15103,15895,-10628,12649,-11908,-4114
-12168,-4390,9297,14491,13265,10569,-12605,16127,-14240,-2332,-11140,5606,7926,7361,15508,-7784,15707,2232,-15456,4083,-496,7615,9664,-14718,-15465,-7002,15869,3690,6173,4812,-1713,6647,-2953,8064,-1275,-6250,4654,-6028,1175,-12897,-10855,-1072,-2810,12654
10294,14778,-14225,-6864,2563,-15070,8581,-5223,-5820,-10124,-2861,4543,-10050,-1738,15827,-9008,14070,15015,8466,2214,13514,3873,2783,7717,2141,-3366,15221,-3677,-7594,-8599,7884,-13828,3390,-9345,-16117,13478,-11951,6826,-4544,3825,-8770,-8920,-15651,10230
-6635,-12853,-14672,-14119,-5668,13901,-16216,-11344,13544,-10030,6483,-1051,-8086,13426,1960,5051,16198,-13326,-9185,-10190,8883,-4028,-16218,-14239,7942,6402,15594,7367,13532,6462,13659,15688,11843,8533,-13064,10621,-15234,9445,9090,-4997,-9771,-3889,4161,-1466
1720,-8213,6427,4139,-15142,8351,484,-6895,5449,14165,-1009,2765,3168,12784,-14334,-9651,-13610,4141,-8545,-2926,5403,6845,11952,-2246,-4016,-920,-2477,11929,6976,-9290,357,-2986,10621,7996,-4202,9602,-6079,-1403,-2839,11453,8552,9895,-7150,7204
-1515,-12687,12444,-14329,3951,14290,3471,6799,-1500,4887,15952,-4388,7883,3954,-1445,14058,6718,7318,6330,8200,-7886,-6886,-5820,-14717,15254,-15921,-11620,-10353,-13734,9737,-36,9748,-9415,-9966,7322,712,71,-2496,-11634,10684,-6449,-2259,7955,1578
11725,-15999,-5098,-6927,-8609,-3740,11276,7578,-16217,-3483,2252,1252,-9139,509,-7203,9682,-10423,-4937,10360,-9141,14529,-5187,-15598,-15641,14195,-15603,-14043,-9269,-14507,-8699,-432,614,-12021,6942,15000,11611,982,7163,-6521,6495,10393,-12275,-6362,13122
1122,6542,6450,7385,13383,-1028,10042,10117,-5374,11503,-9985,5687,-14459,-10673,-16000,3860,-5887,11113,-6304,7661,1979,-3836,3060,6240,4907,12721,13092,-1394,-12428,9953,15839,-6312,703,4403,6828,4133,-14940,-5188,-6565,14330,-11488,-15178,-3340,-12894
15858,14656,-8328,10546,-8229,6154,-1538,-11916,1596,13314,-13657,-9316,14152,7951,-11668,6959,2228,14457,-7904,-2846,-4134,15100,-8717,-9278,-5817,13044,4778,7795,-9563,-1960,-14845,-6078,10756,-15909,-4435,7855,12943,9624,-8315,-1095,3058,-850,-14854,6850
-130,8959,-525,-12141,10783,-14419,1689,7913,-15865,16123,11359,-5428,-6698,13108,6466,2502,9094,-2085,8814,-9915,10022,2088,15672,146,-4328,535,214,11234,-7737,8894,16291,12980,15745,-15527,-8183,13459,-5813,4245,-3003,-13719,5574,-9832,-571,-8841
-1184,-11310,-11551,10545,15600,-2882,10064,-14699,10341,-9567,-11307,5588,-5293,-7112,4752,-4029,14647,9568,4577,3083,9092,3596,8120,-11033,-10521,6163,295,4984,5785,-8850,-8426,-4803,218,-9451,-300,-7267,-14874,-8906,-10884,1628,-1787,8550,-836,-4315
15320,-14648,-7698,13056,1412,-6463,-3378,7723,3903,-12228,3447,-13672,7098,13844,-13782,-6492,-7600,-15208,6022,15910,121,-3273,1858,-5401,-16038,15829,15570,15888,-11472,14824,11421,-13599,-10288,-7735,9367,9624,6632,8256,9263,689,9399,-13490,-4903,-4363
-8614,13135,-13200,6061,12251,5677,12021,15686,9013,-16382,870,3255,3764,-14300,466,-11923,-14165,5257,6672,-7580,-8101,-6727,6114,14499,9565,-10826,2893,13716,-2026,-15988,3978,6375,-10794,13320,-2750,7023,-9374,-4589,3432,6581,2125,-11150,-6143,-5978
-12549,14493,5164,9329,-15950,-8025,-7138,-15789,-11585,-7409,12016,-11113,-12433,-5695,-3894,12667,-8661,11066,16003,-10407,4237,-7489,13648,644,6641,4812,-8167,-6838,-13410,13049,-6291,8632,5576,-5645,6004,6236,2357,-6047,307,10154,-5074,15933,-8213,1647
-11254,10535,12856,-5513,1547,12969,14108,-2553,6976,-7588,891,-4541,12617,7214,3404,-15461,14405,14661,15404,-11377,-12207,13729,7762,1466,-13961,1025,15487,9581,-8110,9519,7092,8043,8560,4358,-6811,-15195,3625,7899,11121,-117,-7955,12627,4846,7911
10065,10557,-10384,-8435,11617,7181,-6063,-2459,15001,-9690,-8449,3624,11195,-3760,2530,7386,7918,4562,-5666,16222,-3279,-5216,9841,-16200,-4896,-8079,1979,-7148,-14879,1930,-13088,-7705,-669,15412,14439,-14771,-6750,-11632,-6625,-3969,-7251,-7339,-15549,9492
12877,12813,-15873,-15059,-13041,4952,-7947,-3467,-15907,-7235,-10049,12717,15693,-11027,-7031,11495,-10684,-10148,-1858,-629,3779,-1749,14737,14027,2849,6533,-6883,13155,4626,13688,-13129,-3464,-6844,13493,15030,-8224,-14998,1452,14834,8903,5490,-9741,-9433,14779
4324,-15593,-8377,10754,-9246,-16329,13708,-1985,12577,-10757,8128,-7376,-9385,7279,4885,2756,15724,-4775,-9300,-12560,-13336,14598,-689,-13840,5807,2146,10253,-8704,7408,-13431,-3992,6961,-1775,12360,7529,13277,-9469,588,16166,-13834,3403,7430,-11262,-13918
