40,
45,
8162,2956,4106,-12572,12378,12082,-6868,-4305,-8538,-9095,2168,-9379,12513,-3268,-12424,9753,-949,3555,-1979,-11628,-7097,-15012,-4214,4886,-9677,3640,-6544,2790,-8816,-4362,-12678,5321,-339,-756,-1795,-5340,-765,14704,-14314,-6340,-11564,10978,13243,4941,-4322
-2641,-788,-6455,4934,9392,4028,-3577,5382,11090,1954,-8066,-15251,8526,-2812,12220,-16013,16277,-16080,478,2925,-6069,-10369,12217,-2057,-5650,-12018,-14806,-8328,14073,-6944,911,-7592,-7072,12924,13465,317,3440,6037,8110,12038,11342,-1419,-2261,-3875,-1012
-6086,-1292,-1377,-10115,14525,-2711,9917,15178,-13883,-6897,1318,-7362,15579,-16272,-14859,-14995,-7105,-11469,13690,-15974,15084,9277,-4230,-865,9138,-8301,6661,5466,6987,-10340,3242,-9749,10257,-11837,14667,-6921,-10701,-96,-16266,-6858,1972,9140,16184,-3836,9810
12994,14333,-15783,11993,5970,-3864,-9767,7998,-4618,5886,-10069,1549,3232,-9576,2637,4017,2008,-15310,-3560,-14863,4951,-2026,15277,-9680,-12642,11691,-367,15470,-10682,-12999,7239,-12830,956,-5139,-9971,10606,-10067,5342,-15718,2271,-12477,598,-15081,11612,-3867
2618,-7392,4746,737,-12543,10420,257,-11880,-15015,5778,13424,4968,-4865,9001,-15114,-8335,-14082,-701,688,-14626,4205,-8396,-15647,3353,9970,14992,4531,-3717,4678,-3531,-14648,14465,-7054,-8500,-7038,-5224,13026,-11080,-7330,5977,15822,-8551,-3398,2307,8617
-11334,12496,-4704,2538,-15639,4650,-10972,-3271,-4505,7501,4775,588,8370,-1291,14997,-9130,2132,14252,-5671,-2869,4582,-3036,-9199,7971,5426,-11741,-15431,-6593,1352,11759,-1631,105,-12041,-5710,8616,-739,16143,15227,-8900,-2143,-9447,4607,-13832,7077,-8309
5656,-7897,5264,-5854,3645,10255,-5958,-5175,10694,-10953,-3768,-4854,6873,-7422,-8845,-4829,5002,10204,10514,-9212,-9801,-13156,-10346,-117,-3699,-15794,-2313,14997,-11632,12707,15814,-4578,-11896,10392,-6588,-10535,506,13716,-8333,-8691,9022,2311,-4630,-7792,-168
-13985,14966,-3530,710,-9391,-1145,15152,2752,14104,-9457,4210,6550,-16371,-9891,-11778,-10861,7337,-9493,-15028,-7665,15916,11941,4821,8890,13513,16111,2962,-7777,-8312,9229,4089,-5730,-12744,734,8854,2824,8672,14613,-3048,-11566,-14886,-10267,-13159,-14954,-6202
-9075,10041,-1147,-14260,13425,10578,-16262,-11392,14861,506,14456,11920,13492,-1979,-11903,-7376,-15304,6503,741,-642,-10510,1878,-3952,-8514,-8105,-6594,12043,-2348,-10943,3493,11957,-9037,13997,-3005,8570,13983,-1571,-779,1962,15,10913,-824,-4859,15540,13851
1528,-15033,9250,8476,6309,-14244,-11058,-4321,8884,-14836,7124,-6397,-2890,-13543,5570,-9753,9094,909,3415,4757,-16227,-11339,1498,9746,10426,13177,5950,9935,11036,1352,12880,-7525,-50,-2175,609,3755,-14339,4307,-328,11022,-5286,-14377,15045,-11206,-5134
-15195,3127,13109,-10255,-2558,-15567,-16065,-11596,-4930,2479,11289,-7485,15655,4159,-774,-5502,-11204,2367,-8804,-42,3357,10860,3681,-15806,-15518,14649,8610,-1462,-12365,-7170,823,-8968,998,12436,14253,12489,12003,2094,-5226,1077,5936,16022,13435,-4386,8917
-13422,8880,8792,4047,11726,-1447,-10056,3323,-2566,-9922,-8349,-10357,10673,6870,11395,3165,-1170,15800,-16205,-4292,15073,-3971,4403,-4085,8928,8139,2229,-5756,6266,-14035,2984,2652,-3901,-7011,-11642,11587,1197,-13694,-8629,-4957,808,946,-6514,-12039,-8868
11563,-11248,10472,-9687,10425,-12717,2430,11305,11477,-13145,-15665,-7552,12640,-8713,-1761,-10590,4265,7287,10260,13828,2280,-1631,6183,-1750,-2743,-6147,924,-12898,12290,4696,-13758,-45,-7985,7421,8642,2323,5239,4059,-8850,8541,-10527,13342,-5954,-10860,15853
2629,6361,-15172,-10300,-34,16345,12076,-5046,-11707,6369,-13750,3456,13809,-13577,5523,15798,-10513,-16254,-2723,-857,5496,-5855,14517,-8252,-283,-8112,6304,4895,8608,2006,-14356,-12166,-9628,-13035,5320,-13790,-5900,14616,-11874,10979,1291,2393,11538,-14726,-10072
-9169,-7797,-8661,-12708,-2844,914,11972,-15835,-916,507,816,3594,7691,11786,2660,-5052,11654,10596,11307,1641,5954,-8932,14082,9864,6184,15980,1453,3197,-9098,-15241,-14539,-10913,8194,-15917,-12482,13422,5028,-15662,12186,9861,-12708,-15872,-3007,-12616,2951
12989,-3643,5190,-7141,-744,-1292,5755,16191,10357,1971,16187,9183,-6783,-11156,-2796,-9327,-3237,14218,1012,-2502,14560,-14648,-8524,-13642,15818,1050,10515,-8218,-15029,10641,13506,74,-13994,-4491,6850,13452,-15903,-5182,-8505,-10421,-11847,-15256,-2723,1753,-5643
-12561,4110,-9164,11109,-15548,-46,11433,-12048,-1250,-11065,11896,-14858,-9598,-5171,-14181,11615,10960,10143,10543,15777,-5674,15452,12299,6210,-2074,4293,-10336,16142,4600,-2163,13293,-9540,-6585,4200,-8712,8895,-5418,-1932,-2659,-2740,-12924,3203,-11357,-8129,10012
-8071,-5600,-12455,16003,-3209,-4297,-13421,-3568,-10979,-16017,-16350,-7605,-2482,-10435,-7617,-8260,4484,15435,9239,-8230,-10849,4235,-7894,118,15441,-6288,-9677,12452,-14083,14405,13374,9239,8838,-11061,15080,9199,-2366,11532,-11711,8159,16235,-6496,-10636,-9863,-2572
-9963,-11986,5078,5673,-12142,-3966,13997,-2534,-3393,15523,16133,-10825,9434,13809,13353,-5166,-3848,-1063,-13416,-15402,1645,16100,11264,489,13358,6133,-15576,-12736,12473,10606,-8024,12702,-1994,1711,7908,-3145,14362,7449,6391,-11548,-3196,12252,-481,4010,11592
6183,882,-3650,-13440,5063,12994,-14642,-1238,-7579,-12529,-16072,3549,1112,8790,-869,-6533,1409,8742,-10314,13172,-5893,10719,-5500,-8273,8647,-8265,-14558,-5418,-10842,-7539,5409,8697,-12031,4438,7660,-5577,8308,-2026,-15632,-9966,-828,9076,-3689,-5524,-15983
-716,-9065,15024,-16328,484,1299,-6599,731,-5213,-78,-5155,15257,9511,7394,743,582,3025,8308,-8394,10096,8523,7645,4381,-2888,-10926,-12371,12095,11930,-9227,-3290,7708,9186,15822,-3141,-1670,2487,13265,14566,-7757,11689,2831,-11829,11729,13385,897
-8571,-13214,847,3372,16187,12099,12375,-3537,-7646,9138,15308,10852,-9086,-15605,-3193,-930,-16253,-11152,-14168,-3577,396,-9251,2285,-7842,13383,-5971,5854,-15487,8913,10750,-9998,15816,-6584,-13282,5752,-3858,3559,4720,16362,-4335,4868,-5870,-8971,-12433,-3300
5932,7506,-12759,10426,4235,-490,12059,1353,-13803,5310,-15966,-9790,-13594,527,-2256,-13396,-10037,-13147,11239,10215,8743,1776,15988,10547,15411,2557,4602,2891,15307,-12249,2026,3525,-12584,11940,3225,-828,-5981,4920,14621,-6303,-1667,15817,14869,8414,-13659
-6540,7179,-1448,-995,-12559,331,-12440,6849,-4005,15544,9056,-16100,4934,-11510,3713,7795,-375,13533,-4481,13571,8103,-1759,9342,8095,-4325,-13062,3004,-13844,8448,-14599,-4481,8132,-13308,2249,7638,10469,5951,-3960,-8888,1945,9531,7944,2648,4427,12732
8332,11514,-13653,-2672,13108,4541,551,7051,7398,12571,-12200,9275,-4493,1246,2260,2239,10350,14502,-2827,-13508,13146,6297,-12159,10796,-1901,-2113,-4316,4649,4394,8913,-16129,2148,-10090,10597,-132,-2740,3957,6561,4853,-2700,-5164,-416,14651,-14056,6771
-4092,3709,-170,-13081,4903,14490,-11139,14736,-9042,8615,-16363,6900,-378,-7787,-8044,-9239,5982,4566,15694,8363,7407,-2831,-8134,-10211,7485,-747,13032,-4307,-11636,-11907,-11815,-11199,-8105,-13690,7966,11518,-11420,-14149,-11795,6156,-1445,16185,1569,15016,-7251
16022,-13505,-2266,-11551,-1442,-4139,-3380,5418,-3943,9417,-11322,-6468,4566,-14623,11857,-14873,7632,13378,9218,-5445,-3693,14203,-8894,-7397,-9866,5742,2094,-10306,-2393,13689,-2520,-633,9845,8333,-4432,-10715,3079,3172,15491,13949,1957,-10551,4984,-4145,-9230
15086,12418,-6816,-5543,15412,-6053,-4308,11599,-4886,-7629,-6611,-11031,-215,13321,7685,15955,9650,10939,13226,-11465,10167,-10975,12559,15450,10374,16202,4506,782,-4353,8388,-4896,-7951,-5594,-13614,-4227,14500,2627,9410,13498,3884,-6977,9839,-16312,4185,2749
-12790,-12163,11493,12274,-82,-6092,4391,-3212,942,-5889,7687,7271,-4042,15533,-7246,9457,-14794,-13831,-3605,-15805,12837,-6847,315,4868,16368,-7056,15272,-9015,-7921,-7705,-1354,4355,7170,16212,-7448,-6388,4642,-12085,12387,6924,6272,-2341,-3784,1603,-9189
-9463,-1244,-13459,-11328,11750,13419,13411,-15181,6299,12030,7757,4823,-8741,-15084,-6218,15610,4910,3387,5534,12289,-9357,10136,-5670,-8877,-13701,9841,849,12236,-10458,-14444,11364,-11090,-16181,8737,-951,-2844,3080,10929,11774,-8812,-7616,11606,14697,-2422,-9924
16298,-3134,11349,-11250,11177,-13532,968,8360,14700,-12137,-8577,-13952,-15510,-13294,6193,8534,-106,13187,8179,1468,-4102,-677,-10549,6554,8427,8144,-3983,-7177,-14706,-2728,-8504,-3709,-16104,-8253,-12273,-9727,-4406,-1230,-8830,-12306,-299,10122,6643,1175,-15639
8739,1153,886,1274,6636,14744,4730,-8082,11200,4453,-11075,5214,5813,2596,11738,6862,12592,15297,-6363,-1145,14927,3931,1028,-4877,16054,-5585,12563,12137,-2113,-8291,1412,-8507,9099,-14743,-7856,13318,-14334,-14972,10063,2344,6804,-15620,-631,2626,-13929
9482,7660,16293,-10264,8048,-11658,9335,-15628,5343,6886,-6227,-10737,14447,-11664,13666,12925,7080,-1323,-764,-3421,-778,-12990,6346,-8324,10381,8429,224,-9625,4465,-11568,6165,-12590,9071,8427,-4107,6120,-7893,12313,3049,-5204,-15779,15144,2606,13472,13940
-5700,-2723,6102,-9546,-10390,-5516,14833,-3709,13179,-14935,7076,781,5148,-1180,-15227,-3619,12799,-11911,-14418,-8991,6441,-15223,-11405,-311,4332,-12869,-606,-1348,12171,5274,-9495,-5854,9489,-6682,-14672,-14376,857,10082,-2041,-5864,532,-14575,-806,10254,6257
4609,-12956,-15504,-4815,811,-1307,6467,-14500,-10008,-15429,8012,3149,1336,5850,11980,14101,1586,6227,-11554,-7587,3898,-3968,11346,-797,-8710,12671,-1846,-7258,-4527,1889,13838,-15169,-11677,10931,9984,-9613,11694,-15132,-15264,-3865,13255,9240,-5426,-11796,13324
-9098,7047,4360,3272,1762,14691,-12027,-3790,-10882,12947,6947,3442,4676,9365,2765,-4855,11861,6739,9658,16201,6789,-149,10057,1840,9054,-4590,-13477,8414,7469,-14310,-6399,-8401,-8838,16291,-8223,10112,9954,1200,2689,199,-11352,-274,4327,2652,3593
-13655,-1854,910,-14394,243,15546,-12011,13901,-12299,16348,584,6512,-12481,-2863,7164,1038,8996,-7076,11077,3937,7290,-10672,-8612,15021,9780,4330,-7662,329,10542,-12528,8659,-5788,2542,-8682,-4940,-2923,-8405,-3051,-1480,-13870,15057,-8993,4730,-10668,-7104
-4711,5749,6604,-852,-11984,247,-16215,211,-4968,16112,-10501,-6691,-1331,161,10146,-4794,2711,9156,798,-5482,-2703,-13401,4826,6585,2757,-409,1734,1816,-1392,-15078,7638,-15466,4506,-8566,-2616,5740,-10573,-6774,3607,-10907,7060,1659,-9174,15924,4159
-2007,-15403,15181,11175,-9201,15136,-1345,942,-8700,14709,1047,-12696,-6149,-7627,-12040,-15979,-6225,-9138,-1592,2257,-13766,2120,5098,14932,10363,2826,3471,3293,-9794,7962,11793,-9686,-11159,3486,-7278,-15207,-4514,-12192,6052,-8562,5940,-12255,-4739,-1828,11792
-1747,-5620,5804,-14242,-10623,10769,957,-5961,11730,2577,-8529,-728,8722,13669,-6652,-933,7661,6822,-13781,14191,13835,-4564,-7354,-9962,9209,3128,5734,-7550,14002,10129,-2459,-10781,-2452,6119,6515,14876,-14666,-12465,5871,-1473,3552,-6319,-2738,7436,-12462
