40,
46,
1083,12860,-6190,-4109,8880,8502,15919,-15603,-10446,-10940,-10567,-7822,-13760,4597,15760,-1036,8820,11695,986,-14659,-2590,3495,5573,6564,11374,12295,-5828,-8884,-4747,-3296,12937,8877,-11690,386,-8665,7157,-16310,2386,-9217,8651,-10571,-4749,3436,4994,6428,-11558
11494,4034,1992,14442,6046,-1404,-13137,14734,-2317,6747,-15946,-2827,-4024,-6550,7622,-1000,-13282,8902,-10077,-1167,6627,395,-14341,1463,-163,6661,12718,-5282,-10101,-6312,9648,1340,-1100,12585,-2211,-2650,-10852,-14425,-5611,-10147,2196,10819,-9036,9434,14229,-8688
-7594,-10065,3524,877,-15007,11526,16369,13441,-3708,-280,9416,8253,-9517,8780,-5274,-12499,-924,-800,-15269,6502,-12350,7845,-15114,-3756,5815,10211,7179,3692,-11645,-8998,-11403,-1978,8058,-3699,10407,-7444,14018,14737,11466,-6105,7728,-12221,8302,1725,-9035,-6095
-6588,-6834,-12908,-3119,6584,-16155,-4428,-10026,11799,-14079,-12661,-822,10759,3387,-8334,-1869,10952,-1021,10078,-11952,14945,-810,11652,3811,8912,1351,-14029,1192,11614,-12784,-3820,-13009,11764,-14019,4434,-8207,16374,9142,-13460,4743,10742,7006,2462,-11135,13647,14199
12832,6426,-10391,-4263,5522,-6043,8632,12344,-708,-4847,-16101,8735,-2313,15393,-4231,-6618,3180,-469,-1483,-2555,11329,12502,-1393,13985,-7368,-14997,-14405,10405,13037,15550,14415,10446,-10908,-5600,-10233,8628,7281,2367,607,5651,10045,-4130,-12963,-3872,-991,13908
2696,10331,12514,10591,-6836,14865,-1130,10395,9014,-3632,-1512,1322,-8494,7139,14615,-10707,-1195,-6579,12773,-793,1109,-6794,7651,7865,-15628,-2289,-7303,-8154,-9731,-5876,-11874,13642,1944,1124,14212,11087,-13639,9126,-7466,7500,13039,-13688,5469,-1950,-14807,5608
-1573,-2908,1814,204,-15849,-10715,-641,-3995,-3069,-6940,6731,7769,-10622,-13662,5418,-4242,-2808,-12495,542,-2204,8104,-16127,-333,5679,-14538,3863,6368,-600,4010,12855,4713,4546,6526,41,-8276,4533,-11771,5777,2160,-8229,5065,14536,11015,-12444,9064,-3850
-1171,-908,-1635,-2035,-4504,-12253,5319,-1127,-2784,-7641,-7847,1556,-8716,339,-8106,3567,14518,2451,3787,6796,10866,-6936,5938,-12799,572,3346,-2678,6944,-14323,13461,-6859,-5643,8660,-7601,11348,2473,6993,-13756,6950,14002,10501,1618,-14237,11266,9750,12201
-8822,-11676,-5657,5088,-13041,1715,11665,-3663,-854,-11195,-7487,-14945,5557,-3115,5145,13241,2657,13591,-15088,4410,-9510,915,9029,-14015,11056,8976,-11207,-8215,7907,8293,5812,703,11346,10844,-12156,-13792,14716,-10430,2497,-14618,4208,-5281,5186,-11685,5638,-9286
-10201,10558,7047,11995,-4972,-10859,134,-13735,2633,4558,-15766,6119,-726,-12581,-6823,3007,950,-4543,-4892,-8495,-11085,3529,-5832,14644,-13336,-15663,785,4289,13092,-2269,2519,-10172,15939,2329,12144,-9429,9165,-8999,7907,3263,-13441,-5063,-7913,7623,-12438,-422
7639,-4,-6101,-10005,-4786,-7293,5394,6792,7261,-6356,-9190,5174,12188,1593,-13945,5526,-2792,-13368,11385,1117,-8322,5882,-10892,12501,-9492,2255,16130,-157,5660,-2309,-13509,-3598,7259,-2849,-15696,3337,10132,12201,-8409,-14711,3524,1332,-3603,-6698,4747,-15097
10500,14700,-13325,10606,-4759,-13087,9296,-8156,9920,-6012,7280,-5982,9165,13722,3831,-16204,-15983,5118,-6113,6971,13640,-4223,-9691,-2540,5178,-6676,14973,11941,-12130,8487,-11881,3752,3541,-8934,11933,9819,-7586,-6109,8264,-13586,-14719,13920,-10769,9650,1924,14935
-4711,12524,9777,10191,-9434,6068,6157,-3993,-7362,-5785,10851,-15165,13779,9122,-10806,8410,7607,12288,13196,9528,-5813,5013,-145,12284,9368,-4240,-515,-10622,-5159,-5673,-412,9635,-11550,15867,-3763,-9094,9744,15453,-9218,-3807,3205,-14059,-9304,14781,1138,13369
-5955,-12422,13719,14543,486,-508,7348,16294,6969,14858,-14212,3771,-1682,46,-14375,-5241,-9454,-4299,-13102,-10556,14246,14002,-15466,9830,15173,9394,-7284,-5041,2843,-1757,-7668,-5658,-16152,12430,10104,1139,1313,11017,10786,-5311,-4686,1132,16249,1777,6297,-8201
-12609,-9498,6563,4280,-7310,8773,-14781,14674,1652,1528,-15889,-1767,-15175,9866,4021,11103,-8549,-4490,-9921,11244,-3019,2003,5323,-9013,2014,-7220,-13799,8507,-1463,15848,13336,-1200,5986,615,7421,-5620,12649,-9715,1595,2510,5219,-13937,13734,-5752,10857,10380
-4745,1383,540,-8598,-3247,-14657,9179,15895,-12689,7105,-5354,-9721,-7262,2984,6100,13320,-3290,6414,13406,-1875,3177,2385,-364,-962,7022,11611,-1256,-14700,4737,15592,-2522,6767,12038,7430,-4132,6364,281,-8651,15326,15831,-13363,-8460,14481,4164,-10369,13458
10389,14618,-13678,2492,2307,1026,4443,15198,-6143,5480,10840,-12411,8832,-8960,-1546,-14175,13799,14539,-2590,16259,10877,-9843,6513,10869,9722,10735,-10894,6512,-6586,-9722,2417,15759,-15474,7138,-6564,-4513,-3662,12930,-10390,-6489,-15406,-4069,-8446,-7927,-9708,-13645
7314,12869,8034,8722,8005,-7047,14024,-1781,1433,-4397,14835,-9996,-13121,2718,1724,-968,7399,-11471,2274,-48,-820,-2932,-2086,-9360,295,-5784,-3119,-4507,780,-1405,-2935,10097,15118,4003,-6836,15597,12267,-6068,8603,13332,-4477,10016,7232,-2300,1950,5320
14971,-10698,-4309,-10225,12443,691,1571,-7544,7325,1665,-3810,13129,-8745,14993,-12169,-260,10728,7874,15923,-10736,7341,-890,2085,7206,-14101,3624,16260,16171,-7501,-11527,10782,4759,-4451,-9323,-11621,5116,-9851,-1961,-8053,15843,-5873,9872,13237,2709,9596,-7688
16142,-3812,15478,-16059,2879,9892,11107,-9750,2955,-12242,-12829,-14389,8435,330,3157,-5461,-6153,-11879,-7194,-11192,6036,-3149,15200,185,-5244,-4884,-2734,-14112,-12563,-5365,1860,-16371,-9949,-2850,-3219,-14124,9991,1855,4391,2042,-4285,-5653,9851,7024,-14391,-9976
-2875,6234,11153,14819,-14500,14662,-1297,16228,9860,-4924,3418,-5316,-2649,-3087,12860,-6478,5167,-8971,6402,6167,-12037,-4912,9865,-5647,3315,-3039,-5384,10055,4715,7593,-16267,10792,-3029,11311,1403,10922,-1489,-2414,16221,-13869,-398,-13810,-14797,7456,-5444,11566
2077,28,-2760,-3857,15263,8703,-6061,-7594,-16360,12484,-2014,-15864,1545,-1535,-13959,5711,5635,5992,7482,11378,-14788,-966,13649,10983,-3751,-4450,10274,7765,16136,-3020,-3888,-8538,14578,-1738,13613,-3398,-7293,470,-6119,11633,5969,3977,11812,5320,-15568,-8621
2581,11718,4163,-7327,-4402,3413,10136,-15333,-15834,4225,-5833,-3631,6889,2842,-12598,4507,12056,-15355,5805,908,8869,-9403,-7866,3987,-10777,1614,-6373,-181,559,-11593,-13740,5967,6453,-16006,10765,4826,-4288,9062,-13478,-11034,10579,-8360,-352,13294,13051,-1219
13140,7348,-8605,-2504,5909,13467,-1747,-5392,12363,-6236,10915,794,3147,-6099,-15544,4642,-10363,8509,-5432,-11433,-4514,-15119,-5302,5915,-4932,-5352,14533,3154,7209,15762,13132,6016,15970,-9221,2610,-12705,5415,10214,11443,-3073,-15010,-3698,5752,6823,12924,-13288
11797,-14496,11822,4424,2751,-1399,-360,9029,-3862,-11294,5814,-9849,-2009,13027,-11294,2418,248,-1028,13473,9318,-5400,2943,3962,-4998,515,-3795,16306,10117,2561,4267,4061,-6271,12356,8897,2364,6296,8230,-8607,11858,-775,4201,-14941,6435,3749,-16001,-14087
9168,1844,-11902,1686,13786,-15974,13928,10183,-13038,12413,-14281,-10529,4133,-5090,-1801,2912,8899,5684,10526,-6957,14502,-3267,4325,9622,2158,15266,1095,10077,11842,-14606,2564,-6176,-251,7641,-6260,1928,13673,-11602,-9120,-1759,-12038,-13856,-6908,11024,7181,3836
13603,-12955,-688,-6846,11280,5840,5264,-5580,15141,-14947,6484,9985,-1448,-4511,7656,-11104,-15497,-976,-1726,16144,1346,11631,-16024,-5398,-2790,-9732,161,14876,-10695,-1439,-9661,10411,-3997,-15914,7017,-8795,-6313,-12142,2106,-9312,-11984,-3376,8875,-14089,16317,2914
14520,6440,-11878,-13612,-3175,3928,9426,7602,-12316,-13757,-5148,8640,12944,-10222,-6427,5347,485,-13685,-10448,-8513,10167,11141,7351,-2764,6575,2385,3461,3926,-13799,1257,8210,-7681,-2978,3303,-409,669,1378,14412,-10382,-9296,-12175,-4742,-7500,5269,8682,-7857
-9965,-7441,5187,9706,8688,-7243,-15375,-14138,15618,-14888,-10821,16351,15641,758,-10564,9256,10384,-11942,12772,-4234,-2350,10645,-12865,1194,10150,-11847,2998,8936,1936,-12901,-13457,-10081,4463,-12038,12676,6055,9235,7337,-6024,-505,-13275,3431,-11810,7438,-10130,3089
440,-12587,-7249,13468,-13735,-6020,1774,12953,10855,13476,-2192,-16174,6430,-14148,10586,16077,-12047,-3574,-11643,867,11874,419,-7039,-13766,-4136,13853,7191,162,-7791,-6044,16191,15571,15940,15119,-14591,540,-15148,13953,12871,11657,-12785,12948,-9918,-12067,15504,-9115
14680,9569,-14694,-2363,-7026,-4385,-6963,15901,-11893,-5304,12414,1285,-3576,-12662,14713,12569,-10076,-5481,-13667,-2170,-9444,-11955,-1485,-3357,-7006,4379,-8588,4256,-13771,10092,-6186,1947,7484,9359,-5774,7013,-6243,-7069,-8508,-3765,-8318,11564,-837,16079,-7561,-13232
-3401,12426,8596,-3276,-10672,6033,6124,-11416,8691,-16226,3679,-3323,-14907,-5109,10832,-8824,1501,-6971,7220,-7304,16248,9264,6456,5802,-3761,-15864,6675,15478,9605,7473,-15623,-6127,-509,15821,12991,-9893,-10098,12937,7718,7340,14134,3133,-11690,842,15670,-2324
-15613,-6547,-6252,-4513,656,-1154,1774,-11941,6523,8935,-7032,4078,11077,2398,-4450,9397,12378,10559,10630,-5983,-3309,-14670,7525,7265,8080,6564,-12768,-2891,3879,11251,-14854,969,-5421,7975,4472,9068,-13273,-5672,-10368,-822,254,-6901,4235,-6587,1871,-15573
5632,-12419,-7926,7061,-13878,-8388,-12860,-5594,-14108,13031,12814,8565,-11642,15649,15190,-12623,9703,11436,3906,5523,11123,274,10819,-10875,-12661,-10470,15799,-1169,-1581,-11757,14180,303,12462,15289,-16212,15618,11581,-9599,-14239,-11334,-11092,12554,-8993,11890,2554,-15461
-2974,-16255,10586,13521,-4643,9303,6427,31,14224,6986,-3333,12819,-11171,-5749,7710,14263,8230,2305,1039,15453,-7405,-9029,15461,-7578,-4992,8964,-13333,9918,-7714,-1147,12939,6493,3567,12280,4736,-1706,-14166,-4197,-2244,-12358,5145,-6628,1219,3134,8692,-8902
-9831,7569,4397,4706,-13567,9107,-8413,-6117,3760,6977,-16122,-5832,-15010,-396,-13335,-4222,1842,14415,7883,6881,2134,13007,10496,5342,-1461,4890,-3786,-12412,-8919,-1837,15192,-9090,11091,-15508,-13542,-5301,-6772,4153,-1574,12099,-15159,10330,5246,13459,5929,-4907
-6251,-6720,-537,6037,472,-2983,-3001,14368,1872,-5268,-3724,-4415,5079,-2157,7616,6058,3517,-10615,8807,1480,-12499,-7444,-3591,-7211,-2093,2675,-11796,-15614,3528,13924,-12644,14607,-319,413,-6598,16281,12177,-12612,5771,-8470,14503,-10425,-12220,-6661,10704,4423
-15836,7535,15430,-7450,14599,-9421,14113,8638,7029,-6843,-6283,9652,15409,7098,-14243,4720,-13140,4357,-15140,6191,1631,9332,1951,6621,-8255,-4609,-13087,13637,5233,-10538,-2337,-5229,-2601,-14521,-3835,-3674,3848,-10865,-6629,-8753,12461,10089,-13874,-13805,7274,-4871
5504,-5750,-10507,-11518,-5665,-4646,-2917,-9641,-1320,-14114,-11415,-4625,-7288,-15349,-991,15493,3845,-9445,9777,11714,5836,7747,929,1583,-12718,10339,15284,7771,14123,-11002,-15634,713,-12286,-309,11520,-13459,-14499,831,3451,-11172,13192,-628,-9585,-8082,10697,6235
-2622,-8316,13790,-9822,3399,-1451,9307,-15268,-7922,12765,-2212,10619,6327,3575,11992,-8735,-16210,9593,8045,-469,1962,5060,-1822,7954,13668,2338,-6953,-16111,5503,13146,-15161,14595,-15592,13527,-961,-1035,-6244,2231,7979,15221,-16149,-1505,-3436,-12254,-13944,-3300
