40,
47,
5937,2220,9409,-11214,-8433,12826,13029,14841,-13453,-11649,-4268,-7230,13321,12528,-9516,-11252,13114,8051,-1995,-9310,13268,-7691,-1675,-14572,13894,-3106,-10117,-12751,-14479,3951,14259,14842,9518,12283,-9043,-16066,-14189,8703,13666,10124,-14407,7808,-13109,388,-16252,-7134,-12018
15422,-13075,-11549,-1926,-3186,-15085,-9399,-3878,-12405,234,-9041,13280,5669,-10768,-5428,-6606,-12383,15061,-8789,-15042,-14984,5178,13430,5677,-12502,5096,15563,6045,14015,6529,-16213,-9617,1149,4698,12861,11730,2541,6320,14334,-13222,9731,-2498,11083,-15929,14005,-6955,11773
6046,-10007,-3247,5174,-13326,15185,2934,-9568,83,14535,2950,-12279,-8728,-4024,-3215,15955,11464,-1190,10200,-13114,-11846,-6511,7338,14397,11097,14637,13589,-3450,-891,-7385,-6801,-13883,2573,15324,-7581,-16138,-15337,8893,-6358,-3295,-9579,-7961,15638,15339,5617,-14752,6713
1560,-1601,15791,-1968,-14307,-12894,7919,14154,15463,-3614,-4145,-4317,-13341,699,2290,3877,-16076,4688,7787,-203,-12056,9289,9716,4209,11813,-10552,-7847,1244,-7076,6366,1116,8648,6183,-4307,-12580,5995,-8355,14739,-14060,5097,-728,3040,-6460,3935,4026,-3993,-9810
1054,-14184,-6410,3005,-4095,-15228,4430,-349,-4524,3552,13850,-13224,3049,-13194,10719,-5809,12321,-15890,-15302,3407,6809,898,13658,9575,-3435,-3396,-7925,-8143,6717,-3744,5870,15043,14000,11217,-6589,7678,-1406,12595,-8761,-2017,1187,-7341,-9950,5780,-14250,-130,5062
138,-9981,7308,3154,-15440,9977,-6267,7358,-5941,-8084,7373,7198,-6391,-12455,13883,15702,9164,-2301,-16241,-15422,-13325,10696,803,-5961,8844,-8114,5158,10787,-16263,8207,11695,918,14157,5712,-11565,-2581,-8578,-7006,3877,14746,5435,15076,7053,-15497,1315,12092,-12857
15061,-4464,10498,3057,-10865,4182,-13867,5474,8046,-5023,-13623,11166,-9352,7493,-4297,-5704,4136,11151,6913,-15311,-10232,-13407,2576,5078,-15514,15773,-8241,-10120,3041,14301,-4343,-447,-11225,7045,7364,-10072,-8373,1814,4411,8592,-12363,-10578,12840,-9410,-16119,9904,13610
12390,-14708,-10764,855,1154,-12997,7161,15310,-15454,1906,15398,-12674,12318,-10134,2444,-16274,-4521,-512,999,6297,-15412,-3141,-5109,13672,8148,-4471,13768,-14682,10229,13791,11525,1512,1033,13229,438,15827,10326,6382,9800,11484,-2544,-1166,-4625,12282,2322,16301,-16305
-7071,6429,6365,8641,-4329,6593,15644,-6418,-6184,3159,3829,-8310,13078,15885,13757,1732,4157,-2631,8442,-12927,13916,5333,7346,12241,13490,-3012,-1433,-215,14601,15616,6615,16384,10144,-6848,11656,5451,-10655,-14217,-7754,-10327,5917,-12525,-8390,-15026,-12444,8416,-12516
10001,13830,5900,-5014,913,-6101,8507,-2249,6186,-9140,-8452,-9230,-10161,-404,14067,-11035,-2126,7580,-14877,13747,-13874,-16196,-7744,-13523,-9367,9923,3405,147,3030,3229,-5426,-2214,-2574,-11521,9872,12537,-4818,-8693,6287,-16211,-3922,2377,-5584,-8543,-6939,-13883,-1821
-14167,15449,-15155,-14243,13295,-9946,-14663,-1187,-6741,5542,8800,-13756,5134,4580,-11967,-6343,-13976,3696,7263,-513,12820,10393,14502,-5897,-1674,1634,-10111,-4183,5539,-7507,8060,361,-2189,7560,11096,709,6646,-9738,9253,-10922,-7819,8257,1042,13877,-14370,6652,-8781
-548,-9613,9665,-6185,6058,1383,4919,-4034,-12537,15151,-6113,14161,-1749,-16033,-16317,-15754,15069,-11632,-8179,-7869,-6210,11673,-1441,13009,9915,15428,-675,9879,-13781,15988,3522,12688,-15170,-6684,-15465,-8615,-653,-13123,-5885,-16116,15581,8033,5635,-6802,-6289,6478,16175
6981,-14984,9151,10643,-7651,15891,10431,-6238,1531,2581,-15124,-9757,9968,11565,9486,596,-11827,-9088,10167,-9653,-4745,-3809,1113,-16126,-15434,-10486,14791,2190,-113,-4552,-690,-9706,6355,6476,8971,2481,3905,-7325,-14439,-10062,-4068,2268,9022,4538,-15484,-9646,9456
-9103,-14576,-14128,10468,-7822,-11723,-1804,8324,864,1288,-14755,-9651,-7370,-14015,12200,10718,-2472,-9672,-607,15333,4506,-6728,1511,-4413,6514,-8705,1554,-753,-10634,-12915,15339,6418,11217,-1301,13500,-7104,9550,-4578,-11210,1611,9423,3570,-12805,-181,-5170,-5605,-5028
683,3647,-15551,8444,-1581,945,12054,12624,-4500,-3438,10970,-14765,-5112,-13803,-986,4211,-5407,8708,1561,8656,-13146,-3735,6315,-9906,-1565,2473,786,-9567,-7036,-6526,-10174,5508,-7486,4068,3871,-907,-14402,-9780,9084,6833,6945,-6176,-927,3439,-7651,-10449,14566
-6140,-14060,13839,-1002,-2537,-8939,-13218,9883,-3890,10809,-9830,-3447,-7380,10493,-2811,-108,6703,-114,12564,3152,11645,10411,-3920,-797,-3417,10703,-11878,10395,5821,12296,13867,9989,10533,12942,-6961,15092,15781,3492,-579,-3472,-2366,5654,-15288,8644,10392,-9466,-10061
11217,-509,-4465,-12987,-15717,3639,7923,13666,-670,4418,-6217,521,-5282,-15995,-10670,7120,-3771,12354,1478,-9630,-14046,13092,-15960,-6537,-1840,-312,-7886,508,6172,13367,-6309,-8967,14997,897,-2310,3009,4253,1504,200,8446,-919,12260,-6933,-6360,-10801,-3870,-8466
-13046,5517,-13047,-12576,-12751,-11117,-5110,-2224,8961,-2147,12049,-13991,-7082,-16336,-1349,-3398,-3394,5831,-14818,-13471,14443,-12624,-9145,-680,-3079,-10581,-12735,-13010,-7010,15726,-6446,-9001,-6329,-13412,-8678,-15335,3726,-1473,6195,9964,14067,-12565,-6164,-1831,-14282,-15664,15616
3765,-4846,761,8872,8066,3011,-2784,701,13819,12367,-9651,-4487,2715,9736,8367,13710,-10701,5945,4564,-13590,15773,-10593,16045,6291,-12625,12841,4281,8464,837,2513,-14458,997,237,5977,7732,12436,10696,-1573,3948,-13547,11761,2260,-10737,-11950,-14127,-10627,3222
9349,-7155,-8089,-12759,13637,3732,-2645,4139,-5903,5464,6806,-13832,5621,-4100,-5060,-14957,3548,-14055,-265,-9204,-7432,-11279,-6503,13749,-11018,-14699,-11319,4450,-1840,4664,3886,-7171,-5390,7321,-15816,-16350,-4934,9337,-13834,-504,3834,8311,-13702,-10008,-11180,9814,14873
1274,19,-11682,-7490,3975,13576,-7539,-4461,-7518,-11442,2222,-12415,-8271,-11554,15460,14489,5583,4269,16353,-15592,8343,-2153,13331,6456,5846,-539,14994,8419,-746,2565,4310,-14008,-2136,421,-2911,-11194,9839,16382,12333,7378,-751,-9023,-15229,-6759,-4452,1511,-8373
8367,6166,16037,1667,-1781,7766,-6656,-4609,-10355,-10216,-12347,-10542,16320,13522,2848,-16296,14011,5613,-14252,361,2344,969,-3044,6687,10846,-13517,-8227,-2566,-11598,467,1557,-13485,1409,7553,-12682,-3129,-13079,11557,9812,-14595,-10180,5605,14748,4981,-12583,-8105,-5910
10170,-3822,11292,-15414,-14811,7839,-11855,8883,727,-12770,-8030,-270,9773,-11924,-13987,-13061,12795,13999,-7937,-3303,-4888,-10749,-11035,-7675,13477,815,-15600,5158,10609,-1527,11441,4470,7275,1195,14132,5152,4290,6290,-4301,-12959,3216,3397,8217,-14945,13339,-10414,-16000
1954,-1034,5544,6636,-11726,10414,5022,13536,9861,-11706,14214,1908,-14383,-12725,-4262,-10088,15822,-6779,-5819,9935,-15224,2481,12757,-2138,1070,15102,-4266,-10994,2205,-5470,4004,-14233,8916,-5942,-4723,1635,15355,10211,8727,-6170,-1077,7219,12108,4567,3707,5138,6295
-9511,15706,-12841,12937,13821,-5788,-5308,-1024,-16269,8334,4590,-2971,-7275,16093,5198,-920,-156,-7175,14452,-16378,-14602,16041,2553,-993,-16246,8642,-16112,-10639,4906,7443,2910,2907,-10364,-3655,-4411,-15235,-12195,-4727,11770,-3724,-2743,-2853,7749,2947,11798,-1960,14877
4771,-8617,-8162,-13439,150,-16222,12480,-9668,-6063,2904,10078,-10538,16134,-4200,14258,-8870,5735,11506,15538,10426,12507,15510,-3065,-3801,-2606,8280,-5152,4095,-2225,-10943,775,10729,-5931,-11369,-11760,-8779,-4984,11265,-6786,6048,-11618,-14473,13242,14958,-3675,-11139,6733
-1446,-5137,-4436,-10611,4853,-10221,3347,-13290,5114,-13976,-14037,4936,12084,-13441,-2375,-6531,-38,3552,-15767,-6513,7066,1033,14358,5710,13540,-8983,1571,-10630,9759,3158,15992,2613,-7265,10572,5591,11112,7638,5777,-5593,-5394,6005,-12599,-11419,-12838,-2304,2839,3825
15312,5705,-5758,5993,15858,12170,-12500,15854,-13287,-15001,11885,-13571,4396,10058,-10804,1526,6867,-4438,-16322,-1465,5057,10455,4345,2681,-3107,11527,5220,5809,5607,-11264,3219,-8840,-12526,7944,6729,5387,-13748,9672,-8399,-11078,16135,16234,3375,-4910,-16376,5868,-9692
-8549,-1161,14823,12027,-14335,-715,-2964,15709,-5206,12587,-16165,13099,3921,-10656,3294,10397,6981,5470,7513,13895,-7762,-13090,-14579,-4316,-13,9937,12769,2719,15999,-3608,7879,-1610,816,4675,-10929,7737,9551,15064,8802,-12569,-7870,9320,-2875,6182,-7545,-5899,-2944
-5621,-8826,-255,5578,-12063,9711,12135,-97,1664,13399,100,5185,5047,-11786,-8578,4277,-15796,-13146,-6516,-7381,-4181,14861,517,-9743,-13501,-7938,8202,12948,-11250,-10238,12134,13446,10502,14939,9697,8594,-3977,-1944,-11642,-10634,8683,11133,-6356,-5380,9282,-11645,-8030
11098,3452,3566,-12577,3522,13543,-5867,15498,-8182,-2703,-14678,11540,-6630,-2497,-4187,2428,-4348,-14125,77,10875,14899,15820,6327,-5891,1414,-5578,-6173,-6930,1633,12969,-16179,5098,14010,-5488,-1576,-11972,13126,6544,8477,-4003,-10757,7948,-14191,1123,-9555,-10511,-13313
-16332,-979,-15421,13008,-7928,10964,15476,11226,-9811,-8335,-5335,11074,14802,-8726,7226,-7053,2399,4627,2188,921,7984,-12427,-4004,1416,-1017,-2427,-10591,9916,-1874,-12164,-13381,12876,2677,-3960,-16159,-5521,4075,1721,-13210,13868,-12234,-7842,-12485,3442,8227,13975,14420
-4492,-15586,-9975,-12208,12334,2160,-5944,-3500,12315,-277,-16030,-7699,-1444,9541,5587,3781,-4090,448,-8758,-14773,14215,-11779,3409,13213,-3329,3518,8692,-1323,1187,-11958,-12401,452,15952,-13518,7610,1966,3077,-4921,-5897,11171,8242,-1979,-5805,11432,-14395,-15642,-12149
5669,8490,13883,-16055,-2190,9226,-1251,7555,-1657,-5788,-6944,9300,-7734,-3241,7083,-5716,-5848,1628,-1155,12125,-7012,-582,6750,2242,-10387,3968,-5589,-3733,-5045,2544,-12526,-6143,-5418,-7732,-2336,12807,10341,-16347,14860,-8394,13835,2656,-1346,8278,-11200,2998,-15304
7100,-16198,-15046,10947,13270,1779,11604,-16140,-14438,6619,15997,-3074,8384,-2689,9497,-12170,-10278,6498,-7038,-10012,-9223,7874,10356,8194,-14952,-13246,-8112,1766,10654,10332,10808,5902,-9568,5165,-8739,-11342,10453,-535,10962,1438,-15977,-2331,-1025,703,10348,12644,-6124
-15965,-2654,16140,-703,13514,10053,462,-14150,2453,1800,5307,-12583,-8878,3331,13261,-13285,-15774,4872,-11093,-6256,-6513,-2028,-14090,-2692,-592,-1500,7017,-6592,14872,-7603,-1586,3960,1827,-2748,11830,12045,-11778,-12951,6256,-15502,-14981,-9401,-1037,-1613,13096,183,-10968
-1647,-5015,12946,-536,-14113,2235,-1388,-4232,6057,-16188,-13910,2196,9382,-4929,12677,2496,5663,5206,4879,3519,-12835,12858,-881,-8880,11217,7009,16364,-3052,15500,-13621,12237,12741,-4517,-9932,14726,-2308,5295,-11946,15419,-15837,-12677,-5038,-7812,-7537,-6759,1253,-12112
6793,-7795,-8964,3681,-8305,221,-3188,-7238,13011,5861,-5367,-5961,4790,-6631,-6052,11923,3850,-13090,-6005,-14052,4992,11571,13000,-14894,10843,12254,5151,-15124,-11474,-6873,10843,2802,-10672,-2416,-6357,-332,16230,686,-9147,1991,847,3385,-6298,-11853,12873,15234,9067
-15172,1726,-2051,-13501,-2232,-5422,-4655,5357,7399,-222,3474,12504,3986,9115,-6554,12239,2905,-5255,5544,15911,14522,8948,10419,-4106,-15663,-2713,7161,14882,-4579,6465,-15591,-3541,-9369,4136,12141,2568,-2461,-15208,-12938,15730,-6742,-12346,8021,-13180,12867,-14437,-6762
11481,13164,-5575,-15638,-1723,1981,-5821,-1025,-7731,9864,1246,-8927,-4461,-6905,9477,15589,-9430,4156,13034,83,9390,1552,-2762,-5373,-1045,-2500,-12099,9406,7861,-14165,13029,-13506,4704,-12987,-5289,-1190,5787,-1114,13975,-3566,-5487,12148,-8262,-4463,13201,-7712,8511
