40,
48,
-13512,-14255,10567,-15379,-10810,7334,-12876,14700,-12535,10765,11913,-7066,-10682,-2411,5017,1343,-7346,-8623,2706,-9772,-11167,-1539,3953,3378,9253,-2770,-1538,-10539,4704,16242,-12546,-12772,-6397,-7270,-6890,-10634,16366,2633,-462,-15233,14973,14512,5394,14639,4796,-13983,-1477,9915
9964,-14195,4263,1258,-3869,5965,3331,10625,12652,-3411,7384,-6087,-3840,8572,-16121,6975,13354,5312,3997,-8709,-11173,-6521,2152,-13330,-10038,3513,14893,-8472,14812,-1835,-11094,14730,-739,15426,2610,10575,-2464,-10066,-13514,5973,4811,15453,-13915,-11872,14114,-2125,-13856,-2766
2173,-15993,-10071,6695,13978,-992,-6814,-5604,13279,14786,-8834,-3633,8148,-9948,5493,2919,-2579,3637,1323,10298,-15802,-10801,-7301,954,3731,11368,7921,12459,8126,-6273,7102,-12760,-7121,5972,-9395,2207,-13955,5645,10564,-2950,-14357,-1229,13777,-1850,3645,7711,-9822,-8977
-13116,-14771,12188,2464,-15925,-6732,-9596,-8355,-16272,15507,9712,8930,510,14887,9924,-8312,-10537,7280,-7518,-12078,-4781,-9178,9675,12604,14845,-7487,-13570,15571,15096,14385,3343,5441,-13469,10255,-9437,13121,-7060,-12516,11949,14797,81,9658,12944,-6265,-14304,-2986,14581,-9384
14429,-10300,-4204,-14325,15414,-8644,10312,-9862,-13505,2828,12536,-14926,1352,8274,11524,10711,-13853,-15761,-12858,-11760,-9138,-5684,8256,4633,-5138,10536,-8425,-10736,3959,8273,4609,-15009,14265,15625,2353,-12268,6885,-2677,-9711,2691,3053,-7259,-13326,15400,-13720,13647,8803,-1046
515,4678,-656,15931,1439,-12168,-11154,-833,11530,-16136,-13545,-14196,-10145,-16105,15930,4421,9955,-11958,-15937,-11998,-9442,-11903,-16282,16012,-15178,683,1304,-10989,9564,8700,4410,-8593,-15119,2483,5368,1501,16087,-2078,1586,2770,-11483,-1169,-858,-9526,-152,-4545,10377,4930
7147,-14615,-11515,15589,13921,-2369,-6071,-2915,-15046,-11564,12791,8020,-15571,2159,1671,-6604,11843,1483,7632,15303,-4357,-2668,14172,14741,-10678,-484,-12609,10901,-8580,626,-9663,10013,16072,11300,12076,-14972,15488,16069,-15499,11454,-12907,-9050,-9513,10313,12800,1837,-3073,15077
1776,-13477,13010,-2908,1084,-11479,2083,11624,-9015,-9167,569,-8545,-2364,3313,7502,11465,5208,5869,-1553,-1334,11268,8377,6637,437,-3538,81,8898,12631,14386,-10950,8324,7570,7416,-12895,-14030,-16146,15702,13135,-2492,-6279,6072,878,4207,-14502,-9270,-4783,13323,2313
365,-5471,-11987,8643,-1140,-4869,12728,7269,1314,-2425,4863,348,6212,-3069,15700,12568,3805,6756,215,-6219,-2048,-16055,5431,6226,9345,-2079,6338,-12010,-6129,3493,13608,5566,-8277,10547,-12494,14061,-10349,15423,10887,-8217,5534,13736,3726,-1777,14691,-10899,12698,-5894
-15126,10562,2869,1472,-2201,-12125,-12085,134,-13144,-3921,-14990,10861,-12553,718,-2859,-15127,-5502,-10092,-10382,-14837,-12354,8084,5780,6287,14181,10297,4746,-3448,6016,11480,-8028,-1911,-14229,15613,-7397,-10090,11231,13777,9304,-5860,8729,-4813,10026,11590,-14201,-4019,11639,7955
-10374,-11646,8484,2591,-13985,15975,7549,-5984,-13619,11095,-12161,3620,13282,12588,9032,-15939,11960,-3773,-12692,-2190,-15245,11168,-5952,-8525,12329,11034,7346,-9292,-5928,15271,-16343,15092,-12792,13340,-3035,3832,11009,8193,-1699,3154,6876,-12667,-4278,13011,13851,9523,-1025,-7635
-7889,5618,3309,-3764,10094,-5068,4829,11784,-8928,10913,12135,3730,-354,10064,14384,-11675,-10421,-10252,14300,8873,-1966,-13943,3437,-11507,-3239,6687,14612,-12631,2618,-13932,-2253,2843,1273,-8080,-14792,-8,16105,3020,-5903,4845,-14944,-6848,-15353,7930,1938,-2268,-11469,2302
-9550,-14366,12539,-4113,10155,10149,14346,-8989,2079,6127,-15733,-2827,-14337,13192,-5525,-8835,-1359,15888,-2151,14955,10983,4631,5794,9808,4506,-10146,-7244,13172,-4877,15724,-15059,-2643,2873,8653,-1753,16274,1359,760,-13097,6327,-2702,3609,1598,-16319,11383,14365,-12591,-15571
1775,8863,13530,7236,834,-10814,2892,9352,-10120,4322,-8822,-12214,-4552,-3430,11602,10049,-668,6180,-9314,16204,-7018,-1424,14222,-15085,-12297,8762,-10124,1446,-13800,-13242,-3498,12265,-13679,-11868,11432,13110,3413,3172,-8029,-6231,-1859,1980,8894,-7841,6364,31,15946,-8109
10652,2133,-1396,-7749,3320,-6946,10389,-14461,-8072,15028,-8108,-3669,-4474,6573,9224,-5045,-3666,9786,2426,5343,8933,-12680,5190,-2373,-11161,-2283,-4668,7712,13901,-7842,-12266,14363,-15138,3725,13870,-4783,-9815,14617,-8304,-12971,-13871,13113,-15152,-3264,-11542,-4104,-2404,-15395
-8909,7469,-8932,-10542,-6238,15012,-7956,6522,733,-6150,-13126,10842,-13807,-3521,-11180,8110,12625,1360,8863,13277,-6959,-16062,11739,-5069,-5584,13929,1638,127,2606,11874,6818,-2750,14545,3666,1012,-10189,-4515,-6729,-12470,-1597,-12483,-1187,-9545,6489,-289,-12552,-1794,15661
11241,14987,-16215,1640,-7309,-9026,9112,12283,-1,4506,-1840,-3497,6277,5014,7805,-3520,8327,-10835,-16249,8644,6894,-15214,7745,11617,1290,8534,-2782,-6370,-16119,1005,14703,4595,-7618,8083,-6580,-8907,1123,-10776,14019,5138,-4315,15247,2121,13683,-10383,6698,13088,16030
-7889,-15741,7844,-6321,-14775,12828,-14109,11234,-5331,16072,11203,-2939,14270,662,5567,6500,-11116,11567,10104,8688,3865,2952,-12678,-3044,11749,-3705,7751,-16301,-8292,-3264,-10651,-5340,-3293,-3907,-14369,-3534,5257,1780,-10310,-13721,1423,-11419,-6685,-2758,10654,-16078,4968,-11926
-11640,14989,-8797,-3608,12298,-8468,12170,1979,-5103,-14425,372,10990,-13645,5868,-11432,12673,-2029,-988,2428,4699,-5653,16099,4344,-3784,-9633,-7012,4287,-13682,-293,-12635,7860,-376,2462,-7486,6527,-9927,-558,15529,15470,10315,13547,6666,-1856,-12738,8958,16022,15393,840
-14314,-2442,13634,-6464,8588,-6190,-9679,4545,-7987,4793,9393,-10856,-6225,1868,-7732,3791,3003,7796,-14087,10759,3825,13507,-15831,-9547,-2120,9497,-411,-1409,6997,-6191,4517,14259,10815,-12418,11432,2699,-2195,1046,15628,-15547,-11855,4689,-9121,-10314,-15334,-13645,7234,7255
-8497,-9546,15996,8216,-9731,15105,13892,10058,13650,3854,-16140,8582,10457,5711,5113,7877,1976,2520,9891,-1617,-13545,15982,5202,-3448,3926,6089,-6029,15875,-655,-8515,10276,8708,13034,-7718,9158,-7893,8452,-2517,-1354,825,3445,-14132,12831,-11032,3815,9240,3346,5018
13037,-7622,-13633,2292,11634,-684,4603,-10720,11138,11264,7428,-5892,-4352,-13198,9594,13639,11501,-5427,4862,-8883,-12503,-11522,-5693,-1323,-2458,-6448,-11445,13286,15360,5071,-15572,-13778,-11955,-9643,-14779,7382,468,-3954,-5924,1424,-1885,-9396,-14952,-11672,4305,-1332,-15740,14438
9873,-1968,-13774,-9674,-6577,9516,-10264,10365,-1422,13872,-1036,5973,9419,-6193,-15199,6705,-11152,-825,-6490,5144,9308,-1668,6788,4581,4882,-961,-13148,-3765,-14355,-5838,8833,13367,-3417,2555,13727,7370,-1781,9653,-11406,-12999,14145,-6896,-9015,-5487,-13611,-10630,-14508,10190
9609,13576,-1748,12509,-12925,11362,-14734,12334,5117,14722,739,-12719,-5780,1022,-3596,14949,14616,-14017,6727,6597,-13352,-14776,-2371,-13507,4149,-14375,14479,2256,-10813,15776,15755,-6837,-6644,-3564,-9868,9454,-9799,-5017,13382,11698,-12180,-8100,10754,-13388,1142,-11902,9212,-11135
8582,14105,14119,13020,-93,6783,-318,-14465,15733,8432,14053,-4610,3673,14182,284,11837,-19,-8154,8341,-7057,5355,-14640,-7626,4595,14677,-11861,4740,-5481,13716,1142,8743,11742,14450,13484,-315,366,-14703,12555,6115,4011,1044,4876,-10013,5592,-10671,-11330,-15392,3529
-2621,9830,-7483,-5844,8839,16380,13046,10388,-4330,1463,-2214,5376,1860,-14580,-12472,-14031,1035,15758,-1515,-9493,-10390,-12223,-12846,1705,7950,4856,7021,-7862,5436,-10365,12498,-2401,4360,2023,15229,-11456,223,10089,11032,9431,4615,-2243,6170,-12102,-15511,1658,-138,-4997
-11311,-101,-9273,-7824,-7038,-3295,-10053,-14953,11894,13894,2778,-10018,7189,-5677,-2226,7692,-5092,5325,4967,10415,-13717,1843,-2147,-11811,-2205,51,2941,7443,3294,4336,-13747,-1758,-1615,-15207,3299,-6714,-1795,1846,13186,-44,739,-3966,14600,14126,-4535,-13158,-6735,2316
-4875,6834,783,10843,48,7260,7744,-5870,4433,10209,-4723,2344,-7341,9618,1900,10316,-8769,5162,12906,11667,-8686,12765,-5894,-5373,-1065,8820,13984,4469,2810,-5504,-13533,-13115,3950,-3488,-7375,-3573,-4312,5429,3149,-476,15383,-8284,-10119,14731,-13549,4459,-14659,-4851
15385,-8076,-8495,15438,1016,2517,-4669,5833,-11572,14434,3151,-4824,7342,13690,12501,-11492,6738,-15521,-563,3967,8744,-10264,13902,12742,7968,-13491,5687,-12764,-8374,-6682,13737,-6112,82,-12079,16154,5628,13071,-3552,-839,11068,-6352,-12433,-10269,-3123,5428,-9484,14222,11511
-11741,-13859,-15727,5528,8523,13490,-3936,5150,9931,12707,14712,-16028,1484,1274,-1135,-13373,-6820,-8616,14056,7688,3803,6569,4512,495,15672,-4767,15479,-4498,-6182,-334,9401,-4931,-7526,13032,-5573,7958,7831,6708,2857,-1925,6236,3488,-3372,7499,-1410,11426,3154,7081
-5123,11590,10393,-11911,15006,-12963,-4628,6434,-3279,-601,-9259,-3597,-11938,16325,-3676,16085,-8091,1167,6663,1156,14269,6896,-13420,14829,-15461,-4621,-7594,-5712,-1262,13995,4194,2477,10870,-244,-12602,1571,-9855,6541,-6473,-3123,-9810,4254,-12039,-8638,6906,-10515,8850,2092
-16202,-7737,11041,-177,-5404,7101,-2654,10305,11873,-11936,-14495,874,909,-7772,6677,16037,13694,-10705,-4595,3674,1457,6978,-1980,11201,-11737,-6855,-16070,5129,9323,-8000,11848,-2784,-3156,3060,2404,-12861,1435,-2920,-5731,14065,-12768,817,-3548,-3765,-9493,-7265,-14861,13580
5326,-14937,12610,16382,13288,2355,-4872,-8595,-15249,9069,11714,-1697,-13862,-12019,3866,-11803,-5658,-12290,-1841,14997,-2300,-2740,6707,-10488,-16254,753,-8805,-6304,-12867,7454,5549,181,-11865,-4825,-7186,-2175,3133,-13829,15545,-9588,-1561,3726,-6398,8812,13601,-957,-3694,3696
-12275,-12314,-6455,-9780,10028,8768,-5258,-11665,-14577,-4104,-3581,-3169,8366,-16112,-7224,-13914,3670,501,-3785,4951,6831,-11472,-14523,-2258,-12964,-12447,11342,-575,-5838,-13800,12672,4956,-14574,-7149,-5404,254,-276,13369,-4507,9282,-14211,-575,611,7473,-5304,12041,-15722,-8863
-5931,-8522,-13795,6408,13294,-15488,686,11750,9368,-7539,-8171,-6115,10113,-7328,2539,2132,1734,11008,2001,-1041,188,3356,-1688,3273,-16226,7672,-10522,-6267,3583,14776,15969,14300,11573,-16162,2494,-4713,-14523,-10960,12966,5765,-3654,-11229,10410,10092,-5636,-1806,16076,5663
-15789,-15644,-2447,13148,-12936,-15941,11769,10028,-174,-16008,-1532,-6521,-3949,14443,-13151,9149,14900,-2576,10081,14131,-3957,1318,-5029,2448,8029,-3709,4127,-11308,-12620,1642,2356,11849,49,54,8696,-7164,2857,-3738,-12689,7984,-12563,5334,-14012,-3789,-14441,-12176,12091,4735
-13052,6698,4484,-6848,15319,6018,16281,12559,11251,-15832,6977,6562,16159,-12142,-1723,3923,-1376,5499,3982,-1726,7076,-117,-3068,3309,-9224,-8618,8271,898,6959,-4342,-9630,-11087,7014,14508,5387,-14909,-14400,-12872,14269,-13449,-5595,1243,8908,-1087,-630,-8379,103,-9417
-8434,-11214,-7134,16344,-7112,1873,16283,-15307,13202,11803,16259,8149,-15330,-5736,-10806,8244,8478,8322,3760,4035,12287,-7793,14712,-14765,15542,4203,14461,-4186,-16090,9524,-6518,-8797,-10666,-5783,-12254,-8935,-5496,-4587,2464,16120,-4654,-3272,11523,3270,273,-12105,-4128,13098
-12441,-5669,-256,11671,-8886,287,-4035,6974,361,2069,-3620,4672,2375,-10756,-11656,8849,16379,-7831,2909,-14752,8346,13670,4411,8147,-15198,14994,3032,-3459,-5477,-8950,8648,15668,-6762,-10521,11734,4630,-11295,-15858,-1078,-8017,-9518,-12217,-9542,14917,-5673,-6911,4145,-12824
9498,-14307,10568,3531,-8505,-15143,-12020,-13971,-6815,6893,4335,12588,6206,-5387,-5285,3334,-493,-7079,1836,-13999,9590,16038,-6558,-4951,5083,-9922,-12503,-11790,-7736,-11643,-3058,14405,-506,2039,-11703,4632,16351,-14658,-8780,5140,2728,-4411,6964,14072,11076,-14658,13679,-8769
