40,
49,
8073,-9685,1575,-12607,11801,-6284,13744,1518,6065,-7660,-11655,-6496,-11435,-14281,-1831,-12293,15269,14425,15992,-2318,-5480,1793,5347,11672,-15605,-9945,-778,-10397,-7287,13257,11545,15351,8071,7643,3303,-1664,4684,11600,11384,-6962,-2914,11306,-6144,-12608,-5273,730,7113,3950,-14993
15191,13558,-364,3156,-9464,12314,-3841,-6775,-12154,405,16069,-9608,-16074,11441,1,10079,12102,-2904,7238,-457,15944,10810,-14944,299,-1197,-1969,-6431,742,5462,509,-1548,-5399,-15241,-14962,12010,-325,-5760,15977,-10190,14278,1229,5709,6169,2187,14411,5030,-16323,-7489,10868
4916,14450,12433,-14618,8970,-12219,-16230,7700,6306,251,11608,-15766,14045,-14817,-4412,-8190,-4537,-12468,-2740,6599,14224,4907,12777,-1860,-2497,4843,-2811,-81,526,10980,-15018,1204,11340,8435,5281,9889,1261,-13292,5775,-14137,-6301,-370,1367,-7355,4252,-11351,-6357,9719,-13345
-1667,-10546,-8468,8366,-5608,6387,-1844,-1896,9661,-9052,-3281,-1040,4992,2237,-1724,-15265,9854,-7287,-1820,7326,12793,10104,3788,-14341,7470,8773,8453,8764,-2905,-6204,-5652,-9817,-14444,4834,-2613,8554,9253,-15712,-3324,1828,11949,13010,-5185,-16264,-3380,2786,-15967,7967,4989
13571,9972,-13313,4479,-3630,-10628,12318,-1545,4705,-983,-13228,-5689,-8039,-10836,989,-4539,-7390,-15784,-539,2032,6736,-2338,14482,-14988,5121,8286,-16017,-13385,11296,-9117,-10581,-14523,-2749,-898,4822,-1690,-6595,-1542,-13681,-9224,-11233,15982,4664,6277,12158,-4747,4453,-14877,12271
-5253,-16111,4897,-13848,1374,-11301,-13265,402,-6414,-6190,-12057,12740,921,2740,-2095,8526,-14244,-1819,-11519,-9553,-4034,-10161,932,-8482,12025,-16309,-1683,10596,-15664,15131,-11796,-15937,-12021,-4147,-12050,7360,-15086,-5555,-6985,-1901,-15468,5555,-8181,12685,-1609,13996,8658,16083,-11719
-6616,14064,1914,14148,-15047,4801,3338,-893,-6432,-8500,6635,-7282,16229,-14161,11161,9524,15613,-14939,5430,-320,-15726,-13124,7586,-10347,14477,6511,2014,-10109,-14987,-4770,11283,-6711,12905,-2894,13563,12654,1363,-2930,3990,7110,-15574,-9032,891,-8698,-10366,-3922,7204,-16308,-424
1388,-6931,-811,-184,12593,-13921,13774,9775,-12058,4958,-11618,-141,-11257,-946,15328,13849,5817,4533,-14560,-9736,-4652,-2337,10186,8600,-8980,-1099,-2353,3187,12424,10461,6618,-1108,15311,4472,13526,8121,8842,-4670,-13089,12918,-12681,-15943,-10234,-7916,10645,-9631,4016,-7875,-13351
-3780,161,14183,4160,-14585,-857,8123,1027,11559,7956,-13323,10893,765,2681,-12567,6090,12785,16096,14852,-10166,-9292,-7584,-8784,9532,-13739,-2187,-2269,-27,-11440,2660,4388,-15574,-10929,5692,9097,-16146,-15275,-5783,15771,-6410,5120,-10906,405,-12359,-9150,-12506,2796,655,-8064
-16208,11108,-1509,-6752,16129,13539,-966,2390,-10003,1844,-10985,9799,-9512,6119,2225,2944,-6992,10492,1600,6743,4786,-7924,-11595,-10349,13006,-4861,-10476,10116,5030,-4545,-11654,-16184,-11228,-7328,2623,2553,4452,10307,9042,-14159,12757,2988,2570,-8373,-2949,2729,13256,3729,-13392
-11046,-1534,-1517,-8844,11934,-13303,14118,4986,-2678,3023,15783,-1278,16018,11452,-13196,-16289,6018,10247,-10036,7109,-4745,-6615,-8275,-10668,-680,4617,-13108,9983,-4626,-6,-14114,13895,-8520,-7379,-467,3227,4576,1963,11522,9170,6189,4187,15586,-834,-2514,3398,12202,-16069,-7924
-11580,5958,15284,-173,1573,-6902,-5405,-14530,11936,-7091,-15828,12553,14584,1590,6003,-16140,-15353,219,7996,-3238,-4092,-3588,15783,3872,-11925,4874,-5463,-2088,-10972,-2570,-12505,-6243,-14620,4467,3566,-12202,5003,-13204,14750,10260,14113,-13020,-10009,4094,14722,-5347,7213,9289,11226
-12356,11948,6880,-10026,8836,-7119,11460,-8805,-8661,8156,6297,11142,-8403,-15495,10635,9781,15809,-15430,-11146,-1302,-6160,3158,-13519,-8481,-9127,-11863,-4158,8543,14665,-12217,14428,-6936,9014,-3964,15757,-7345,10821,-8142,-10653,-10564,7664,-8838,-5318,2941,14804,-12136,8909,7052,-1168
-8643,-4668,-14593,-11802,14268,-9291,6899,6455,11333,12723,14097,14151,-6658,-4689,-10931,-638,13797,6117,3626,-9733,-9842,-5815,9437,10082,3901,-6073,-3186,12978,8448,1153,10119,-6755,8550,7558,11901,-1935,2920,9906,12141,-3032,13195,-12227,-12990,-2978,5359,8615,7304,1436,8848
-5533,-11592,4837,-11537,16085,-10864,14891,10871,-8713,-14491,4621,-3868,-5576,-8275,9436,-7379,3463,-2782,-6841,-4156,-534,-3001,14642,-15090,-5711,-9021,-4566,112,5827,8518,-10700,12621,5808,-9626,13399,9448,-5172,-9056,-3398,-11901,13495,11182,-4234,-3681,-11674,516,-11722,8119,7873
-2296,-1153,-16032,-14740,6998,-2576,13960,6664,-2591,1336,541,8858,-3639,2404,-5155,-8050,-4889,8571,2776,10941,-9317,-7325,-8451,7596,515,277,-2520,1785,2172,-4075,-15108,-8651,-9431,15091,6267,1790,815,-847,8627,-6989,5839,12544,13778,-12954,-7671,-167,5575,7813,5800
-11693,15365,-11827,-9948,4343,13277,-14987,-575,-11638,-9168,-12559,10481,16102,-6525,-4127,-6445,789,12893,-13779,5328,14879,3264,-2283,-15450,4052,8692,6286,835,-1435,-10215,9282,14542,16231,-15337,2094,75,10275,-6226,5345,10064,13416,-5718,-7842,11980,5719,8583,8274,-16304,13185
10282,13559,12073,-3610,1169,5089,-3369,1,351,-4000,9512,-9697,1940,-2402,-5455,-4997,-2037,6310,-1149,7303,-14879,-1066,-782,-7094,942,-10373,-14437,-851,9712,3422,-9325,-6305,-1420,14381,-11335,-8164,14264,783,-13586,15689,-8159,2621,-3976,15370,5093,-4667,3648,1777,13028
-1344,15627,-562,-10602,-9357,15167,2367,-10384,15167,2046,4238,6573,9540,-11032,6673,4558,-14161,11475,-14550,-4962,-4943,11087,14228,6448,-3682,1602,-12527,-12604,103,-6581,5109,12642,2516,10031,-6072,7520,-9696,-15951,9904,-8432,-10387,7619,-6685,-1630,-14245,4926,12372,-10459,6205
8702,683,2520,9348,-12560,-8986,-522,-5791,-13857,-13979,-9566,13920,-10673,16044,-11302,-298,3643,8943,-3505,6763,-7570,-7007,-15118,-5221,-8308,-12427,-8379,-4030,-13548,-3407,4422,-11798,10309,-15799,3790,-13191,5006,3815,13340,-107,505,-5324,3842,2767,5644,11969,-3579,2484,-9157
8173,-434,-2260,-16012,6035,8599,11917,2695,-1381,5985,-13640,-9879,-16165,10435,-5353,6630,3329,15204,-3802,-15909,-4539,-14015,3539,5388,12361,-12084,-3306,-90,12903,-4773,-15493,11519,-1634,-15596,-15836,14493,7294,3298,2695,7222,405,-12088,16159,-7145,-1270,3776,-10590,-5301,-8803
15696,10270,10448,-14627,12368,-12656,15763,-5482,564,-4709,-15182,-14122,13359,-11412,6984,2505,15615,-6928,-15874,-6064,10229,1605,-6306,14314,14283,-5329,9562,-987,10382,-6950,-2406,-15560,-3000,-3156,-6724,-7366,-16094,2707,10093,10263,-12122,7948,6153,13862,-3364,14952,-12472,-13570,-6567
-14075,-15597,-10115,-6244,10070,-14271,-7027,-10164,14809,5365,16308,12966,-2798,-5186,-144,-334,6878,-7184,4101,6478,15265,4010,12721,-12693,15347,7944,14074,-10823,-12187,-1565,8614,2979,-1825,-15118,-16035,10620,-7644,9923,7002,-1524,6971,4105,14015,1768,-7561,13268,3692,12620,-4813
2253,10218,13556,-8742,-11552,12152,-9370,-13889,3458,-13019,7921,15003,-5250,-3206,3564,-13237,13759,-7512,-10042,10784,-4644,-8327,-3475,13902,14682,6390,-428,13210,15134,-1581,-11746,11533,377,641,14454,11744,-13316,-3200,9025,-12234,-2893,1154,-7322,9218,-7582,-2804,-8850,8378,-7942
10845,6537,-7763,-6952,2155,2570,4780,11522,10638,3643,6968,-6914,-15263,8049,12683,6358,-6480,-1955,-6144,10523,-2881,-3752,2045,-6774,16192,-12419,1161,12732,6773,15404,-8278,-4358,-11716,-11542,-2015,1273,13905,-15855,-14695,-9434,-7779,-6389,-1023,-1263,1850,-12128,11900,3936,-10848
-2382,2031,11309,13145,-10433,-12131,-11120,14483,10879,-5020,4564,-9325,-10103,-3866,-2489,1495,15338,-11477,9606,-13142,3245,-1664,13573,10558,-4185,4668,2974,8240,10875,12696,-13985,-14963,510,-14006,-971,-9884,11160,-4329,15166,-15643,5860,-14159,14406,15877,11594,16019,165,10944,-7008
3222,4263,4071,-13488,-11102,-13884,-9329,-2279,-3891,444,11050,-13287,-15978,15296,7890,-13289,-15424,-4139,-3255,3038,3403,6270,-13783,7103,99,15794,16381,-6329,-12618,-5092,4275,-11932,-4271,-4334,-3042,-15874,1275,-11122,-1242,14976,5558,-12783,5249,1385,2438,11735,-4904,-13622,2996
9604,-4301,-8031,-8904,-6044,-10757,6526,-2398,-10107,-13890,13742,889,-14906,10077,15474,-11289,15467,4325,3523,-14054,4880,16341,-932,-11924,-11629,-1317,13953,8406,648,327,12420,5052,3748,10888,10793,-15107,13740,439,-4915,556,-3388,-2834,11321,-13632,-6641,11323,5970,-12285,-15495
6151,-12342,7688,-1676,9511,-3382,10846,-16235,14692,-16211,-1486,-10436,2627,-2768,2523,-10204,-4316,-7128,-6969,3933,-5404,-4546,-4349,-407,-4938,-1766,2893,13151,946,5175,8405,-801,2770,-9169,-9888,1476,-11443,-12407,10193,-8087,-4328,-5561,11577,-12965,-11461,12917,-5332,4771,-4385
-11450,3281,-14210,9681,2728,4237,-6610,6439,15699,-109,-1961,4060,433,1970,11371,19,-15563,6884,-14878,-11081,13216,11616,-5099,12814,9021,-2834,6903,10467,15507,8599,4438,5809,-150,901,838,13458,-13383,8702,6385,-10221,13567,7987,8931,10571,-6119,14917,1628,-10816,6882
12383,5673,10859,-11242,15246,-12834,1787,2293,-1990,4702,10557,14633,-3040,11437,-7830,-13679,-15338,-3091,-14048,15898,-5845,-10646,12789,8564,-15118,-8325,-8368,-15416,-9774,-6713,-15613,-15892,-5398,3786,-8962,-256,-12475,13889,-8962,2302,14604,2482,-5103,11728,4117,8248,5311,-624,-5968
-2689,9882,6500,-12926,2976,52,-14052,12437,-3437,-12477,5203,-14293,-7892,-4509,-616,-12304,-2457,12983,-8429,-13163,-14593,-6644,6111,-1248,16361,9083,16086,-11676,3773,-6562,6872,-12528,6793,573,-6407,-15925,-16372,6609,-15041,-5081,-8101,-12433,-4411,16085,-9751,6452,-3170,-5996,7694
6715,280,13888,7031,-2607,-6870,-4806,15523,-6566,-5138,11562,839,-4940,5898,-4778,6434,-7620,-13990,11199,-7272,571,12944,-12758,874,-586,13882,1545,12902,-15860,560,-7279,1516,15192,-10088,-11256,7276,14343,12244,1379,4037,5512,-3073,-13697,16127,-12111,-1456,-9980,-3785,9027
780,1234,-9917,-62,-3652,11880,10464,-11169,8193,4372,3992,13443,-9940,-13074,1208,5143,-8719,-12065,-10269,-6966,-6265,14864,-11649,-7580,3289,-15748,12273,-14632,579,-4389,12672,15713,5598,5186,-5499,684,-13319,16033,12807,-13207,-14821,-785,4371,15399,3333,10058,-6654,-9090,5587
6542,8981,12183,15641,12674,6105,7109,3910,2193,-10764,-11215,11166,-6735,10116,10157,14196,-1627,12481,6789,-345,-14779,8600,-1628,-7857,-4392,7228,7129,7282,-5572,-622,-4675,-730,8743,11698,-14634,-2091,6070,10147,14824,6468,2102,-2463,12953,13744,10354,-13675,-11180,11532,11877
10738,-13745,-13577,4624,5869,-7494,588,-16312,2752,5972,1401,4933,-7203,1625,5218,-101,-3114,-7446,13194,-5210,-12085,2212,6111,1280,2204,9137,13280,4271,12971,-15777,-7234,14495,15571,6471,-10104,11122,9098,5670,-6692,11941,-12000,-1683,-8869,-11465,7243,-8531,7071,15861,5629
-9737,-10231,-2310,-4907,-1544,-7327,-4834,10861,11756,8125,8887,-1188,-16228,10593,-2736,6374,1017,13158,11808,7957,1338,-1534,-9411,-8720,10524,13948,-6889,4931,-6852,9128,12442,8005,-15471,-10659,-5832,9968,-15480,2666,12235,8237,-14594,8532,-10020,14313,3285,14572,-3580,12550,-146
2173,9079,12294,8002,-6726,5167,1502,2198,11598,14595,-15358,12297,2711,8432,-10054,-7901,4856,-13464,836,12910,-11500,10937,13594,14059,-11630,-9021,-11926,-12916,-6755,2748,6167,-6790,-600,7548,11492,-457,-13329,10535,6557,-4290,3725,-14006,2258,-11357,-13863,-15886,-11152,-4353,-5178
910,8462,2356,10772,-6361,-967,-4846,7356,-3391,12866,-8563,-14505,-7345,7244,2047,16117,13945,6438,-10238,-11161,9329,-12272,-15298,6059,12965,-11151,-15583,5723,9711,14687,2003,-4562,-6030,-6442,14095,6862,3947,10748,11482,-4289,-4195,190,5156,10537,13372,10881,-15455,-5096,3070
10523,-4871,-14848,-5507,1449,-5942,5066,3616,14252,-3131,1878,-2564,-8054,-5103,15464,7753,5061,11285,-9100,3183,13335,6267,-2373,-16093,-9118,2569,10178,12314,-12666,1697,7456,876,-5286,14593,-15858,-3316,-10043,-7004,-15439,-9295,12434,7256,-11212,7453,-12811,2744,3187,-12087,14464
