40,
50,
-10772,-3955,8661,4778,9199,-4012,-3954,-11257,-9334,4253,2745,-11502,12698,-5289,-1063,-14717,-16323,12308,-10600,-11296,-8129,4706,15535,-1794,11966,13424,6786,6271,171,14775,-6,-14648,14118,-6091,13323,7589,213,4775,-502,11514,12897,-11362,-216,-9585,-14996,10838,-13697,-12133,13338,-9205
15450,8804,15833,-5474,2787,10868,7397,-2046,3451,-14382,6061,-15104,-6409,14405,4074,15030,-16072,2994,8344,12541,-133,11782,-120,13605,-1864,-9003,6883,1479,9690,-9583,13607,109,-8034,-6677,84,-10648,14799,13379,-7539,33,-5283,-3982,14835,-5434,-6934,1876,-3372,14168,-8891,-12429
-8141,11825,3155,-6685,-4161,13724,2668,-1330,-6523,9213,-582,9993,3299,-6518,-5416,-12923,6130,-12087,-1171,-1239,4417,14792,-8348,-5781,15926,7570,-16361,-6712,2359,-1760,5487,7671,3933,2946,-13104,-12420,5807,7136,1254,-6097,-14495,7883,-5769,-9809,-11363,15901,11584,11653,-14627,-12990
8737,-1926,2281,-6758,15172,-5118,-10284,-64,-10871,4003,3051,12755,-9334,7735,-907,-16304,15741,7188,-7326,9032,14684,5994,64,15171,-4325,5247,-4599,-6755,3431,-12948,-8999,-5713,-15654,-11207,11100,322,-10882,13503,12647,8434,16259,10655,-6950,-5094,4609,-2613,-9537,-2395,9892,-15456
8495,-1279,-10933,-2890,9122,-16322,4650,-10719,-8914,-11633,-2733,-426,4281,-10208,2,-2516,8627,-13709,3241,-337,1151,-3065,-9128,4709,-5198,-13211,-12617,-13509,-11683,11836,-9841,3832,2684,13169,7988,-4774,1722,-678,-8056,-7553,-7141,7357,3531,-257,-6779,-3266,-7803,-13554,-2039,2856
-10700,11856,-14446,8701,-15326,-5555,-12352,12525,-8815,14970,2068,14653,16229,-16251,10080,3515,15659,16092,-11523,-13874,-7450,10937,15873,4663,6500,-5534,8944,1907,-7036,-6656,-8626,-15101,13031,8022,15657,5219,-13112,-9577,11874,8764,-7807,15265,14148,-13004,-9390,-8432,-11062,-7799,-15349,-4397
8400,13495,15141,-14708,-2535,9322,-4051,-2157,-15644,-14622,-3020,-8069,518,9834,-11254,-11612,-7643,-9340,4100,-3756,6138,5924,1226,15417,15208,-5474,-811,-392,-5286,-15242,-2827,-7967,9014,1480,-7699,-7680,-14575,10959,-8503,11165,5705,-5426,16335,2355,-12369,11863,5526,3238,14420,-3428
9000,-9762,-14193,-5647,-15480,220,-16289,-7320,1060,-11111,-5781,-12086,-8820,-1409,-2605,-7432,-7754,-11242,15045,11507,-3134,1817,-11863,-1268,-13689,13274,1710,-2423,5482,12750,13895,-8768,10312,-6416,-10928,-3663,-3656,-8534,-15107,8188,7218,-171,7917,15922,14652,-5585,5337,988,8007,11869
8540,4174,-9781,5864,7387,-14264,-12304,-1705,6440,-2189,-5926,5274,149,5516,2363,-4075,-8800,9913,3011,11026,6546,416,7483,-10209,-13229,11881,-14343,-435,-16186,310,-6056,-14409,3365,-13159,14260,-5619,-6917,-4120,11268,309,13708,-2074,4418,-8406,15480,-16286,12833,1271,-12465,13309
-1786,-2308,1211,-7713,-9824,1792,-7795,-9757,-15433,5587,10459,3906,-777,-585,-6291,4293,-10409,-8478,9229,9877,-16336,-4339,9740,9633,-7338,478,-8397,-1718,-8814,-6419,12936,-11294,-6501,12661,-15508,15626,-9654,-4174,-913,-14294,9079,8722,14711,7702,-133,-8871,-5195,6901,-13915,-11483
-5177,14182,-4426,-10821,10082,-11748,-517,-13134,6195,6642,16016,-16214,14164,-14537,15272,-2755,-13249,2975,-12832,-618,412,-4790,-4573,14100,-156,-2723,10868,2471,3167,-2390,-4383,-6378,-12049,-3695,-13728,13825,-7334,9124,11939,11242,-4320,1809,-15433,-7176,6869,-10986,-6756,9431,2790,-2994
9858,-4052,11632,-2064,7415,1513,-7157,-9101,-9298,-13293,-11934,-3791,8527,6459,15203,-11675,-9863,1471,12753,-8122,-7396,8147,-15695,-15161,-8866,1845,8222,2777,9226,-9645,-8661,15598,9412,8221,10215,-3290,9869,15932,14997,1033,-15958,-6323,-8005,-3940,-5390,4731,2995,-9112,7896,-10535
14472,15157,993,-3832,12445,-11801,-10205,14344,665,-10022,7697,-5174,4436,-328,10432,14199,13913,737,-5697,14947,12475,12630,-9908,-5634,8213,12672,3945,5401,-1925,9664,12192,2406,169,14963,5771,-1913,-13082,-42,12899,-13453,-10645,-926,-8854,15743,-9868,5038,-3823,-5425,12138,6439
-16056,14398,-5715,10920,-2915,-8849,4135,-5330,2181,10234,-142,-5338,-3753,-3940,-1167,5804,-11658,10278,10455,9156,4107,10743,138,15433,-16106,-4284,6387,-8628,12223,8757,1698,-12840,-5214,-10450,1963,-15743,3374,-15720,-11262,12856,-7649,15368,-1342,10931,-16261,-16324,-2168,-7767,54,10745
1028,-3771,13690,16008,5422,-13199,-11482,-16080,-1638,-16126,-6421,14550,14576,-4356,-14144,-1221,10320,-8998,12675,1467,2320,14571,-14244,-7251,13600,15615,-8199,-12639,1145,7933,-11320,-11605,9296,-578,8008,-1514,10931,3772,14569,9436,-7885,-13709,3467,-4112,-9064,-746,2929,1532,9426,-10596
2461,1709,-16096,-1080,-7204,-13928,5951,2220,-15520,-11914,-5186,-4348,-14441,-6021,-10797,-1997,-13736,7091,-6088,97,8432,10987,-2279,-13643,-3456,5834,1549,14414,-3707,7475,-8946,8047,12198,2741,-8948,5035,15831,-15063,-7280,-15262,-8672,-998,-2286,15017,8254,-15509,-103,-5402,-5892,-10935
9348,13611,-7057,9226,-13435,-12872,-12145,14362,-1602,3111,-13757,-10464,15903,-9939,-4233,-15105,4562,-7212,-9280,-4370,-14534,10230,-5288,10246,7727,-1935,12707,5862,-15191,12204,13067,-7658,-1073,13871,4990,-1708,-6984,-12784,-9839,541,1156,-10564,16054,3951,7256,9420,15228,3224,12568,-1530
-5716,4883,-16007,-7187,-16315,16272,-7625,-3865,-15721,6544,7035,7893,-3179,8286,-6005,-5677,5784,13859,-2948,-9062,-15141,-4878,-3970,11766,-9181,-1046,15388,13556,-6572,-548,-6085,-8888,-2685,12324,-6936,5003,742,2636,-4465,14710,-3712,1253,8848,2490,-2049,515,-788,-11578,1684,7834
-2783,3025,13669,-10721,-230,-6562,8690,-10012,13980,404,-226,1927,-3790,-13636,-11237,-993,10025,16083,-8643,-4688,13967,15015,3911,-10047,11491,-13941,2401,2702,15036,-3205,-6496,-4176,143,-4457,-11989,-16116,-15797,5897,-14654,-10613,13321,-1426,15580,-11147,10789,10314,-3078,106,10392,-9858
-14035,714,-9554,8606,-6060,-13464,4158,-13186,8900,-12947,-1730,8659,5083,3145,-13098,15957,14640,-11719,5742,-9534,-12103,854,-7795,-9052,4142,10798,4862,-9951,-3438,10086,234,-15832,5017,-377,5153,-12283,-15067,-5452,14518,9294,-2019,793,16157,-12566,-10840,-3247,5397,-7599,10775,6483
4914,1937,9120,11292,9187,-1048,15001,-1790,-12053,-7310,-13097,8101,-3409,12706,-315,6086,3508,-3505,61,-3364,8508,11070,-8672,-5273,6400,-15808,-14608,9727,-1730,-13062,4763,-6710,-1484,14278,3726,2924,8942,13164,-15495,12388,-12375,-14547,10488,6208,-517,14944,16202,-2066,7750,-9005
-3680,5157,-9527,8649,-89,7251,77,14940,-9069,3079,5689,-7234,6656,-12187,-4785,-10669,-9486,4366,3709,8491,-12062,-1922,1873,6871,-9784,13788,-15584,11150,-6892,-4797,14852,14885,7151,-13698,3764,6345,7306,5655,5766,8294,94,-994,-5976,14863,8303,9806,15728,-2041,-4436,9408
329,9198,7476,4481,1246,-5096,5569,9451,218,15467,-3859,6899,5991,-6927,-7699,3542,8330,11683,-3463,-11904,5610,11982,-13700,1465,-670,8599,8875,-11487,6944,7082,11993,6084,13644,-1759,11252,-1950,-12568,-12204,4655,12634,-11597,-8556,8614,-5215,-2708,-10428,8618,-6142,11923,2824
14725,12958,-962,2733,-15848,7152,2838,4761,-13029,4878,-4162,-6932,-16325,15871,9330,2516,4376,4698,-12422,-14700,-2291,-6086,10315,11740,12720,-1696,-1231,12957,-9748,-216,-8361,7887,2600,8534,-165,9184,7078,456,-4223,-5318,-3118,-8520,-9886,6680,1850,-5419,8524,-8,16311,-13583
-6051,-483,-5791,12986,8561,-10109,-4756,-14598,7165,-11724,4678,9451,8483,-10025,-13188,13259,-11864,-15623,-8043,13015,3639,9174,-2397,2186,-933,3804,-3937,9024,10980,-13010,-9354,7358,-14069,-11040,10299,9953,-8278,-9552,11291,-4523,-653,-5294,13304,-12208,4808,-14307,-14484,-968,6231,-7917
-6607,-7718,9363,-349,-8448,-5135,5651,5463,-5903,-1320,-11843,-14736,16371,-13659,-9233,2370,3274,4694,-14394,-2010,-11407,4244,9546,3929,6728,-5673,-3873,1968,-63,-15007,-11189,-11492,12557,-15946,-2149,8798,11592,-15480,254,-4395,-15843,-13953,-452,-8972,-5208,11173,-12317,9830,12959,10693
11283,742,13373,-5742,-12408,-8744,-4214,7056,-11603,9428,14387,-5612,11293,-2904,15974,-9336,11378,16017,-2712,-16313,-2957,641,-15969,4586,-4958,-6582,-3308,-6899,2873,-13953,8614,3708,-16003,14999,2524,12552,-12752,-2965,6209,5089,-8501,8886,-14084,-146,-1506,7732,15113,14726,-9307,-1009
4711,2420,5495,11178,-6210,-5636,1766,9366,-8764,-10489,-5271,4946,-14923,15573,12952,-3525,-1443,12684,-15241,13253,10083,15872,-4355,-6436,-8993,9821,-5536,9976,-15729,4517,-7853,-4697,-7282,-9159,3075,-3075,-7118,-499,-966,2056,1242,-284,4140,1238,-1049,-6766,4897,-12844,406,-4916
6896,-6685,966,-303,12694,-5433,11495,16195,14784,16040,-2781,8087,13918,8464,501,-7793,-9313,6513,2692,11333,-12861,2187,14684,-16243,-8757,4952,-6740,-7226,-11875,-8911,11900,-13400,-5773,-9111,-4096,2650,1678,-14931,-11952,-11712,-11393,6096,6802,-11534,1887,-10089,2014,-10909,9053,3979
-6076,3086,15078,5883,1142,-11119,-8701,-7615,2035,14289,-10017,-737,-3530,13751,-10715,226,-8556,11913,-1869,794,-7960,-7185,-16268,-14883,63,-2676,9334,11185,-4731,1788,-1511,-5994,6835,8784,5844,4322,-11567,1356,4212,-3924,6942,7354,-14576,-11230,-14257,11332,-2291,-10422,8974,-13648
-15344,-2628,-6537,-1145,15004,14738,-1397,-407,-6969,9777,14737,11500,1479,7214,-9496,1503,-8641,-3698,-7500,-9576,-2064,1145,-6039,15593,9624,-1786,-15596,-15139,-5556,6628,8292,-12752,4342,-5486,3491,4636,11225,-2085,11263,16013,2289,-6668,-6321,13364,94,4514,8169,-4721,1908,4572
-9066,14944,-3974,-13963,6994,-3103,9562,8925,-11568,6567,4264,-13855,11071,10460,-1550,-12479,6336,-13487,10126,-12559,-1774,-9990,-10180,11803,14921,-12405,8925,-10772,-12280,9327,-10295,-13758,6144,859,16191,13392,-6230,2719,13256,3056,1361,-10233,2598,12261,-15587,-7275,7091,-2648,-9375,15018
-13584,-15214,4590,1478,-5666,15986,9168,-1614,-9235,-1374,2131,-12663,-15026,-4356,14173,12697,9692,-7548,9075,14615,-9648,3449,-8691,1733,-16269,1449,267,-10340,10329,11621,6530,1940,-4197,2261,-12771,12679,-5836,7366,-341,-6812,-9747,8472,-4053,-6450,15422,204,-14986,14064,11402,-10013
6582,-6395,-14497,9691,6145,-7886,1093,7407,-1846,-380,-1035,-3159,11015,13760,-14191,5383,-6091,-6723,-10167,-5540,10490,1133,-9907,7535,14844,6842,-3691,-9931,1886,-1905,-9255,-13589,-12584,-15686,5505,11476,-6242,4809,14391,-7601,-1258,-13154,-1802,-14737,3410,-2411,-2082,-6162,3581,12580
653,15519,12129,-12454,-5324,-2152,5829,14138,5582,-11364,7162,10975,-4592,-16088,3039,14789,-1868,14197,14681,-8608,12911,3037,-10328,-11201,15415,2907,-11628,13342,-8809,12777,2797,12680,14066,2730,-491,-4032,-14050,12033,-9801,16374,-3665,-9056,-965,-6591,11493,15478,9801,-13390,1642,-7764
15921,-14789,9551,-10752,-164,-14238,-4993,-15116,15004,15536,14237,6126,-13402,-9052,-7521,-297,7154,9448,-11760,1442,13696,-8208,-8108,5098,15819,-14138,7742,16189,259,-15766,2110,-2926,-8216,-12073,13339,15661,-16155,-15849,-11186,15632,-13542,-5744,-12204,6434,-4483,9182,12939,2267,-7841,8712
-1104,-15003,-7302,-9248,9095,-4719,7280,-5440,-12660,9163,-12433,-5211,-5574,-9745,9541,-12978,7420,11846,-6905,8034,10244,-2586,9914,-15843,-2648,-14205,2478,-15898,10457,63,5498,-6921,-8199,13476,-1811,-5242,8851,-11020,15808,-11632,16175,165,13102,1488,-4491,11341,-7578,-2639,8661,903
-4054,14311,4407,2499,15099,10901,3826,5230,3688,-16197,3460,16236,4975,-12328,14296,8494,14419,4665,15588,-4901,3485,14055,-11123,-10232,-6734,-10097,179,-13009,2781,2180,-6813,5005,-8883,-13874,-9489,-4213,-2185,-6847,-7721,-14959,11873,14465,-8604,-4662,-11067,7138,-3765,15260,-14263,3347
9980,-15646,-826,175,-13657,-120,8042,16183,12419,-9413,-8996,13569,5527,-6457,865,15133,15914,9935,-14949,15691,-10976,-536,-7949,-5177,14509,14551,10189,-12192,12679,-2024,-15269,2055,-12245,9421,2845,5528,6757,-16026,853,14212,4427,13628,14834,5557,-8816,-6262,-6994,12168,-2178,-11832
7821,6206,-2941,5999,-14611,-10728,8269,1666,6233,-1750,8519,1026,-2467,10146,-7119,9767,14757,-493,-9850,12964,-313,6620,11179,10315,10212,-10288,1695,10648,5512,4708,-9779,2256,-239,5868,11635,10231,12738,7712,16040,-2707,4249,1280,11454,14820,-5819,8672,-9444,-9191,-15158,1838
