40,
51,
5724,-4624,-4644,-1663,-7476,2391,429,-12488,13843,-6211,2708,-6896,-9773,8845,-15515,-5796,-7772,-16203,10599,1571,9997,9795,-8506,-302,-3974,8205,7553,-9341,14656,-4214,6159,-11198,-2100,-15088,-8464,-11654,12988,16304,6218,-6383,-10445,10750,-8224,-13349,-5496,-166,12847,-4559,-12769,6849,-14708
257,-13125,-11052,5750,-5734,-6542,5789,-2895,-4117,5605,-12757,-14074,4863,5593,8811,-6856,10911,207,1652,10342,15364,3310,11204,-16022,-8193,8595,10467,9189,3017,10143,8145,11144,13300,6598,-4682,6029,5425,8373,10586,15617,-7042,2968,9339,-7379,-7584,-11082,-13738,-13060,-1002,-6437,-3084
2755,-7391,-1349,-8465,3420,-10368,-94,-9614,15208,5055,12802,3937,5849,-5684,-16316,7229,-8359,7812,-15841,-5672,-9378,14670,4360,8572,-14902,-14958,-14574,-13604,-3361,-10938,10129,4059,14444,4038,-4504,13521,-4464,3187,-12824,4546,10014,1530,-8669,7824,-6293,7871,-2630,-397,8683,6609,11401
6630,7743,3204,3144,13914,8286,-11766,-9869,-8279,12749,-7822,-13554,-12007,15611,-6364,-14796,-1240,-7868,70,-9284,-8836,-8561,-7463,-7166,3344,-9883,-14797,3832,2404,-3468,-3986,15303,-6439,3107,14040,4197,-10823,15550,-9601,10122,6879,5969,14262,-10372,-9378,-10209,12025,14317,2685,-115,-1351
-9035,14909,-16288,13018,1025,7656,12098,1180,4459,-5284,-8456,-11650,-14951,5839,13108,-2125,-10092,8350,-12596,3254,-7090,11739,-7387,-8914,-8941,-2234,2860,16331,6937,-4831,-5091,-11012,-15906,14405,12387,12701,6935,-10026,14333,5364,-190,14360,2249,13766,-14862,4141,-7120,-8694,10095,15369,12901
-14820,-14531,-14608,7468,3254,-9224,14342,3796,-2481,-896,10341,15987,-12174,-8244,15365,-13980,1378,-14449,-11096,11907,5348,-14282,-12637,-3751,-7572,-5211,-8449,13994,15294,1745,-943,8748,-15951,-15420,-7913,-3831,369,-3348,15060,2697,-4011,-11959,2517,-9153,-5073,-12420,-14189,2055,-10010,-16128,14143
-5048,-8522,-15687,-890,1994,-15598,10806,9496,11922,-7767,2302,-11428,5860,10789,-9145,10573,-11382,-3833,-9159,-3389,16260,-8171,-9561,-14015,6437,9121,6755,15087,3387,-6615,-3151,-10882,7143,-15995,-7976,-3597,-7759,1245,7607,-11357,-8913,6374,-5165,-6072,8181,-1964,7187,5274,-8213,12411,-14399
-13497,-4729,4530,6625,-1560,-8505,11496,4690,3855,-945,4552,14604,3667,-10473,331,-14815,5541,-901,12260,-4858,-1749,-15813,11844,-5616,246,-10476,10426,10297,4710,-12746,5061,-13174,-9819,-16176,870,3745,11536,-7545,1179,7261,-7217,513,-5400,7366,531,9295,8908,-13557,10637,-7165,-6041
10286,-11741,-5375,-6879,-13344,13319,11531,1631,12880,4846,-15961,2948,-7877,11105,12207,-12754,3368,8987,11753,2784,-12309,8430,-11911,-13795,11877,10404,1810,9055,2010,14766,8144,-10755,8605,9223,11230,-1441,-5519,6598,-1063,14590,8777,-8972,-8706,14045,-10527,7519,-15864,5274,-8197,-10956,5365
15829,13763,-2206,5440,-9146,-15201,7749,9953,-5214,10551,10386,-6103,15828,-1219,16223,-9730,12457,8982,-11770,-1400,-14283,-5703,-14484,-12374,5851,-1072,-6803,15544,9663,-8943,-2858,-6064,-11777,9677,9703,-12881,2574,-3358,-12674,-3754,11439,1463,11739,-4193,1020,-6834,13737,-9725,-11958,4994,3690
15774,8649,1080,-7519,1685,-549,2500,3603,-13010,1462,14291,-1366,-4704,5710,8210,-9407,-6838,-12039,-8822,973,-10955,-4044,-13026,-8822,2619,8842,-11659,-15861,10814,6782,6902,891,-13463,14696,7282,-13662,-12403,9419,-4610,4074,9485,-15368,4872,-7205,13837,-3953,6813,8595,11390,-1703,880
-2993,-8409,-6157,-6110,-7623,2703,10234,-1099,-6339,6908,-8558,4728,-6472,874,3659,-16201,2322,-15988,11355,346,13543,-2091,16332,-6741,-21,2700,-8351,-13872,-3748,6262,11851,10450,16202,-6618,14443,-8824,-4986,-15109,6020,7275,4868,-9500,6667,9636,2708,15043,-15773,-5400,809,-8962,6920
1528,8545,-7956,-3357,-2500,12587,15697,2338,-5477,-11802,14162,12824,4769,-7390,10256,-1372,26,1990,8107,-5612,9177,15124,7614,-3002,1016,-2071,-15894,-11692,-2053,-9770,-9917,5818,-11292,4122,-6852,13553,10725,-9000,14850,-11831,13130,5018,-9961,-9848,12081,11361,4029,7515,9998,794,4472
15389,-8574,-429,16123,-12394,-2826,11308,-6987,3171,12046,2751,-8303,8351,-3556,-2036,-12227,7669,11549,8462,3176,-13370,-1151,11720,1423,-6583,6687,11974,2972,-3240,2129,-7983,-107,-1646,8563,-15225,-12072,4784,11637,15475,1679,-6166,2317,6884,15703,1282,11690,14576,-2027,10685,4125,8516
-7498,-3477,-15037,2174,-2870,-12687,9314,408,6620,5000,4884,-13381,-8925,-3257,2423,9956,791,8425,-7392,6878,16257,-1171,2508,-3215,-5073,-12332,-14650,15720,-14652,-9365,10343,-2123,-2895,-5221,-11869,7162,5386,-15731,3718,-11544,-2607,-12997,9307,10059,6203,-16347,6518,2709,3025,3590,3481
-1697,12810,-656,12435,-15527,-1635,-1145,-10050,-5133,1777,8724,11806,5006,14998,7992,-2542,-2849,-10299,1688,-15991,-8288,-7722,3578,2208,12808,10627,-15132,5868,-12518,10624,-1654,-13548,-6395,-4874,-13319,16359,10233,15076,-13936,1890,-243,5556,-13728,10948,-2549,12672,10154,-10005,4787,7032,-10916
2469,-1464,-7490,-1897,-4698,6097,2264,2119,-13754,-612,440,8401,-4799,6283,13249,7169,-13048,16218,1253,9485,-10344,3457,-5112,-5341,10562,-5330,-2838,-450,1439,-13259,3207,-12140,8330,3793,4400,14385,-6557,-7156,9914,-9271,-9616,-9552,14545,6817,12033,-14180,-8027,14368,6224,1164,-15253
3434,-5348,-14338,-11895,-6392,13689,-6468,6347,11362,-14679,-6928,12023,-15803,3286,-3047,-1330,-8356,-2703,5236,13604,11393,15135,-15966,13164,-3373,-16004,10089,-11320,-14302,9680,-14811,-102,14387,6445,15145,-1966,15230,6822,-13978,-14956,-4164,2492,4689,-8051,6482,13311,5067,-4583,9214,-2728,-13941
5052,-2618,-3058,14000,-14763,15487,11521,-1068,6566,11905,5321,-3066,2377,2707,3044,-95,-5971,7985,2629,10807,-4061,-4602,5166,-14692,8028,13483,14466,15626,13645,16302,775,6584,-16035,9602,-14362,-14756,12211,-4340,-1810,11736,10970,8101,1260,-3222,972,14835,-13047,-5700,13174,-1617,5616
15968,235,9657,2899,-4316,-6697,-3928,8238,-2318,-9463,320,3320,-13030,-13663,-5819,9151,-14552,-1774,-8044,-6617,-3494,-10075,8495,-8694,-11606,-4892,-7020,4441,-13307,-15764,12821,-5659,2477,5732,-7717,-5951,14785,7878,-14048,10179,-15436,-10603,16133,-14681,-8232,-11436,2013,7199,1643,-9870,-15125
-399,-4024,-2586,13507,11827,-1646,8351,4738,4359,13572,-3388,3619,-5366,-12652,14242,-7562,6400,8770,-7753,9348,16273,4813,15230,12398,-8811,13950,-7818,-14193,6280,-10078,14163,894,3833,-8870,15427,14000,10175,-12322,-9139,12416,-6009,-15094,-3596,5460,5023,-2999,-7390,7053,14607,-7958,-3391
-13667,-10310,-5442,15658,-4649,13048,7883,-506,8214,-1925,11859,10995,1802,1648,-1829,15295,-11681,-10396,-7341,11955,12034,-3955,1150,-10910,3672,-2212,6307,-7215,-4180,-15075,-4894,11910,12409,6478,-13911,-9709,-3029,12573,15460,13852,14107,6772,6951,4271,11796,2473,3502,-5742,13148,11941,7448
4555,3280,9161,11674,14334,-6144,-12832,-4095,-12346,11694,15793,5640,11357,2818,9301,5726,-15389,13300,-12482,-13854,-3158,1782,-3086,-703,13244,-2325,3843,2236,-12985,-9507,-10780,14756,3580,-6398,-1294,5523,11242,-7248,13756,-15118,-5534,4549,873,-8766,12065,7779,14894,7901,7177,1789,8579
-3006,-368,-1959,-5251,-11693,-15619,-12585,-10256,-16290,10947,-12362,7366,-5642,-3079,11158,-1301,-14690,-137,11719,-10406,-12497,-2996,4197,6615,13391,4327,3975,14746,7862,6625,-15262,-11330,10397,-14094,-12046,1768,-13867,9349,1462,-14603,-9665,-15754,-12261,5469,-4179,11574,6727,-4931,-14675,-7148,10865
12138,10696,-6671,580,13014,-2109,4047,-14918,11184,1947,-13636,15364,-3916,8675,10849,9257,-14897,4730,-6607,2578,4368,9051,5539,-4929,-8949,-4360,7453,-13321,14912,6498,12322,-7623,-2730,-14656,-9434,-5084,135,-4276,14977,12275,14845,-9569,-12106,-9319,-9631,-5807,2397,12291,-5482,-5796,-582
1176,-1211,-5055,-3217,-13083,-13461,9315,8983,14125,10739,1098,-8855,2161,-2247,8961,-2040,11485,13634,16372,6494,15852,-14387,-11079,4058,8173,-3514,-14523,-1368,5638,10689,10510,7128,-5597,-4237,-8974,-358,-4119,-2702,-8870,9452,-282,-874,14806,-5152,9396,-5958,919,10547,-12248,-9654,2139
-7379,-6921,-1637,10870,4238,7807,8223,-12769,10063,3744,306,-4537,-5423,12811,14260,388,-6602,13688,10024,539,3256,-4497,5999,-3172,-7074,8918,-10442,-8517,13178,-11861,3707,8572,11520,-16076,11336,-5614,1290,9901,4687,-2046,-14027,6974,-9171,-2127,-6707,-13899,-11567,5824,1407,-14831,-8790
5268,-9829,11884,3400,13317,626,-5828,-13608,10607,-2746,14265,9722,2357,-13399,2755,-12567,8624,3770,-12209,13141,-3807,-1542,-6341,15124,-5337,-15953,15514,735,-5407,-11724,9120,12825,-13518,1825,-14172,-11868,-9737,-13396,-12398,-2458,-7294,-6000,12385,-1837,11686,15384,15012,10511,4123,14653,-11588
12032,9529,5985,-10470,12256,1076,-7359,10058,11296,14647,8317,16329,8236,-586,8885,5403,5887,5794,-13755,-13859,14057,15187,9207,3280,2214,4231,-5083,14388,15620,16045,7590,-13417,709,9052,-11180,-12586,8637,-11441,10097,11710,-4803,1345,-14514,11961,-12181,-244,-12586,10972,9909,3099,12020
-9860,-10996,-3333,14033,-12385,12169,13183,-12422,7926,-4140,4424,-12473,15715,-318,14017,7229,-13724,15331,8298,-4386,7313,-5849,-1321,13492,-10996,-7598,-10100,12921,3355,13685,-3548,-6691,-142,2529,-6320,2393,1874,-6156,7120,13345,16196,-9939,-5573,8326,3323,10911,261,-6393,-8246,7997,-15896
-14997,14334,-314,-13309,-15086,6533,-10193,-11691,-14966,-12436,5656,-6945,-14403,12580,2594,15654,-6107,-15770,-1604,-3496,13098,-6715,-6464,4844,3156,11655,-2311,9472,-3138,11180,-3732,-9047,-10770,-4368,-13179,10999,13630,-2513,-11596,-216,108,-3882,-10542,-6387,1137,-8175,-9066,15880,-13204,8733,-2934
-3033,-5375,-5109,15289,-13290,-1471,6857,-11489,-4920,1218,-13312,327,8855,12593,-2176,-9192,8732,11450,11731,-7955,-13366,-602,2203,15326,14231,-2361,-15722,-2499,6301,-13199,-3299,-3929,10349,1101,13323,14145,-11845,14424,-2731,427,-4384,9890,16090,7891,1034,5828,-1896,14019,6831,13511,-8938
-15351,9163,15422,-5242,-1864,-3822,-15190,-7083,-1780,-10772,-5612,13064,5892,-1893,-10865,6030,-9792,-14083,6413,1080,-5175,14364,-934,-13200,4432,3569,2603,-2015,13328,-3794,-7644,7720,-14184,-6062,10663,-9167,203,1140,-10517,-12865,-980,-4283,3451,-8573,13321,9345,-10881,-6012,8481,-1952,-15237
-8651,-13152,3615,-4285,-1359,-11868,10298,-8520,-5983,-1772,-4644,-14014,-2885,3953,13852,-14787,11404,4645,-1380,-4108,-3542,-6230,14222,-15334,-7537,-6777,-1240,16174,-14404,39,-12509,-4383,-3117,4433,13399,10403,-14505,-5169,14769,4234,-13209,16002,9310,-3009,-16207,-6750,14071,-2236,-1565,-1062,1266
6550,6898,-10813,-7372,-8968,1907,-10453,1830,9694,857,8986,-12659,-12836,9402,-811,-2462,6462,1451,4866,-6800,1818,11405,-11537,5385,-11506,2922,-15369,-12471,4673,11323,9445,7379,16071,-6085,-10324,-14106,16302,8680,-9119,9473,-9021,-13794,-8269,15594,6344,-13855,10878,13199,-8602,-9363,-14667
-2257,-2245,3619,3767,-6355,9692,-7895,-14110,-12347,2269,11033,-2592,16240,11707,10315,7800,-13987,-13642,-9160,16134,-5487,8092,11344,6882,12858,-15793,6595,5232,2774,-10393,2853,-993,-11874,10661,-6520,12021,5482,12664,-325,8480,-271,-2656,-15543,13291,-11007,9619,11511,-10046,1371,2334,-5044
-4864,-8785,-5085,14842,14821,-9574,13032,-4814,-8971,-14401,11363,-2943,2926,-12384,-6344,2026,-9885,-7599,8956,6564,-11750,-4793,11806,8752,-14186,-4600,-16135,-702,-13612,4526,10852,-4224,-658,2556,-5102,-5575,3845,-7738,-10409,-2919,16212,-6476,6610,4267,14960,1084,-4992,14532,4816,-8565,-13098
-6260,-7214,16047,-13664,7223,12865,12928,-13838,9785,14990,7258,13714,-7219,5149,-10944,11252,-2250,-4955,10648,-653,-13741,-10394,-8397,-10813,-8410,8564,12053,2138,13568,-1669,-13450,7532,-5839,-936,-4243,12379,5805,8169,-12072,-2552,-663,-3499,9225,3157,3345,9624,3336,-283,-8051,12021,7466
-1219,10717,14917,-7265,-13201,-13256,-10336,15373,-2568,12611,-5531,179,-13816,5284,3196,3962,-9033,-15345,-1780,-14579,9235,7179,-3335,8066,-12178,-9139,1697,10692,-7519,2184,-10070,-883,-8985,9912,-9789,-3576,-10771,13391,7118,-7255,15019,6159,-5217,-11134,-7639,12455,-5182,-1228,-10745,-10726,11665
-13469,11912,-13839,12007,4032,-5663,1965,13331,4830,7498,14609,-12591,-15970,-7340,-6049,4235,-5462,-595,-12790,-6181,11079,3706,-14641,2528,4524,5590,-4280,-8859,383,797,-8385,-2957,4548,7464,9038,15275,14499,9972,13766,7665,9711,14410,10,-7169,-14652,-9372,-7729,-15274,-15463,14940,-8982
