40,
52,
13039,-9851,-910,-6681,-1504,12092,-12870,-12463,-14015,15419,12760,9259,-10443,9039,-5124,-11746,-3126,-13939,4278,-2724,14702,10632,-2420,-8981,13195,-8678,-5784,-801,-1178,-9964,5056,4137,-9857,-8365,1940,-12095,3269,7640,11102,6202,-2007,5130,-6704,13472,-15682,4489,13638,-14552,650,-2682,785,-13246
-4073,-11714,11579,-13230,-3898,-14145,-12659,-13171,-904,4335,3054,8917,6808,-15726,-16203,3217,-13069,14755,-13231,-16295,1037,-11390,15613,-2453,11338,4802,-5930,14351,-9915,4766,10757,3368,14047,11015,-10920,-4124,-10180,8629,-10643,183,15630,-10594,174,3523,-8685,9408,11892,6161,-9289,6965,-656,16228
11949,-12464,-7325,-2653,-3060,362,-12027,-3512,8352,15443,12739,-12297,16203,9246,-861,6853,-14121,-2559,11210,8547,-10376,-1708,-16321,-13695,-12414,15810,1497,-6175,-10173,458,13884,-2966,-12391,12360,15223,-10801,-12245,-637,1417,-14013,16036,-5010,7464,9726,12519,-8797,-4502,-5420,-9784,-15825,-5446,-14662
-14344,16021,10096,8001,9530,-1125,-11745,13753,-13022,-15099,-15839,-275,-3134,3950,-15453,-12572,-12667,-12150,-5090,3845,813,-10540,-6069,-9020,12882,5795,-6169,14504,6332,14342,-6420,-493,-10517,-15437,5643,5582,-10516,7014,3989,-12588,12134,6251,913,-1684,-4376,15645,-699,3407,3116,485,14935,6192
-13772,3376,11885,-7260,525,7953,4349,12541,11705,-15123,159,2662,2526,-15133,-2272,15632,-11282,-2107,710,-5855,-12842,-8239,-1572,7376,-9154,-7220,12669,-11822,7989,12033,12501,-13956,12797,-10800,8925,9615,-16155,-10417,-3537,-9536,-9378,-3266,-12417,-9135,16272,-5325,8188,9095,14968,189,14055,-9666
-1510,12725,9282,-11268,-16052,11316,-9929,-4097,4688,13245,12485,13912,9031,-11506,585,-14286,9073,-14856,5642,15573,13550,-11844,903,-1337,-1702,566,516,-13208,-449,-16141,1717,-13806,-11723,-2405,6308,13065,-3909,-6264,-3176,-13219,-10776,15078,9054,-7776,7592,-4567,-16383,-2282,7761,7021,-5368,7842
6221,9676,-14571,9574,-15611,-8348,4216,-1293,15797,4636,-13276,10487,-6800,-230,-3693,12577,12595,-993,15765,-5483,7589,6634,-13472,-5546,1094,-5909,-1528,-3392,4007,-7675,5619,-9600,-7312,3846,10997,1439,-3207,-9127,-13758,1511,-2372,7851,11558,-3195,-6415,-13415,2654,7578,12951,16311,-11900,-1104
8761,15907,13596,2341,13051,-14249,3195,-10701,5991,-14647,2721,3967,-16079,15217,-14223,14832,10048,-16188,-15674,15783,-376,-9417,-14857,9629,-11568,-12903,-12206,7351,8667,11994,13907,-766,-10267,15259,166,-1100,-9058,-2941,10565,14840,15393,1943,14376,-15087,-15435,-7622,7357,6456,5919,15461,-6387,-910
-6033,15782,-15098,1604,-15261,13118,6857,-10091,4109,11567,-12684,6217,8345,-2667,-7114,-2530,4811,-13558,-8668,369,3729,-16124,-15651,8038,13517,-10044,358,15557,5370,9399,-14105,922,-11191,-14943,4839,-13863,13793,9405,-13073,13145,-5034,-3446,13746,13213,-10464,-13285,-14104,-4774,-2657,-932,-6774,10437
-7160,16266,-5867,12357,-6324,627,15201,-14686,6701,-7590,-6028,-8815,-10374,-5931,-9501,16360,1640,-8580,-1481,8313,-7751,4532,6381,-5316,3887,9105,-8202,-1325,8634,3933,5716,-8704,5926,14196,7701,-10705,2752,1241,9172,-1744,8100,9668,-11360,3360,3647,5670,-7576,-5828,10048,-15630,-8261,-10524
367,463,58,-11045,-4699,-8021,-15753,-9016,-15908,-14857,-11360,10130,10298,-3712,-7985,9139,5645,11788,-8525,2165,3263,10435,1172,-11299,14962,-590,500,1807,-9058,-14105,2880,-10276,1755,3380,16006,-14867,-16016,-1411,7821,6589,14015,1881,-7294,-12227,12366,10994,13570,-6048,-10120,-544,-2203,-7476
14204,5563,-5818,-10416,6569,7163,-4825,-2422,12438,7211,15165,5197,3055,-4812,-9677,13592,4068,11458,-11491,-3292,10628,-8889,10977,2423,-9731,-11955,-2327,1933,4388,12624,-11040,9400,4334,-13268,-10449,15160,6261,1365,-8561,-6789,-13299,-13486,16043,6340,-7843,-8072,-12141,-8237,-7385,998,-11781,1192
596,7220,1847,5201,-14830,6871,-2936,192,6846,4371,-6357,-1975,-8760,-4665,4897,-12417,5057,-10209,10537,12655,-6047,12029,12321,-15007,-14773,13392,-6592,-4005,-15982,10285,-3105,12884,-5227,-15314,2457,-8835,8044,-13732,-9349,-7183,10206,-9246,5300,6752,-726,12255,15058,-827,14387,-3163,-11074,-9902
1798,4888,-9652,3642,-14285,-13277,-8417,-12584,9905,-1590,-666,882,4026,-11555,5813,8312,-6247,-12136,-4551,-9257,-15393,13152,-11973,-2632,-13198,-13812,6658,-9068,-4671,-6016,-5439,-585,-12948,-15022,-2498,-11715,5798,11138,8856,7157,14478,-13071,14602,15892,-9361,16062,-2608,10381,915,-5960,-9348,7495
273,-14941,15096,-10759,10677,644,-1296,6024,-15675,930,-737,-5558,-5761,2599,-12265,566,5814,-7438,-15550,-5138,13934,-12498,14512,7703,14555,8875,-13634,-13667,707,5608,8522,-12019,-1715,-4870,-5469,-14305,-6630,981,1664,3430,-75,778,-1155,14583,-13904,15049,12043,-11718,13330,1433,-8266,-1897
-4016,-1801,7329,-12604,6827,6351,3442,11720,3365,-15068,4468,11367,4544,13834,6315,-7790,8865,-13927,11345,-14073,13681,-1115,75,554,55,-9864,-12042,13109,12992,-13712,-10572,4049,-11062,-336,-14933,16118,-3523,130,-12704,-11679,7983,5521,10126,-12726,-13834,10069,832,-13296,11496,2932,-10185,-6295
313,12838,-13611,9294,-8185,10801,-9218,-5480,-6103,8068,785,4747,10684,14479,7406,6942,-14826,3886,-8390,-11914,-5528,-15485,11056,14275,16115,2178,-4249,9494,10227,1878,1607,-1531,8311,16352,-12118,2873,13276,5839,-6757,4175,7149,-7289,8729,-6167,-6997,-7943,-3476,-4380,8214,-5008,9100,-1325
2635,6164,2640,-2902,12794,-8846,-11970,2894,7025,-5505,7105,4111,-16383,-11154,-1634,-14439,-8121,7284,-8693,-3904,-13494,12833,-10085,8450,-1373,12331,-15432,-8417,-10615,8173,-15894,13643,10307,15781,-9068,-2649,4043,-15152,-3372,239,8314,-2699,5559,3551,10750,-14167,11007,14239,7758,1445,-9807,13054
6490,-15196,14243,10561,-9577,12600,-11438,-3919,-3133,-9967,15617,-3383,-12823,-8175,-4011,7404,10930,-9199,9355,-6162,4338,-1752,2557,10685,5392,13938,-6314,9854,-5916,-15916,1163,301,-3598,15104,-7028,7976,-10878,6283,-14653,-3761,-9778,15201,7570,-13038,8579,6743,4414,-7690,-16147,-9038,-5934,-2526
12173,-13201,-6058,-10249,-6575,10273,3135,-13839,14869,-1533,-12224,4482,-14535,-15959,6543,-3369,-3790,-8170,9033,-567,-4210,-12338,-14410,-15265,5483,7935,-11523,14605,-6451,-5415,-14387,-12772,3473,325,8538,-5708,1527,-9024,16317,-11674,5869,3243,7932,6089,-4990,2653,13958,-6078,15995,-5521,-3886,15135
-5582,-12129,-4333,5661,3895,-8195,16192,-3751,-12515,-13709,6724,13252,-2917,-5442,8491,-8213,14912,14701,223,2307,7114,-9466,-7257,-9567,-15444,6650,13546,-5274,-14944,-12207,-15622,-5034,-8846,-12180,-12388,-3774,3763,-1769,7727,2116,889,-1148,-2777,14122,-4617,-5373,-11945,-2948,-12237,11901,-1033,-9585
-7661,14517,-11474,15799,2713,5596,-178,15678,1301,-509,-12190,5221,-10957,-8701,5293,16073,-6307,462,-10311,10718,7282,-12679,-10672,-7634,13324,-10211,11176,-6358,-14474,-5113,5421,15051,-12732,-15679,-5638,-6128,-5309,-8090,7957,1995,-1541,-13971,-6700,8874,13078,10422,13169,4859,-1253,-2883,-359,15109
8142,-6858,12979,404,-6418,-10345,-16345,5036,-7469,-11391,7049,185,12551,4147,-12639,-5133,-6474,5552,-15904,-14961,6704,14780,10123,3921,102,7939,-9301,1465,9349,-7009,-238,-6001,-7732,-4694,5372,1174,4276,-9035,-4848,-1931,9100,6130,-12424,4050,3172,15353,12952,1077,228,15001,-11943,10296
-4147,-14454,1895,-8529,-475,3079,6541,15882,-6134,11355,-11757,-12487,-3322,-1176,12362,14402,-4627,13229,-4519,-358,6358,833,-8508,-3334,-8859,-7542,-16165,-15085,-12429,-12087,12745,-13200,-14863,6014,9628,6747,8783,15308,5294,1172,1482,1209,-5242,7226,3563,6930,5870,11391,15095,9113,2611,5296
6463,-15857,12384,14317,-1832,2946,-8958,1994,9596,-8001,-8080,-16117,2652,-7616,10802,-1769,11397,12135,-8542,8138,-6081,-8621,2214,12783,12027,11972,-15031,6930,2706,14235,-6481,14837,-6635,-11692,-7840,-10381,7172,6421,9682,-15378,9050,-16052,-10381,10316,3681,-15469,16339,2230,12704,-14933,-14615,-11638
-8775,36,4968,-10330,15319,3295,-5616,11992,12984,-13294,9970,-10469,10078,-4580,12395,3102,-6718,-729,1142,9557,-4611,-8773,5473,-210,-405,-4230,3269,8959,-5320,8764,-7328,5847,-3194,11848,-2535,-7916,-15016,-3890,14983,-4190,-11854,-10433,-9656,4321,-6915,-7719,-13650,10302,-8421,13601,-7483,-11627
7346,11648,9710,-1685,-14510,7720,6945,-9522,-10924,-1091,9817,4398,15239,-836,-8385,-1218,3163,-410,12529,5269,6708,10285,-6497,-14980,14709,-1070,5332,-14509,-447,7777,-11104,-13178,-8864,13024,-553,-2597,-5217,968,5460,4943,8,-7169,-13924,-8023,-11114,8705,14942,13900,4733,6839,10474,-1049
16012,11731,-15928,7006,-1056,3056,8751,6952,11726,9667,9103,-15570,-3240,-7742,-51,-16270,-1153,-14507,2243,10145,14124,-4642,-6830,-6902,-12879,4942,-7918,11233,2666,8373,13888,-3471,14681,-8114,4274,-10447,11203,2194,1074,-9663,-13316,61,-2951,-3148,3500,-9718,2017,-16363,6959,-4996,9331,-4323
-11265,-3726,-5949,-13722,14926,13151,-1030,-11165,10404,2500,3702,-11808,7192,12858,-10748,-6140,14010,-11467,9173,14817,14136,8662,14557,2610,-12461,4980,1891,-7614,7379,13779,-65,10780,-9962,2987,-370,6222,-2707,16191,11772,-12367,13532,6369,-15169,14366,13526,10916,-3271,6550,14036,798,1611,8282
-11985,13433,-14984,16228,7917,14778,12910,-14319,6794,9501,966,13175,15971,14009,5476,-12807,2299,-1102,10787,11426,4737,-13321,15144,89,-12825,-12149,6409,4595,-12719,3002,-14256,-11938,-5679,-6820,-7948,7092,11210,11741,-13373,-8345,-12669,-13117,3308,9242,8820,13448,15909,12512,5589,5538,13533,-3559
13895,13239,8263,3804,-12312,1326,-6590,-5192,-8743,10855,12313,479,-14108,-5180,-4243,-10280,71,-1826,7990,273,-10026,8220,3016,-3376,-951,3090,-8295,9341,2121,14161,8657,-2636,-9857,5428,-13701,8942,12471,7981,15993,-6280,-14688,-2906,3996,12144,-10602,-3639,3206,9597,9430,-16108,-7946,-359
16039,6701,-12595,15122,-5691,-8188,8784,2118,9256,-186,4977,10475,8200,-11074,-7368,-11527,-15409,5529,-4868,-3906,12964,-2407,2112,2231,-1573,-6114,-1162,-9984,-4970,-12606,6867,-4344,-7332,8599,15693,-5091,16076,11377,1591,-11352,6278,-2538,-6654,-12435,-7006,11490,581,-14606,1002,-4000,3655,-15973
-6060,-8608,-11030,7496,11574,647,-9161,230,-7219,-3470,2476,-9328,2502,4595,-7748,-1585,-848,-14139,-15742,10345,-9262,294,-16288,12455,-7220,-12068,-4044,-7206,15747,14460,6578,-5576,-4416,-15169,12062,13573,15195,15404,-8077,-4551,9222,-7509,3121,15856,8528,2203,14439,-13873,1466,-16120,-12627,1030
-2722,12620,-4158,4843,-3820,8676,-1524,2889,-14095,6992,5848,8057,14762,11487,-13949,5620,16273,16146,12541,2908,13033,15580,189,-14334,-13723,5217,12474,-8157,5416,-8195,9224,125,-5850,1886,-2643,9284,-9543,2607,-8193,8134,-2496,13648,36,6391,-4882,-5484,2210,7194,-6278,-15043,-906,2576
5269,4181,4604,2192,146,-14401,11257,-13596,796,6539,-7421,-12069,8812,13008,-9048,5641,8357,10970,5623,-367,15972,3062,10581,-6579,7666,-15326,-2966,7666,-9610,-3710,-10598,596,8798,9072,-11709,5342,-6759,-1726,13905,-13610,5403,1202,8012,5970,-1427,-5339,-15825,-4262,-13125,-10459,5220,948
-8493,13164,-2414,-13288,898,15227,-11607,13819,-15011,-12131,-10259,-3840,4701,2512,3478,-14993,-13978,4981,-11706,-4097,-16350,-6190,421,-12355,-15851,-12351,-6831,5155,-12609,15237,5692,1989,-2049,-2218,10135,-2741,-11477,4083,2104,-3473,12363,-6406,8358,-6111,15389,3997,-13092,-2651,-784,-8011,-2134,6265
7882,-13248,-11005,-2123,-4212,8604,-4952,-13386,-4199,-1784,16132,-48,1773,676,-12539,-13615,11511,-2006,-12453,-14992,2263,-14035,-3820,-11584,5995,-9328,12958,-6412,1211,-11178,11849,10341,15779,-1594,-1556,-16265,16355,15275,13299,3345,14877,4170,-14943,12047,-897,-8817,15846,5089,4093,7324,3381,-7793
-10295,-15055,-4281,5718,-11739,-10747,10299,4303,-9607,6948,11956,-2156,-4218,11517,-10342,9503,-10039,14277,-11671,-14404,-8868,1566,5971,2245,2084,-15779,11923,7471,-15746,-9927,10980,7453,13105,-15546,2578,-1367,14208,1835,4567,12702,-5088,1599,-4485,9508,-13055,15884,-13050,4744,6269,9965,1074,11922
-7968,2496,402,1828,5653,9040,15949,3329,-199,-4720,-12634,-6776,3433,-11854,-9443,14457,-7589,5848,8060,-7672,-3060,5269,16358,-10282,-1206,5615,-3876,-8367,10174,6551,-4188,-2394,-10033,-10562,15158,7939,-13630,-1641,5855,-10185,-1726,7331,-8356,-719,-26,9475,12531,484,-5933,14188,-1565,-3041
-1261,6344,-6310,10002,2195,-10387,8492,-14725,1008,-6216,-10158,-9350,-5876,1470,-13418,-9324,-15795,12407,7299,13410,-1066,-2532,5559,-7274,-4753,-1448,-6667,8648,-15349,6447,15180,-2016,-1916,4802,-5545,-12677,11462,-11076,-1757,10571,-1686,-1495,-2226,-694,-14453,-4310,9577,-5598,-12583,-9919,1909,-11564
