40,
53,
7412,7226,-5564,-2846,-1923,14683,-6309,-8532,-6264,1482,-9259,-8828,-2540,-2371,-9228,-9730,2638,-14396,-7949,-7043,12250,-11149,5655,6996,7861,-11744,3747,-16317,-6527,-2412,-6117,2125,-11156,-15595,-2378,4941,4034,-10368,3558,-15020,-7448,13593,-2273,-11107,-8,-16306,10627,12389,1556,-10201,-6515,2118,-3259
10455,-1376,-4313,-12541,7972,-9157,-4761,-8295,7242,1091,-15211,-5344,-12405,-4542,-1169,385,8944,13578,-2016,-11814,14602,7975,369,6497,-2222,8500,-15110,-16261,15796,-10834,3406,15638,15691,-11756,7874,15495,986,9310,-8916,-15321,13939,13881,-11847,7451,9662,12776,-12872,-14430,-9841,619,14404,-10171,6299
13497,12117,-9882,9657,-3188,-5935,15646,-3333,10493,-8425,7861,-8610,-7563,-16046,13852,13356,-2212,1447,-8385,-3776,-8388,10262,14090,-8452,-11505,-1647,-7587,6639,585,-7631,-1783,523,1979,-4895,-5167,-15059,-2468,1950,3215,-11037,-2967,-6240,6610,-1842,-5511,8110,13945,10799,-3858,-173,201,-2272,-13403
10477,-15507,4358,-7169,-7275,-15401,-16160,2083,3619,1176,371,5597,15579,-14589,-9912,-5750,14593,-10859,7470,7185,5590,-5698,10672,-15917,-10187,-15031,2145,-588,3470,-7645,-12634,-10617,-1389,3365,-8161,-5125,2131,-1223,14489,13778,-6065,4389,2132,14090,14155,-4631,11654,4356,-3305,13663,-7689,-1056,-2170
-11191,-8805,-15505,1032,3556,-6468,10389,12527,-3542,3757,-7256,10306,-14771,-8653,12176,-9990,-7288,-13753,-11110,11807,-8004,-11303,3288,5347,14159,5808,-14519,-1139,15052,7990,-11690,-578,9339,-3342,14300,13133,-11431,14716,-8326,2644,-7066,14268,4210,9190,-14733,-3298,-491,-836,6218,-407,-7380,14526,7025
4417,631,7490,9754,-5710,-5762,-13945,-280,5320,6513,13951,8171,-1705,6012,-15461,15384,4343,11429,-1821,-13051,-15424,-10976,7693,13449,-1639,4901,11352,1781,4867,3903,-15663,818,16183,4569,15486,13177,-13363,-9951,-10446,1237,3005,-3212,9448,-2336,-11039,-11575,-7671,11477,8152,7578,-6216,11183,-11342
-14459,-15982,-14812,10880,9960,-15579,4374,11901,-3870,-7601,516,10286,-9456,-13940,-9100,8131,9733,-5232,4038,-9176,10495,-7955,10698,-9154,-13822,11170,-5013,-10744,-4162,-2159,-14694,1802,7285,13364,5995,-10134,-912,-2071,16370,5618,5665,14888,-6235,-2532,6971,5132,-870,-8452,-8332,2365,-12901,-9675,11422
9577,-3687,-14008,-1411,57,-7766,-9143,-1113,-9289,13715,1788,895,1184,1747,-7135,4369,-12257,2184,-5603,-1091,3398,-12719,-3007,-16285,1553,6404,-15639,10642,-2817,-4492,-7726,-6467,-3009,5517,8215,1370,-12370,-4459,-9529,3581,-14099,-325,1807,-11745,-13773,12010,-4338,-7078,9395,-11499,-7880,6622,3741
-10783,-6712,7692,-3933,-9394,15979,13646,-10181,-8134,-13889,3542,11550,-6113,-15757,-356,2093,13050,7441,6266,-14879,10870,4568,-2556,-596,8814,-13866,-14038,-9932,-13204,4157,4744,5009,1932,-8395,516,8894,10803,-3864,-6769,-6905,4249,11174,6847,15112,104,-1395,12326,-8263,-5995,-304,1484,-11148,2101
-12985,-15356,-10201,11788,-10627,-578,5189,7274,15580,2153,-3967,222,-16321,10229,-15056,14187,16250,10924,-3866,-10474,-8253,14810,1198,3866,-15610,13498,5739,6551,-13318,-2667,-12021,-6040,-3821,-4675,-9777,271,-4324,-8103,-16176,-1244,-9282,4646,-11204,-3183,3999,-1837,14907,-9318,-12564,13929,7048,-6766,-13966
-13536,-2197,-4583,-4913,-7763,-6929,1170,-5291,-3833,-5458,8190,12853,-349,-12944,-13393,4730,-11339,-6164,-1694,-6379,498,12967,-12694,-7330,4753,-7061,-313,7140,-9661,12771,5151,-5279,8323,-9078,14772,15957,9782,-2554,-8402,16371,13791,9247,-13240,-346,7032,14484,15353,12845,-2670,13380,9286,13306,-14080
5300,3754,14177,3388,9769,15025,823,-34,13512,13177,14078,12890,8109,-1402,14767,-10428,2542,-14719,10426,6748,-11116,1093,14307,3257,10001,13398,-15110,-11403,6632,3310,10269,-11102,9887,3494,-7060,-15816,15510,-6191,5743,-13750,12789,11292,-13941,11932,-1723,1372,-14692,5298,-2338,-16004,7501,1430,7833
4575,10757,1370,-12525,13602,10603,2772,-7264,-8561,-11790,-12869,9327,-6160,7614,1851,12572,-6772,12769,-1181,-2293,-3652,-12105,3079,-4108,-11760,-6128,-5994,-14837,-7320,15238,15219,-1553,6108,-9764,-10561,-10223,14789,10046,9315,-12960,8076,5294,9162,7752,-10607,-14957,3820,37,-2177,-3662,-16172,-8109,-10851
530,-9242,10679,5465,-9269,-7631,-6921,-6950,8630,8319,12566,-2880,14184,-10362,2422,842,-5609,-5834,-11732,10686,-7162,7662,-12491,3412,-15299,-4020,3019,4134,1079,-1475,13739,-11736,11685,5423,13071,-4769,-9960,7698,1724,3515,-16177,-12093,8969,-7542,12502,8206,16108,-6045,14444,14411,9928,4480,11282
15286,2287,-21,841,7462,6347,4286,5288,4146,9584,13242,-13815,-4851,-9039,-13154,-4223,-14075,-10531,11530,-14804,13085,-2818,-14967,3383,3384,11256,9520,-4498,-16237,12882,73,5828,-1083,262,6898,-1399,36,-810,8845,14261,5627,3786,14236,-15463,14782,14272,-515,12755,-2334,-14419,7195,11725,11866
-9491,-4613,-3667,-5128,-12271,-10120,-2201,2199,-6361,3112,-1290,4166,-8950,1820,9323,-6490,3905,14103,11566,3028,-8423,-9821,-14517,-1091,5448,8404,-46,10872,7282,-1172,-15998,8737,3956,-3644,-13047,-12983,-4574,-15889,-1104,14108,-7037,9000,308,-15413,13968,-3812,-11631,5056,999,10956,-1985,12970,-2473
10623,-16069,-4998,7526,4172,-8286,-6443,-2149,15544,10609,-983,11168,-7363,621,1172,-5121,-2004,98,-668,11546,408,-7200,-13724,-13821,-2096,-3238,6227,-5257,9314,-8493,-11242,-4999,-4535,-7418,-4154,951,11746,-12948,-7589,9289,11520,7658,-15311,11940,-9420,-724,-11507,-11474,-15542,-1342,11757,-2494,-6706
10768,-8496,-5529,-7716,9728,-15072,6364,-600,5464,15553,-2057,-13033,1800,-2040,-13615,-11174,-12780,-8047,9493,-3980,12780,-15184,-14072,2613,1177,-14857,-9902,3325,-2276,10247,-15137,2027,-12421,-9645,-15077,-6712,10122,6571,2417,6476,12649,10734,16368,-5920,14468,-14167,16241,-352,12641,-11972,-1729,4470,10867
15934,6390,15388,-13054,5022,-5811,15159,95,11373,-1167,296,-8563,-2171,11431,-14082,-7935,-76,-9649,-3232,1437,-7254,6846,-2460,-3199,4101,6896,130,-15904,14634,-14549,-13409,-911,-11211,-13037,3677,15400,11533,3152,-15679,-13045,-4255,6576,15684,12853,9851,8435,9232,1181,13281,15584,1764,9559,-10775
-2088,-11772,-15608,4252,-5863,10488,-535,10801,-14100,-8261,11640,-2501,-8715,-5937,-8596,-3465,15084,15178,-5948,-1203,-8660,-7001,-3537,-7946,8130,-11360,8253,-4840,4016,-6117,1535,-1019,-5405,-10591,-15676,12128,15260,-12376,7217,-14427,6144,4642,-14911,-5518,14439,-4359,-5453,-1498,-12542,-12111,-4430,-11589,12989
-10293,3947,13922,8587,7883,4129,-15299,-123,-14885,1239,9974,9425,2169,12803,11411,-9313,6162,13157,6193,2996,10050,11465,7909,13224,7610,125,-2764,3763,-12144,4511,-14337,8302,-2231,11773,10981,-8365,8471,-16261,3293,-10615,10553,13857,786,-6413,14319,7704,5532,3728,-11912,-3309,10063,9249,-4503
6442,4442,-5308,1671,-1125,-10936,-14649,9601,1279,-2292,879,12359,-12531,12709,-16151,-1770,-3038,12167,7436,-8201,13506,-1237,662,14842,4290,12178,-775,9920,-9661,14400,-14625,-10213,5466,8148,-7819,14989,-11938,-14680,6885,9092,-893,-6214,-14820,15303,-12112,11384,-10383,10765,10671,-3985,1083,4669,16192
-5223,-466,-10686,-2314,-2661,-8449,-2001,-13552,-9669,13800,3510,8118,13230,-11633,-5061,4916,8413,-659,-12956,-11480,10229,4143,-16203,-3044,7786,3340,3667,-15618,11864,3445,-11552,-11085,1732,4481,-2608,-5520,13827,-7310,16032,-13288,3305,-10363,16073,-2100,16282,4058,3492,-10799,-601,9834,-16183,7414,-15687
-15004,8955,1700,-3417,1415,-13045,-6434,-6974,-12732,5223,14514,6525,-11871,2630,-7133,8501,6674,-4927,-12434,8067,15864,-9158,-9314,13925,6688,5206,-7004,14271,12822,9739,-8653,15535,-13858,-9958,-665,-5039,9429,-1765,13930,-15576,-7512,-14997,16151,-15040,-6857,-9835,8420,11727,-6121,8625,13029,-10889,-8200
2202,9191,-2659,3048,4928,-13151,15388,7961,-7325,14115,-15497,9188,14666,-2962,-11827,-13618,-1365,14700,-9244,-12582,-14488,-14457,-8470,8768,-958,8835,-14904,-15723,10871,13465,3258,-10287,9854,-6388,15884,-9120,3045,-13157,-13892,7322,4336,-7778,11692,-2982,5213,-8999,-4876,-4534,-670,8779,-8457,-5243,-11700
-8143,9644,8456,-11197,16111,14172,-14993,-7662,-6678,14623,-1013,830,-14519,-10660,12519,-3033,5715,2104,-4485,15097,-1916,-3922,1532,-10628,-15370,14855,5695,-2890,-11477,-985,-12634,-12398,-15290,8466,6017,3860,-8352,-4378,5690,7539,-14125,926,-4801,8647,2405,6075,-6748,-6296,-14718,-1244,-14527,-6573,8599
4316,14213,-14035,8238,-3421,-1075,4957,14651,5586,-5257,15844,15798,-3209,-5514,10226,-6939,-2903,-69,10510,16193,1059,-8493,-9337,-11565,-435,-9519,6643,653,-9444,-4776,7324,10254,7798,13752,9221,3174,-9220,-15350,-12971,-6011,-7526,11643,-15381,-13145,-8978,-12538,-6734,1190,-4850,1232,-5947,-12456,-1084
-15098,-3728,-8778,-12777,13578,-2345,-8357,8139,11030,-2027,1791,-15502,-13202,10561,11734,2143,-8560,4732,1993,-2846,-6376,9647,-9141,9178,10019,-5933,-6957,8021,-1953,-475,6711,1237,12034,7077,12980,-15034,-4431,-631,5236,16320,-13240,-5458,-15239,15477,3695,-6286,-5145,-7797,-5548,11449,6757,-13702,-12227
15149,1529,-8052,130,11362,-14208,-14581,5554,-15838,10697,11600,14006,16330,15214,4107,9568,1146,-7334,1844,-11002,15926,2758,14981,13052,11159,10991,863,13215,-6,-10375,3718,-9503,14257,6531,9977,102,7491,-6944,8081,-14258,-16090,8260,-13668,3556,14635,10511,-10675,6248,6451,13762,16061,11854,588
5387,-2849,8407,-9730,-2734,-16329,-12978,11733,-14286,-14431,-5797,12846,12343,16348,-11032,10687,7590,-6110,1945,16197,14277,10204,7649,-7803,-7529,9391,9129,6542,6399,-7004,-15344,-7211,7217,9763,12453,-3302,5135,9839,15559,8900,15980,5532,2443,-4279,-3061,-10274,-201,14668,5856,4886,-7686,12140,10486
1467,4449,-4390,-4342,-4324,1539,-2210,14920,-13574,-13382,-4371,-11820,13068,14775,3399,7971,3733,7511,745,-6861,-9438,-6871,11851,4533,-2698,-549,12525,-6863,15054,7196,-7383,-4786,-7096,10393,8774,-2506,-16252,3249,10984,13727,14009,10730,5268,-11626,13576,2164,-8925,-4799,4496,-4947,5272,-8923,5663
10834,15813,11632,-7598,-3149,-13286,951,-10787,489,15257,3046,867,14972,-351,16302,2408,-9764,14737,-15781,-10134,-10202,-5679,-3276,7047,13604,-16025,-13002,-1606,-7838,15963,14357,-8104,4268,1480,-4634,5516,2007,1249,14420,-7247,-14895,-550,-6300,12804,208,15248,-15454,12249,-15714,-2245,6370,-8972,-2702
-4595,5077,-10233,4249,7027,3649,-14171,5632,-13814,-13528,-349,-3417,2902,4144,1563,-13698,2068,15263,5262,-13831,-15762,16220,-1839,10360,10151,8656,-15150,-2680,4493,11368,12330,-2968,12134,12461,2748,5763,-12427,-3168,-4706,7940,4107,16317,3590,10101,-8921,3209,16115,9780,5784,14874,-15185,13412,-4091
-14947,-15752,-14363,-10932,-12345,-521,10319,-11487,-1831,-11445,10810,15447,-7033,8446,-9443,-13625,16054,3609,-12502,-14602,5465,-4780,2393,4874,-15035,9448,-9945,-6377,2662,5172,-12664,-16031,12140,7054,-2044,12484,-10859,-2979,-813,-14977,1435,-6877,15077,-1628,-14545,16122,-6901,2647,6077,-13325,3424,-8376,-12886
13461,207,-10032,6256,-13789,2743,13142,9588,9934,-5634,7097,-6465,-969,-11115,-6375,5426,-13538,-809,914,-8571,-6829,-2551,13390,-16176,-10645,-6406,5305,15970,-10871,4520,8955,-10172,11594,9660,12912,11285,2347,-10455,3844,13626,-13385,13404,-9853,7918,-8402,6464,12425,-7871,-4631,8408,8492,6638,9249
-15387,-13063,16058,8774,-4041,3894,1498,-4735,8986,-8590,-9228,15616,12350,11228,14694,13834,12968,12408,-9994,-6750,15054,8115,-1866,14162,-10871,-10178,-13777,14331,6470,11105,13276,4042,-754,-5069,-64,4744,-6540,4035,9913,8140,-14218,9299,5922,14485,-120,9844,-1918,-7431,3469,446,8495,-6611,-4450
3983,15843,-8577,-7817,-14147,14799,12891,-9287,-13261,-1807,2883,6925,13185,8734,-9346,1504,12941,10425,-1456,983,-8837,4463,-1933,7824,-14887,469,10439,8062,-11910,7290,-8464,13404,-792,-8691,-6008,4742,-6160,7074,-3068,10592,12835,-2355,-2747,-12552,-11362,-2143,15207,-10499,16132,-3219,-13456,-1284,13385
-2700,-2590,7605,14999,1390,-13389,-14140,9830,-7865,-9869,-11068,-11385,1383,-4952,-9033,-4675,3326,-15173,8361,3449,-11467,812,10495,-9899,8849,7612,334,-1140,4469,2422,2570,-4346,-13781,3580,1515,-10141,4141,14796,-5089,-12305,4828,-3906,-16098,-2928,2378,15722,-16250,6933,-4806,-11528,1310,-6651,-13711
15494,-3688,-3323,3489,2354,-1917,-13062,5621,-11220,-9866,5301,-10244,9461,-13432,-15554,3091,-292,1746,15873,2234,-6600,-7867,-7422,-5964,-10496,12401,8049,-1285,-9001,8099,-11679,-13783,8884,-15304,5274,-5732,-4085,9387,-14108,-5048,11450,10217,9492,8319,-14093,4660,-1585,-8850,-13451,-12009,14142,12436,15806
-9473,-6524,-8788,6991,-12721,-352,11008,-4245,16284,-206,4492,-2124,-14160,-7201,5335,3087,9763,9822,-13612,5154,15310,11420,6169,-3146,12273,-4849,-6892,-1892,-15948,-1595,-6327,-7561,15877,3770,13189,8784,9767,8698,4641,408,-4294,9795,-4806,-5964,-8117,-11321,-125,-4651,6782,-15351,2507,13348,3404
