40,
54,
64,13417,13520,10844,-12778,-8799,-4529,-2825,-11520,-6657,3023,8873,-14950,-1710,-14319,-11426,14047,-15748,-12319,12215,-584,269,-12958,-14573,3092,13174,-5260,-6270,-4282,11164,-4297,-256,-11582,5747,7636,5659,15586,1760,-14433,-6320,2527,-558,-8214,-14748,-13851,7500,11405,-14581,6731,-3916,9439,5969,7561,-4452
8452,2549,7359,15444,-3270,-12479,9905,2237,10246,6290,-2139,-8809,11869,14470,-14938,-6299,2860,-4276,11108,12784,-11208,-3669,-3201,5052,3484,-13590,-14920,6948,-12992,1557,9830,14044,-4499,10173,-14046,-14867,7900,-10908,320,-836,-3245,7969,-2019,8304,3386,-15047,2389,3949,8530,-11211,-13189,3614,12130,14794
15219,16011,-5338,-3772,4783,1625,7766,7191,3627,-5316,1423,-4673,5262,-12286,1120,559,10188,7824,-15110,-9569,-9910,-10517,-11081,-1739,-4590,15585,-10903,15946,-15482,-4885,77,-570,-13734,-13261,-2263,2695,-346,15197,15520,6108,11585,-10007,-4920,4486,-7216,-10204,-4953,14327,4277,6850,1296,-12337,4901,-9037
-15895,-883,-12464,-8870,13234,12600,-12511,-6901,-1215,-12420,14549,6863,-4322,-8576,1966,11150,-15471,-15729,6174,7582,-14554,-8509,10856,4334,-9165,-3568,-3900,7118,-9203,14052,11978,12879,9602,-7476,2498,-4445,-9624,-10500,-839,12735,13342,-6935,-15187,9616,-8406,11778,593,-8519,11188,6228,5512,-1620,-4092,-8129
11208,-12625,10426,14394,-9077,-2711,249,-12448,369,4528,8131,7633,-1951,-575,-8148,-14585,4534,5643,-4745,5850,332,3785,6890,-7874,-3531,-4549,13092,-15653,12543,5211,14855,475,10768,-14818,-10228,-12958,16005,-3501,9444,13959,-16082,5794,-12232,1411,15735,9958,14783,-2077,-14430,8664,-14915,15578,-7094,1412
6122,-4889,1824,14976,3719,2927,6659,4747,-15237,-7737,13085,2873,16328,-8488,273,-613,7007,-5577,6272,-11152,-7462,15481,10998,-1311,13115,10631,-13826,14787,3289,-6163,15330,-14851,-12855,-16096,-7623,-9011,1991,5969,1457,56,11143,9416,9791,-6398,4727,9214,-10184,-16123,6431,1424,9750,-5053,-4313,-15808
-5030,-13908,917,-3586,11070,-5701,-5377,-11843,14352,6404,5177,201,-2360,15516,4820,6874,12905,-10544,-11741,-10505,-16116,15201,-14115,-4061,-321,10242,4525,-4338,16164,6031,-2170,-8463,992,-11264,4968,-10276,2964,-7285,4756,8096,12376,15522,-4395,10904,-13334,12965,14932,-13193,1806,6708,8909,7636,15594,8178
6681,-10956,6878,-14549,16103,-1034,16145,-13760,3256,-15129,4999,-15435,-516,-4143,-16079,15023,12663,-8971,15874,-6571,13974,328,4080,-15626,-6942,4368,231,1912,-14414,-2809,-4241,10466,-12452,-3892,9425,-10445,5847,-3996,5717,-3263,593,3649,13594,12969,-8486,5167,-5517,-4003,14296,6268,-10092,15150,15453,-8846
11486,7023,-9950,5342,-16254,5090,13242,14401,1842,-8858,-14460,8279,1472,-11905,-16281,1212,-13094,-8122,-3190,15347,14690,13091,3674,-1273,-4533,-7690,-14663,-6494,-8150,-10729,-1221,16220,501,-13157,6827,14635,1268,-2596,13738,-411,-1442,-587,-5677,1792,-11710,-11587,15014,13683,3098,15999,-6778,14201,-10843,3580
4575,10844,-7711,-15612,11670,15219,-15377,-7423,-14656,-13075,13201,-10638,13552,-7845,-6192,-14398,-4404,-11158,-3914,3318,-8272,5156,11952,-966,8225,14499,-13482,-4176,-5924,15373,-14882,-13174,14473,-2642,-7882,-6222,10791,-8823,3844,12614,-10651,-14875,10635,15561,-1652,-12902,8450,-2114,16226,11170,5294,1451,-3432,-12312
-2160,-6365,-3329,9894,13966,2082,-15166,-7819,5435,-13435,-8437,-13913,-12048,9999,9972,15706,10397,14766,4195,12598,6798,14594,10668,-11749,15913,-9132,-5217,-697,15938,8923,11825,3993,-14557,11684,-15414,-5831,5454,-2812,11931,13100,-10317,2268,3889,-15034,-5160,9237,15895,15500,138,-7523,-3893,-5975,7591,11327
10275,3282,1906,4261,10542,-9713,-3556,-13377,-7773,-4735,-2415,7388,9299,6060,6860,-15991,1776,-14083,-13984,13627,7957,-9152,-11042,6170,-14171,-14980,11078,-15604,-14845,-15401,-15236,-189,-14535,-14670,-14035,2646,-747,-16242,6634,-15630,6663,4122,6426,-7124,-6788,11007,15628,8219,4446,12251,8763,13898,6185,4240
11592,6566,9217,8249,-3413,1416,2741,-8397,-5624,9141,5880,-10007,2541,-5432,-4921,-8578,3713,13037,-8111,-8474,4279,-9528,-262,-13589,-1351,-8360,-2441,-7624,15786,11147,-1759,11920,15234,6970,-1556,15334,-14573,4924,-16298,4939,-7171,-14524,7930,3170,-5298,-13830,13943,4010,14468,12615,4607,-11474,-13946,-7151
63,687,8894,11454,-13322,-7729,12605,-7859,-5227,-14381,-8488,12391,8956,10516,-16149,-782,-9824,-10570,-16083,-7533,4392,8418,8763,-15675,592,7081,-10625,-1724,9627,12472,-4216,13013,13843,-6681,7765,9051,-2839,-7434,-12706,-10341,-7814,-9378,-3252,-4731,8313,-6509,14381,3360,-77,12317,4428,-10457,1937,14895
-9597,7930,10049,6814,-2126,8410,2318,-6464,10150,254,3166,-7319,-5194,-5679,-5393,-12003,13253,8894,-10643,-3906,-16332,-6008,6715,-8775,2871,9891,-3225,-5088,-5165,13842,14555,8051,7080,10952,9699,14927,5968,-13994,3704,-12104,-15263,4531,-1583,-6546,1302,14397,4272,-1210,8057,9745,-1793,-2891,4599,14365
-7365,61,-7228,-11703,4707,5607,-9809,-13920,-6021,12393,13018,-366,325,-14543,-15263,9241,-7382,8112,-12843,7944,-15244,-508,9020,8362,-15893,10189,-8473,-1706,-8958,-3990,8296,-903,-15449,-558,10656,4017,1903,-13033,3053,16379,-9289,5403,5831,12126,3364,4348,-8095,-16010,-714,14048,9884,14135,-4656,-10260
16229,-2675,-15613,-13559,1308,-13424,-10132,-739,-5435,8114,10559,-13377,-14979,-11677,13656,5137,-15584,14150,8377,13548,-5728,-9835,5403,-6035,3820,8009,12815,-12685,8843,7334,11740,8420,6261,7104,9547,-8889,8743,-4795,11739,-1379,12952,1594,6132,-7926,8985,12222,9672,13135,-11498,6595,10695,7673,11240,-9476
-16051,4102,-15833,-11270,13703,-2292,4300,2990,12864,-7189,-12384,-4537,15809,13980,1343,-14649,10809,-766,3209,-11636,10130,-14017,3576,-114,15399,3765,-6010,7743,2930,11486,-2395,16293,-13763,13516,13422,125,-2814,15236,9384,-9801,-10720,-14539,-7923,-633,-4184,15716,15585,7129,2040,-2146,-3374,4304,4910,9933
-10783,6582,-7895,6327,-7858,-14978,-12984,11176,2035,8649,-7087,-1649,-6556,8840,3396,11621,15308,-13183,7933,-11042,7628,11792,5213,-7731,10013,10811,-700,-3901,-6741,9356,-7811,14869,3891,-15740,14213,-14809,238,-1064,-5119,6365,6238,3137,-10875,275,-9516,-8985,6366,-6661,12468,14984,9939,14733,8049,3835
-4022,-3034,-13321,9086,-6839,-7251,-9994,-727,622,-3098,-9262,2263,-13710,-10704,-8060,-8149,8657,1169,14972,-5328,220,-14673,-13232,3326,-12603,-6883,9601,5209,15846,5478,8950,6880,16367,12182,6227,-7664,-10796,-12148,-7642,9639,-9480,6975,1605,5012,10845,1782,-15521,-5153,-4662,14509,-7644,-1434,14986,7819
8768,4144,15631,-5758,9236,-6505,1371,4789,1879,8562,12767,838,-14771,-6212,15721,9902,-10873,-275,-2181,5834,-4293,-4013,14484,-9193,-7977,4468,-11507,-4373,-10633,-2792,-2546,-9308,-14540,-1737,-5706,-4278,15602,2815,-11142,-6760,8155,15269,11249,12862,-7951,14775,-8766,11589,-9547,-7070,-12762,-6398,310,-6361
-3317,5792,11342,-2969,1577,-7905,11350,9891,-6875,-10899,10218,14913,-14152,-5721,-14712,-8077,1977,-5279,7062,-1584,4569,9970,-10420,9822,13934,-15670,10500,13016,-2745,627,11731,14776,-13183,-4714,-4030,-14538,938,-8428,-6823,9841,3815,15610,-16358,12758,8754,-9647,-15397,-11200,11620,-9769,-2883,-4442,-11712,-15632
-68,-6317,-12452,-1706,-15869,15106,-9432,6094,-13679,-2991,-11110,14219,-8614,12042,8067,10036,-15588,-13605,-13084,2249,10203,-9917,7695,12467,13144,-11429,-8617,-3618,1471,2099,13413,13697,159,9976,-15243,13172,-12045,-44,12179,-11529,7975,11626,1621,7465,-9603,11690,-9265,-16204,14291,-5909,-6682,12503,-9106,8981
4860,9315,10525,-880,-15869,-15703,-11113,349,-10827,8206,-16085,-4758,8636,6293,9827,8590,-4411,5245,-8793,-15875,7236,9131,1604,-10615,2485,7997,-10468,-10776,-13772,-7238,4758,975,-1778,-15089,-12093,8294,-5720,4572,19,10281,-1544,-9389,838,-8079,-3461,-8721,14000,-14683,-7356,-12725,-539,16033,3818,-2150
2292,12177,-13888,-15973,3075,-8490,3254,-4352,-11283,-12551,9069,-14740,-15070,10997,1904,12456,-11996,3697,-1536,-3256,-15353,4406,15298,13188,-3936,-7114,-7490,2440,13884,-548,-7860,7346,-12517,-13111,-868,-15820,12445,-692,-7405,-16230,9350,-11859,10745,-7607,-4062,14122,9172,11790,735,-12769,14922,11820,15184,-3093
5746,349,-6896,15973,11419,-8362,-9507,8709,-5955,4341,9072,-4218,3891,-15926,6566,16050,-1816,7997,10398,4389,-10083,9343,-1623,11563,-11399,3502,5376,2966,-4013,-14905,-8853,-4697,-4854,-4679,-11344,16001,-1394,-11389,9661,6427,8444,-6741,11698,-5467,-3737,1740,7120,-8190,3685,-9142,-12353,-15577,-1583,-614
-11786,11340,5458,13174,-301,15939,-7699,-9275,-15672,7371,12954,2008,15300,8649,-11835,-15482,-7622,11882,-2680,10660,14290,13679,2266,-5765,-10098,11985,-5383,-11094,15184,-2266,-11541,11437,-4800,-9781,289,-4686,7085,15989,-11346,15130,9087,-11209,-12593,-11456,-12255,-2622,1696,12878,683,-3684,4034,418,2025,9144
-7778,15525,15668,5552,10954,-261,-7578,-1919,-12373,-7625,-7672,15498,-3511,-3987,-3178,-10999,5010,8696,-6885,-13274,8236,1,16145,-16348,16006,7006,-106,10133,956,1712,-8922,10481,-15367,1303,492,-4383,16061,13819,-4572,-12701,2961,10457,12070,12203,-1208,12223,-818,-1410,10743,-10500,9291,-9,2024,325
10146,-1234,-1351,-5344,-14850,5725,9502,-12539,15349,-15914,-14541,12447,2345,-10310,-4818,-11770,49,-8106,-130,-2254,-7954,9764,-7558,12388,16353,10150,-15931,-12606,-7564,-884,11586,3349,-13077,-13982,6421,8908,-10447,-12618,-7776,10631,-9340,5856,12880,2011,3263,11859,15240,-15350,11167,14367,-3421,9631,15051,-9749
14337,8960,12212,14868,15316,13722,-2084,-4932,-436,10099,-13021,11699,13968,7018,2990,3285,14733,16268,-3173,912,-11661,-7096,-2648,-14050,12874,4746,-3764,8538,6559,5134,3448,885,-14269,3008,15669,-8657,10794,-3854,-3184,-9564,1372,8030,5532,2954,-3517,2372,10404,8723,-12637,-3553,14668,-2495,9133,8393
-9104,13722,-8727,11897,1010,-769,8761,7186,-8667,7329,-2692,-3907,-5626,503,-8328,14330,-9159,-3279,-6737,4906,343,-13216,-2917,13548,-7856,6530,4978,-2064,7014,10521,487,12893,15345,4658,1902,4584,-5222,11056,-10921,9061,2268,-848,-7367,9864,3167,6838,-4622,-129,-7165,-2688,5587,5941,-10275,-9119
15864,-15898,-16120,-4906,-16296,14338,-3868,-1250,-6883,11461,6637,-3638,-7977,14218,10516,-9369,5819,4157,3070,6918,-1435,-7915,1497,15333,4206,-3425,-397,8017,-4551,-14677,172,-8810,-5909,-9307,-1286,11339,-15357,-7580,-1999,15509,9962,3442,13854,11978,13790,-11574,14338,-11136,-7001,-10869,-5601,-631,-2334,12157
12165,1597,-11984,9142,-15580,-5532,14845,3772,16036,-6040,-13847,-15760,2201,-15073,-4402,-7790,11276,13920,9931,8445,913,-5269,11888,12512,13952,-12573,-9747,15473,-1191,-11040,12357,-3457,15731,12314,-6500,310,-15954,-8920,-7875,-15141,-8163,-3940,1799,13489,7202,-13028,-7466,-14994,6433,13052,2200,6368,-9502,-2635
10130,-14315,-11245,8191,-3459,-11873,1406,-9451,9345,1507,-12522,600,-13880,10605,11159,1369,-275,-13015,11933,10556,6642,-10156,-6926,11690,16266,-7465,-7696,-12116,5576,-6840,7115,2277,-7788,3936,-11155,2686,10997,-1148,2636,-2274,5775,754,9382,-9813,-11655,-5255,-14516,6722,-8911,9300,-10933,7545,-14713,2702
-12590,-925,5808,-3591,-2558,-14492,-7058,12714,1712,-3174,80,-2112,-13115,1906,8989,2926,-15332,-11534,-12352,1849,2489,3883,12302,13521,-11067,4285,-15493,11681,2687,2183,12570,4954,-12949,-5478,4088,-15213,-8576,144,-7724,-1571,-6200,-4025,-15520,9956,13320,-2282,4563,-2030,14346,-4188,-13684,-4121,-2983,-4942
-9915,4091,-4661,-5296,11279,893,-2351,-1355,-14429,-111,-10023,-4551,10954,-2819,-1888,9489,-16231,15717,2814,8886,-11336,-14599,677,4285,-13273,-6028,-5044,-10371,15862,8807,-9931,3531,-12280,5573,12033,-7044,-2441,-2878,-13484,-6008,8749,7258,9982,-7427,11275,-4983,1550,-4711,9915,5388,-15137,-4446,11275,-9303
9610,-10336,11177,-9820,5589,13034,-4328,-1044,12827,-13367,-7461,2919,-6443,-5357,2234,14968,-9323,-1460,-6068,-15144,3835,-15566,-4410,-7356,-13100,-6329,-14749,939,-14370,5589,-11815,-8034,1982,-16138,14561,7602,-5675,4778,-16072,12609,30,9603,5417,13160,14193,8487,-12519,-13585,-11443,-10206,-7414,2991,-12209,14432
-6417,6557,-11257,-32,8796,13108,-6338,-2597,-2418,12120,10876,-1931,-14538,2092,-2428,-15501,4693,-11976,7558,9688,-11853,15059,-10060,1851,2317,11816,11321,-13229,-13935,5148,5904,4430,-8816,4648,-6597,2902,9375,5096,13741,-12829,-4853,16058,6356,49,-7108,-6240,-278,11958,9676,-8534,14046,-1256,14813,13234
-5837,-5955,8493,-4140,3979,-10998,510,4902,4658,-7722,1732,-153,1067,1421,-12646,-10717,-3383,16327,505,-6629,-13438,1749,-11696,-13761,12731,-12494,9803,-12100,13104,-3098,-10419,-14072,9515,7994,-3006,-6309,-37,-63,15451,-16284,-11622,-1785,9193,3674,12993,-7121,2195,13918,-15986,-13927,-13880,16105,1208,7940
9340,8633,-9012,5660,-9874,7307,-15296,1397,9160,7373,9360,-6552,4207,9927,7856,10635,-14322,419,-10573,-355,-12044,7338,-10259,-8279,15972,1958,-6893,13340,-5642,-3152,-4841,-12688,-5361,5149,-1498,9002,4659,10129,-7654,-5743,2483,16286,4443,-12061,-16144,3492,-855,7466,4616,6761,-8417,14574,-11466,-13965
