40,
55,
5193,15321,-1463,4023,2229,8073,12008,-13478,-6573,-14608,8358,-10913,13912,13510,11500,-1395,6078,11659,-15866,-6066,9916,-13269,335,-7197,6280,-11959,-4403,5683,-5388,-1731,-5142,14715,6408,11253,-12514,5183,-2086,2310,12221,4340,-4530,12126,10606,-12180,9556,10895,-6808,-12544,-6732,-3535,-16085,15715,6896,-9264,5044
-4324,-8420,-6747,9118,12011,3562,-6372,-9546,12006,-11329,7858,10603,3228,-15697,14726,-11092,10966,12292,13445,-13928,5447,10909,8215,15453,-3651,5721,738,16036,-15719,10456,-2195,-9356,5659,13699,10820,-14052,-15791,-16104,3285,-11728,4660,-209,-10052,-2514,6841,-6772,-15287,-956,5827,-13608,7490,15368,10468,-7200,-3786
-6585,13038,1719,14853,-8946,10163,14007,2358,4321,-1618,-10569,-12735,-8753,1648,559,15669,-13241,2996,14328,-15344,16179,4797,10569,15139,-10915,8427,-893,-8196,-7844,-11867,8679,1857,4215,-10694,-9785,-2714,-4687,-10767,13290,15679,-8410,13614,11367,-2161,7706,4455,-3410,-15128,-10876,10410,-864,-15280,15910,-1410,11680
-13706,-7321,-5747,-4627,-15575,9986,-3547,15284,2429,-12110,5275,9807,425,-2485,3220,9122,-15583,-5269,1986,5954,15789,9834,14885,-16281,2740,5604,-3505,2670,5334,-6941,-11656,3579,-15406,-5661,9411,-9311,-4510,-9917,4704,12674,-15340,-4149,-12927,12699,13453,4710,14898,965,-12988,-4236,-5998,7275,5336,-11960,14011
-4197,-4913,-5222,10749,2767,2010,-12899,-9209,15141,-1914,-6006,13487,3174,-14399,-15711,13811,-8090,4399,3461,-10330,8575,5993,14125,-9762,-8225,-5127,7178,8321,-15425,5761,-6304,-15671,-8840,-4275,6805,9679,10325,9856,-4290,10162,-7325,16242,12123,-15881,1085,4860,15322,-8998,-7097,-4793,4132,-40,2550,-8047,14681
-12291,-7390,3653,12656,6100,-11324,-12383,-16203,2273,13453,2198,9997,12666,1405,15767,-14757,-15922,1333,9349,-654,7735,6735,6455,-7754,-15248,-9590,1325,10834,-10728,11650,12340,-5033,8146,-6685,268,6815,4618,10022,7337,-2449,16050,-738,7501,-3863,9800,14607,-6896,-8977,9835,13573,-14555,13330,-9275,9230,-6316
6007,-3068,7576,-11834,-7696,-11493,-6324,-2878,-8620,-10031,-5467,14370,9858,-7464,-11819,-4095,8593,5780,6111,-2137,15000,-13319,11499,-15084,-536,-9959,-13574,16287,-12221,13625,-396,-14512,-11834,-4909,2307,-982,2070,10437,4042,2195,-11095,7041,2619,5125,12214,11883,-4210,5049,6120,-5304,8183,-2333,-2809,-6432,-4747
-166,-14731,-2535,-14719,12137,-10010,9957,-10211,-15504,-7336,4582,3781,4103,-383,-14918,4182,-10381,9560,-1825,-8631,724,-4197,7836,-9318,7347,1349,14859,9387,11596,-16187,14589,10986,-10376,-6418,-10522,4415,1731,-10505,-11754,-6877,-11136,1841,-5631,-13455,10485,-10565,-11605,12305,-2601,16214,-2626,-10051,15747,11698,-10803
-9302,-11077,5462,12997,-6857,-7550,4165,1498,-2385,-10272,3441,-6941,-8011,-2658,15057,-15110,-13976,7231,-13055,-7887,11205,1517,456,12357,-7278,-5567,12049,-5506,-5140,15046,-4683,1085,12454,-9957,15264,-6888,-10161,5390,4292,9787,-7900,-16097,8911,8241,16000,5575,11324,-10090,9496,5659,11374,-10581,16309,-2053,-3014
-6642,2901,-4069,-6124,-5481,-9505,-11123,14108,2233,7673,12654,8954,14062,1288,8549,14252,-2744,-14817,4266,-4677,-6880,-3889,7436,-14376,12348,8287,3309,529,8212,-10538,-1620,-3828,3418,-4590,-14231,-15215,-8248,4322,15370,118,13733,-11963,-12529,10207,-6303,-1557,1440,11929,15609,-10713,-1545,14689,-4337,2199,-15248
-2752,-1003,-15593,-8396,15167,1555,3372,15100,-15812,-4736,-7967,9857,-10717,-1607,8713,-5680,16096,15409,4154,12451,1289,-5347,14166,-10894,2284,130,9265,-4902,7036,10772,-14870,-10544,-12349,-10755,6958,-14884,-5068,-16224,13120,1490,-5013,-7338,-5690,4208,-3802,-8628,7185,6795,6071,13969,-12173,7467,-4312,7281,10652
15673,-7930,14998,14822,9826,-9659,12232,-7402,8879,-8737,-11560,16046,-10552,-13592,15072,15376,-49,14292,1965,-15325,15970,3793,11775,2332,-8449,6012,3795,8106,8827,369,-5309,-13431,-1036,-13761,-14287,-9964,-967,-14199,1355,-970,13839,-9256,3795,1923,814,4015,7928,3434,2666,12498,-5231,15914,2661,-12911,16039
-15968,-13968,6523,15352,4061,-3905,-10432,-819,-11110,14325,-2271,-10588,6882,-6344,-8668,-1075,9601,-2007,13265,-9823,7680,-8579,-11638,-10571,-868,13210,7095,1026,-1693,13835,-1468,-1218,-4107,745,-8943,-3663,-7003,1307,4388,13336,2460,11746,8596,-12370,-1647,5000,2531,4164,10342,5295,-15308,333,-15371,-9506,8774
6772,494,-4021,15151,-6341,16222,6995,-7512,-4195,-4440,-11888,4401,-4722,-5968,-4026,-13268,7465,-11062,-7366,-14177,10734,15001,-9079,2135,-1230,-5038,-2071,-11863,9361,9745,7316,8702,-99,4906,6562,-11433,-4874,-13223,14132,13024,2554,-7729,-16040,16161,-9593,9152,1306,-13599,-12792,14057,-14565,1108,8621,10959,-1997
-13568,-11904,8090,11013,9351,6274,-5284,-13181,6300,8889,267,-9947,-5535,-1901,-4873,8474,10400,4632,-12091,2262,-7491,-8192,-7822,-8127,12052,11529,7161,-16334,-6704,11963,-6025,-10928,-11924,-6776,5928,-16354,-8139,3505,-13316,-11425,-325,3918,15094,-9087,-839,-12861,8389,-14483,2078,-8928,-13304,3384,-16171,9893,-5494
-781,6728,12759,-6950,-1084,-96,10508,-12417,-6285,5462,5406,-10917,3895,15046,-8723,12851,10060,-8323,-11388,-11472,13366,9605,14992,11230,-2731,2129,-8160,16343,3057,-10348,1465,11991,-3657,7824,-5553,10883,-13950,-5978,-9825,7932,-2277,-10144,-1031,-3844,11434,12537,3113,9101,-7365,11249,-11744,-1722,-13426,8943,-10781
2777,-683,15733,13528,-12751,-7881,10643,-11505,-12991,10680,-7970,2881,11179,-16223,1455,5194,-4804,-11903,-9518,1995,4535,-5395,-5203,4951,6151,-10481,-2101,4335,5666,-9129,-15180,-1496,-11518,-5289,-1452,4574,137,2032,45,-9400,14165,-501,-11117,-1612,-785,-837,15192,-7207,-1397,13940,-15160,-3850,5659,15770,16314
2758,3864,-12976,6412,-15488,-826,10227,11088,-9747,16253,-5291,-9723,-10698,-16158,3801,12826,-14733,2311,-671,-13956,-7031,-10729,-4912,13210,11255,-9641,-12378,6095,-899,-9838,-479,-3693,-13301,-15019,-13976,16150,7300,6593,9052,-12279,-771,16213,10978,13124,3842,8757,3465,-7472,6749,10547,9614,-2313,6335,7186,10789
16112,-9425,-8901,15706,-16356,-6522,-12896,15792,-6692,11536,-6420,3023,2036,-4002,8701,13408,-12795,6414,11698,-7551,324,139,7416,15843,-4912,14302,5515,-14352,-11887,-11686,-4494,-2567,7655,-891,-11565,-8962,6867,2666,11852,-8719,-10477,1215,-8521,10216,-6043,7236,718,-1579,1424,1909,-6067,-9030,12206,13850,15090
-14918,7999,16110,-9131,16150,14555,348,2752,15125,11906,6333,2821,14639,12277,-2452,7504,-16289,-9086,8623,-14330,-14458,-132,-725,254,8456,4527,15338,-4535,-7930,10610,-5217,-3512,6602,-8983,12532,11062,11733,-3745,-3466,-1395,12160,-11701,-1953,7999,11301,-222,-12247,12395,872,-1888,7664,-12672,11396,-6875,-12049
-7882,-5504,-3335,-2070,8355,6513,6507,11963,-16270,-4476,-1341,5868,-11057,9843,12001,4601,12501,-12948,15257,-1477,7407,-12214,5129,10331,-9851,-3588,13437,-10521,-13010,-1353,-14882,-10529,8322,-384,-8665,9967,-3495,-133,-12882,10728,1054,12124,3422,-3853,-14388,2065,3781,-5197,-3212,8957,-11821,13504,-1448,-2676,12666
564,5530,-2628,-13097,3175,10425,-9151,7820,-6795,11108,8521,12071,-918,-10535,981,-7023,-11249,4398,-12239,2389,-4604,2636,-1522,7853,-9024,13908,12202,9487,-2766,817,-1963,1695,-3663,2437,-6084,6888,-4597,-9689,889,-2372,-1512,5608,8631,13278,10627,10454,-8965,13178,-8370,-4306,2374,13581,-13023,8398,9636
3395,7977,1708,-2135,-3066,-818,12610,-7806,4383,-12991,14750,-52,1087,6601,14924,16016,-11060,2579,-9433,13645,15462,7779,-13321,14138,15739,15414,15682,2972,5631,-5717,12742,8066,-5383,-6069,-6068,8570,14368,12789,4581,16178,-10352,-302,-13474,-5647,3216,13000,-10379,6069,-14376,4961,14367,-11623,1893,14710,-9864
-13821,1768,-15795,12590,13232,13850,11828,12585,-1822,15138,-2553,10880,1201,-4869,14212,5503,7107,7111,6779,-10174,11229,4546,6843,-13698,-10629,980,4623,-6230,6982,-5712,-7703,-9043,11296,-12488,11462,-12661,1404,-10429,16080,14839,-7724,7965,5734,-6007,-3599,-7001,-12360,10861,13192,8329,-2365,-7195,-13120,4967,-16139
-4144,4221,15920,4014,-15310,-1977,-11118,8465,-11663,-7499,-14464,2217,-10894,-1153,8718,13626,15728,-13076,1857,3319,6952,12190,-4841,-3244,-5014,2580,6686,-1277,-15297,-7401,-12692,-10708,12307,5060,9685,11249,14022,-9740,1761,6784,2808,-590,8777,10018,4251,1439,-12527,12294,12174,-7110,3299,-5740,-11230,-13076,-6086
-610,-4964,-13059,14832,2560,-8713,-13046,11680,-9242,10595,-3577,4030,-4220,-16110,-8181,-7022,-3035,-3442,13046,8542,-6691,-10279,-11420,7863,-14726,-5445,-6769,-11872,7954,8714,5108,-7871,-7742,-9725,-7648,-7325,-6040,-14566,-1634,-4553,13184,1699,7820,-15561,8056,-2801,8133,14910,14239,-69,-16030,-12247,12988,5498,-5805
10937,-14377,14705,-792,13089,14710,-13745,-12377,7786,10176,3936,14013,7297,15829,-7025,-13471,-15957,3380,7368,-9964,-1771,10724,-843,-14389,-8854,16365,-10552,16275,3601,-6717,11352,8319,-5375,1062,8709,15023,2532,-13468,-6311,-8411,-15654,15246,-9141,10820,-15000,-1316,-15582,-14634,-2095,6953,-800,-14004,6746,-7217,7182
6957,7537,9686,-5566,-4340,-3689,-5116,-15539,-11960,-15780,840,14020,-7580,-8006,6573,8170,7396,11477,8081,13130,7891,-2646,15698,8198,11134,15265,4229,-13436,4718,-9932,-10063,6609,-6594,-9841,12848,-14551,7150,212,11537,22,-2396,-13074,-6775,-7202,231,7509,7891,8022,14780,14142,6071,-13667,-5531,-11600,-2746
14005,-2708,-3666,-15734,-4650,-13373,-14420,-8315,-5871,-13218,3006,-14289,575,-15136,6834,5414,-7477,15662,-515,15725,158,-9372,-2311,8836,-10141,14417,14214,15112,-11385,6425,437,-10467,12373,-5304,16171,6532,8665,9722,715,11620,-1862,-3942,-1489,3912,13131,-12962,14023,13551,1724,-7498,-8272,-2752,80,-12662,13050
-1100,10656,3627,-358,10701,15935,5272,-10499,-12778,-12298,5250,14246,-5701,-9154,-12677,12911,3722,-12201,-12676,4882,-16001,-5628,-2550,-1893,-8103,-5046,-14074,7606,3239,7321,-15972,-6182,-204,7853,14832,7315,-13886,9180,6179,-8018,1494,4754,-1517,-9637,-11490,8597,9327,-5379,-3393,-12114,14154,-13876,13710,-14383,-14357
5179,9394,306,-4564,755,1717,9074,2336,-6298,15664,823,-10148,-1422,-13270,-11653,-11409,5048,-11185,2058,8828,-13309,12432,3103,13945,7878,-10916,-11466,-618,-9442,-11605,15780,8442,-1739,-12152,-10180,12371,-6175,9412,5978,-8169,-12457,16006,12163,7264,-15327,15838,45,-100,12684,-16368,-10142,-10186,3048,-1528,4419
3461,-8983,11837,4366,5861,-4550,5261,523,-843,9085,13295,3137,-5857,13555,12193,-7963,8274,-15917,-7820,-7648,1907,-7162,2631,-690,-3824,9050,-15830,10874,5172,12650,-5282,-10507,-9352,-2399,14955,4216,-307,-16123,-1469,1564,-6666,-5595,5365,11377,1820,12448,15020,13579,-12334,-13468,-3568,-2144,-393,3421,8682
-8009,-5717,14895,-11881,-3342,-11754,-2342,-11702,14775,1947,6987,11972,14249,14061,-12917,8233,-9812,-5675,1238,-7802,293,-6734,-848,-11380,-75,12602,8238,3841,-9086,-12216,1405,-15062,3501,-11602,-3463,-15126,-15386,-1953,3331,11702,-775,6353,476,-1002,-8836,-3407,13720,-2062,1717,8334,6231,-12464,-3393,12888,11016
3007,1106,-5363,8479,-13106,-13625,7697,13931,6443,-12936,-6053,6331,-2096,-12240,-1619,-13712,-8281,-14901,-8140,15969,11545,3643,9280,11111,-6390,1943,7149,-10709,-6050,-14810,10191,-9562,13641,12624,-14645,12836,11267,-6264,3435,-7461,-2230,-2648,-14796,-8209,2915,-10751,14440,8123,9958,9429,-1515,-14978,15868,16252,14995
-7893,11878,163,10963,-11540,-3640,-9019,-12339,2322,-8542,-10559,-7645,-7257,11984,6467,-7152,-15883,4353,15993,-1868,-11161,3306,6471,-12094,-4284,9554,-1137,-13515,-10517,-11087,10361,-8264,9917,391,3521,-13545,8966,13645,9462,-2922,6782,10212,12806,-2614,-4267,1660,1062,-10314,11723,-16380,13155,8,2617,-2441,-3321
9542,4281,-9189,-13117,-1862,15737,8712,778,-3343,5395,-8156,8399,-6637,15814,726,-984,-301,4664,-5318,9325,14002,-11596,2414,-6824,-4636,-10592,-6542,7936,4785,-6484,-329,-2032,-9935,195,-12252,11088,1301,405,-14412,-3529,-8083,1628,-8158,6703,-1302,-9641,-4407,-15991,-1914,149,-2494,11723,-6953,11008,-7042
-10395,-4887,5946,-16051,5278,-11686,899,977,-4655,-2411,6858,7184,-16030,-2376,9366,13653,8730,-14918,9841,6424,15689,-15790,-7259,-13910,-1362,2227,2298,5166,13042,-3436,12052,7277,6241,-6237,-2701,-14696,8319,-12461,12460,12436,1246,-11371,10117,-4241,11582,6684,1022,-6828,-5996,10085,-11034,8932,-4009,-8641,16250
14232,-13502,7649,-4057,-12564,12816,-1754,6541,-11263,-7248,-223,-14898,-15054,-13802,13674,15931,433,17,-10264,2164,-3136,6146,5628,13667,-4964,-15979,5177,745,-2633,3683,-1834,6851,-6349,15069,-15933,15305,-269,-4201,8237,11586,10409,-9676,-12052,12303,-5861,13390,-9628,7520,-10643,-4073,-12865,13316,-9621,-5400,3515
-13706,-13011,8656,15988,-145,8693,-12277,-11780,13887,13165,6390,5086,6636,15239,402,2347,-15187,12342,8298,-1467,12658,3975,10338,12073,-4657,7535,-15402,4785,-7310,14362,-3642,-5132,16235,-13844,-4760,3123,-10553,-4946,512,7622,11183,14052,1904,10670,-12951,2535,-2831,-9516,-9840,-15868,-4818,-7134,-10533,2439,-14555
7596,-11025,-10602,-2360,11137,257,16164,15865,4747,-10006,11323,7021,-6603,-8082,6377,14295,-8247,-7053,-1418,10904,-11890,15714,-15202,-12051,-10953,-5873,10527,-1414,-12063,10137,-4764,1884,-4304,10986,-10018,9809,-8247,-1584,8622,4177,8799,-6343,9131,-1548,-6109,5741,-15839,-3091,7367,10069,5702,7660,-7055,-2025,-4146
