40,
56,
-6103,-12150,2906,6636,9422,15472,14146,14229,4921,-5866,-3629,12346,10493,-12739,-7396,14934,8977,11972,-15427,3838,14023,9129,6868,12446,5264,15600,-2389,-15815,3003,7113,9338,4960,-8801,-11369,14043,14052,3885,10601,-3268,-10126,254,-1627,2369,2189,-8571,11476,-4961,1523,-2224,8742,-13068,2646,-3741,-6532,-16046,-7119
4779,-7297,-1631,1213,240,-6673,2954,2119,-12607,-8373,3370,5714,-15739,8292,-786,-5989,4343,5909,-13319,6460,2792,-4907,4531,-7370,12680,9648,2682,5640,-9466,-13434,11709,8627,-9922,-11503,-7565,12460,-6127,10181,-3323,10338,14619,5232,4797,12597,1882,8539,-11850,-10015,-2097,-2274,4477,5856,13506,445,-7322,15343
13669,-6817,4249,-4313,12414,-1816,6698,2570,-230,-12144,-5929,-2549,3202,4041,5616,4412,-15734,14814,-2045,-7266,-6160,-405,-4264,-12936,-7278,-5335,13415,-11312,-2572,-12664,497,-12829,-8105,15053,11891,-4615,-7808,6164,13722,-10438,4508,-3312,7825,7951,-639,-165,-4100,-10154,13561,8289,903,1244,-4066,6057,10792,-3305
-6209,376,-5709,-9928,11536,-6685,-5928,8356,-9295,10442,-14174,-4217,-3543,-12913,14016,-9773,-3641,11345,-10919,15199,-10910,-4668,-13543,13717,12937,11383,13931,1763,1330,595,-5626,-2164,-12408,12660,9846,-12658,10514,-15091,10769,3345,-13480,-5233,15294,2203,-11972,8744,-8354,-453,12507,-6203,3470,-7779,-1582,8192,-15846,2531
-8079,3153,-5560,-1590,9848,2498,-1931,9922,-11989,-13753,-11842,2720,451,4136,3782,15487,7006,12327,-15588,9385,10746,11433,-3305,11408,-7898,-11031,-11560,14348,-7658,-9097,-8603,568,7992,1074,-13242,-9151,602,-15400,2346,3062,3333,4808,-14394,-9712,10127,-6866,2777,4367,-9101,-6788,11445,391,2264,1687,-6307,1008
-8870,355,-10212,-4112,-5295,-2457,-9516,-2935,9903,9237,12968,-1010,-7554,9147,11245,13060,7123,3438,4755,-13738,12515,-257,-4840,2063,-12226,2100,-12505,-3222,-2050,13482,-14788,3044,8943,-8664,-6631,-8340,5843,-4141,-3277,2154,-10677,-14371,-14461,-8124,640,-4067,-9852,-7299,6220,-5717,12918,11454,13939,-324,-7852,8146
-11008,13520,15003,-7918,12550,-6849,-6551,-16071,-9196,7909,13782,15023,6586,-2020,13642,2772,-16163,-7468,13184,-5779,-4594,-13595,-2447,15972,-5365,-8063,593,-7403,-2444,11142,-10740,2829,146,-15167,14423,-13370,1191,-5773,-8439,3585,16384,11096,-6678,-11421,-7919,7906,-3122,9794,8944,12132,10762,-15182,-13888,-16329,-15749,-1287
16152,12657,-8509,10455,411,-10264,6107,1137,3545,8,-11540,-3012,-8872,11314,-5034,-1523,-10163,-2231,-11818,9283,10668,-13277,1526,11010,3952,-5994,11975,2444,1397,7617,16353,9739,6059,13185,12701,2563,7793,-4002,3154,12398,-12386,1705,4405,-3233,15791,-5266,-9032,356,2742,-664,7171,-6493,10339,-7934,-13997,13684
11026,7931,-5148,-15745,7660,-10799,-12517,-6836,-14036,13888,2945,8533,15936,-11816,13963,11202,10760,-10480,15573,10553,7369,-15973,8404,-314,-8413,-4618,7084,7774,7711,-2881,-5829,-696,-12589,-3037,2389,6391,-16382,673,-1744,1782,-4534,10362,8406,12792,3718,-5745,-333,-5253,11911,5709,-4702,5895,10819,-839,16341,2999
3617,2447,2174,-8272,-3249,7004,199,-231,724,4005,-9441,4561,3197,-13280,13652,4742,20,-3868,-8918,13614,15854,6149,-14737,7210,-11182,7514,-9383,1832,8659,-462,-4772,4797,3119,13789,2880,-2311,-12541,6700,5294,9722,12568,5332,-7314,4832,-359,-12060,-4918,13452,6132,-4788,-3207,-9329,-6658,-4144,1726,-3728
-13306,-7069,5898,-12264,-12835,-11531,-13903,-4387,11778,-7043,10942,-1685,11175,-14533,-11149,5528,7663,-955,2242,-2381,11017,-14393,-14181,7893,10701,6865,-2215,14108,2365,-9403,384,-14392,-8562,11972,12936,-10075,12954,1484,-4366,10416,2466,-12556,-11379,9748,-10601,6621,-6776,10034,13792,-235,3132,6458,6158,5714,-8399,-128
5110,-5155,15192,367,1884,-518,7459,-9973,11509,-293,14619,-7117,6793,-9130,-10563,-2627,3167,11631,-14310,-7512,-4272,13211,-1455,-15098,843,4264,-7742,-2108,14382,8341,-9025,-8440,1245,2823,-10340,5083,-12529,-15178,-2880,-13589,1307,8703,-15392,4411,4814,2330,-12753,15578,1685,7841,10979,-8583,11208,-15572,-10292,751
-2763,11671,-8892,-544,16317,-11014,-7950,887,-6308,-15444,14701,5695,-5776,10600,12702,-1119,-4616,12016,-5955,7868,10357,-9461,-2162,-11082,-14874,16201,12158,-12861,4874,14352,7395,-14695,13786,-12755,-12488,13906,1219,6749,5205,7528,-2787,1718,4750,6240,-16210,9223,9992,-3552,-7566,-5291,-7624,10168,4471,5483,2991,-8804
4283,15966,-12609,8087,-11892,8949,-4768,10362,9478,7155,-14951,264,-3157,-9475,-3248,-3730,-13064,-5026,-7964,967,-8533,1786,-3046,14879,6432,-10320,-7686,12127,203,-7349,3951,9607,11713,-12783,15121,10694,-13432,5822,-11154,-647,-661,-5484,829,-3651,-4137,-9504,681,-544,-5717,14454,4239,-8335,-5054,-16274,-13266,13574
4371,-7733,-11990,5798,-13906,14796,-14355,-3241,-12589,-2155,-14323,15641,8405,-8525,5452,-3674,5121,3141,-13104,-11877,-3087,11320,-2691,-8267,-15330,-2356,11085,4251,8765,4980,-2694,-4195,66,-7991,3926,11099,-15131,-327,5537,-3903,-3268,10793,-9868,15507,-15764,5076,12651,-6722,-1935,6355,8224,-9706,-15533,-5904,-13593,-7661
9896,11105,15540,6796,-9661,11470,-8701,-3359,2072,15139,14808,-7124,-8554,5639,3665,-12778,-3205,-1179,5802,-9008,-15866,984,13367,-1934,-7831,2768,-13152,-2012,-15219,-9472,15662,-6462,3885,-15814,-12536,1875,-12907,-8982,-14182,-14741,-2198,7844,-2281,-2394,-1529,-13033,2971,-15096,-10538,-4735,7379,-15661,3127,-13932,1881,11284
-11762,-8687,7330,13201,-6434,-9419,13062,15160,7010,8635,-4526,-16061,-6316,5512,-3050,5155,-477,-275,-5273,-1185,800,511,-6491,9524,14599,-9609,442,13268,785,8938,10197,-6198,-4508,10426,11678,-8592,1864,-3188,-12613,7651,-2107,2320,15860,-14985,-9980,4324,-12062,646,442,10819,-9616,15937,-8396,11501,-13657,-1008
-13156,2525,-12617,6784,8219,14796,-13720,-9168,8199,348,7450,-5268,-7012,9429,-7092,4003,2979,-10152,-3235,8935,10822,13528,11630,-6025,8282,16264,14779,8708,5329,-5985,-1566,12248,-12813,-11598,4317,-1446,8086,7080,6481,2169,7614,2481,10123,-7255,14902,6774,9331,-15868,-5734,-15247,12764,13114,-2853,14834,15697,-8680
14527,-6135,-396,-13770,-7109,-14759,-14114,-10900,-4744,9092,1389,7655,-2494,-15208,6332,-11592,9376,-4365,-9664,-7347,14239,-2970,13887,15180,-10243,-1762,-6009,14518,9685,13172,-14198,15593,-14621,11895,-13209,-8044,519,-6528,-11304,-8503,14755,-1107,-5894,-15806,-3974,16025,2645,-12045,-12875,327,-10110,4676,-3970,-11615,13025,12770
14431,9597,11880,-1397,9815,495,15798,-9744,-466,-745,15257,-1229,13136,7557,-4799,2249,10319,-14842,1155,2172,-6218,9098,4664,-7437,4088,11447,-3186,-8112,3083,1139,-4592,13617,177,-16340,-5708,2011,6537,-5361,1109,-13880,-9408,3583,-14376,1265,-9311,-4542,-260,5953,4529,-4246,2148,-12097,5628,4585,14344,-8196
2083,2327,15730,895,-1635,-2396,-11228,-8723,12548,-5592,-12435,-15466,-2654,-13168,-10276,1292,13578,3593,-7683,-5680,7165,-2299,-10399,-6343,15920,691,6476,-14369,-2263,6332,-13438,7014,-16107,13897,-4860,-2347,6165,-13178,-15429,-3324,-8806,614,15295,14923,-7294,-15230,10910,-9556,-15127,5787,3834,6064,-7056,-14105,1607,4176
16239,-8525,14097,9496,4027,3575,8166,6214,-4132,7628,11742,3756,5053,16149,-5177,-12297,-14218,12421,-7050,-10078,-15717,8988,-377,-13485,-1224,4150,2620,10471,9107,-1455,14205,-10252,12813,15832,6054,-4510,-13511,-3129,2930,15321,6753,10827,4959,15705,5348,-13006,486,721,-14637,11730,2101,15533,-5941,-14651,2241,6219
-12790,-13696,-8036,-4760,8838,-4391,-7928,-13921,13688,-12197,-7502,-3950,-7644,9872,1234,-13499,-1922,3428,-4757,-10090,-10644,7370,3565,2236,16032,-9612,14155,-7378,10580,2907,-5278,13577,8996,847,-2132,1159,9863,14830,1419,-6300,15275,-11927,7662,-15083,-11414,-12120,9845,13555,3462,-14648,-10836,-7520,-9806,9867,13901,-5501
14226,11774,-14580,-8330,9886,10628,1850,-8423,-14482,-13284,10773,9268,4797,-1584,9203,-6636,6664,-8793,-2264,14988,9028,14617,-7720,3791,2950,-8306,-11515,15416,-7590,-11478,-10337,-5704,-1234,-1998,-5390,13074,-15015,-13583,-1168,-8919,1960,397,7045,3681,-10536,16267,12478,2108,-6903,491,-16351,530,-13495,1139,-1189,-2556
-3669,-6927,-11566,-11476,15780,12163,9737,-1601,-7030,-7713,15447,-6209,4972,-559,4731,11030,2094,-4361,3422,3432,-3546,1055,2371,3105,14341,-13905,-6831,-5685,-3031,9662,13388,-13504,6211,16303,-8707,3118,-488,-11721,-3525,-16137,1273,-5165,-12875,6876,-16093,-15578,-16057,-4687,-15718,-10683,8222,4149,-8335,-10390,-13219,-9332
9207,-5063,-3925,-7315,1271,14920,9714,1120,13260,-9179,-13358,6117,177,-11427,-14297,14317,3324,-15545,13632,-7763,1488,-9460,-15126,13252,-11277,-5454,8369,9593,2462,13370,-15335,11175,-13053,-16343,8382,6110,-16218,7995,10739,-9609,13819,-6208,-10998,-5256,1592,12416,-4891,-2864,-13964,13846,15914,11521,-5179,12666,16345,2735
-13694,-9212,-4479,-15278,-15823,-5856,-2020,-6653,9614,-12583,-7779,136,-10331,-5647,16114,-5678,11198,2500,785,8709,14855,-6931,-2887,-2198,8126,-3767,-12976,12642,-9445,12573,12533,-6969,14423,8414,4632,16131,9786,5107,8490,12146,11191,-9598,-2395,15198,-7141,7280,-15896,-14583,-8538,-15158,-4746,13957,-13123,-12486,10842,-2370
7039,4750,4131,-8568,6006,12002,14407,-993,-11653,-852,-11665,-11778,15669,-14182,-12752,-4033,6653,9946,135,-7770,12656,252,-6435,9409,-15381,-7217,-5657,5491,3813,11557,14310,10904,-8524,-15781,-13464,1287,-11881,105,-11773,645,11773,11453,5533,-5272,-6687,-311,7138,828,-14072,-1073,14526,7580,-15746,-11864,-5565,5448
4472,7714,15402,16306,12676,-14346,-14414,-15239,-7860,4975,-10397,-7069,6937,-12555,10521,3226,11422,2907,-517,-14913,-5146,10623,9550,7590,-8804,8353,-4575,10356,-14230,3945,-2083,13288,7222,1439,-4590,11082,-13087,-14878,-9375,12868,-11760,-7043,11755,-6822,-4774,615,-29,1651,10428,9606,-7905,-1012,-11328,-13394,-3394,-6557
-8307,-5590,-6397,-5698,3813,-15201,811,-1851,6740,-2667,-3354,-15406,-5503,10305,5529,12808,-3868,734,12002,-9420,10485,12331,-12293,12159,602,-8157,-1251,-3311,9789,-14450,13306,11064,-6345,15714,-10436,-34,2603,-2747,-8689,-4082,-4523,-11391,7200,14928,15983,-11478,-15621,-8098,7402,12136,7606,5992,9226,-2106,13779,8194
-7651,15617,-5375,-5795,6828,2731,-10156,15027,9066,-4445,1228,14352,-3198,8246,12690,-12832,4436,3153,-6151,654,4636,-6391,-717,1303,9515,5074,7176,15902,-6276,-2939,13180,-4815,3004,15619,-4350,-14500,10541,13475,14055,-9484,11330,-4322,-2462,-2593,-946,-8290,-10128,5748,-7372,-10135,5460,13433,-5839,-12044,850,-7180
-2205,-11826,1594,4005,5843,-14730,-9675,3997,335,-13035,-8720,9171,-9982,-8936,7526,-771,15984,8729,-2891,-2666,3421,7604,-3203,536,-8255,14501,-15286,-12663,-4908,14006,10791,-16019,-14366,12007,10754,-9972,-437,-14940,1384,-13533,-13786,580,7538,-1764,5631,2333,4023,3505,-11572,-16288,12226,10369,-4058,9897,620,-2484
-16074,8971,919,10392,-11428,9743,6750,-4839,-11089,11368,-13698,3837,-1803,2677,-6384,2627,3094,-16231,-6428,-7350,-9488,10436,12182,-1080,-4591,6819,10193,-12127,16058,8796,10501,-4702,-1695,6759,10606,-5547,-7222,-13915,-9988,-9591,-12719,-5865,-12330,-15057,3332,-12030,10345,-10467,5766,13917,3290,12188,5912,-3013,4997,-6569
8774,6249,-1932,-1519,-8736,880,8396,11028,8011,15266,-1298,1965,-14296,11420,11794,-2546,2165,13939,-868,12259,11235,16095,-6062,12731,-5387,15543,-1133,-15979,-1601,15696,8879,-347,-3082,3860,13666,2143,-9511,-15275,1045,-9926,-5333,-12691,10704,-8894,5046,-2871,4767,-7592,-14685,-5679,738,14390,13648,-10526,2435,-7961
8004,3745,-5787,12123,-4742,-16106,-12416,12935,103,16209,9295,9632,-2705,13057,-14724,-5978,14277,14702,9728,11954,-2241,7305,-15347,9287,7277,7414,-13269,-6163,-4067,-11010,12577,-15390,-3723,300,-8509,8167,14169,5770,3601,-10308,-14604,8787,-6002,7391,13082,-8528,-12664,2645,7782,-1730,-11330,9454,-11719,-7851,-10482,-15527
-8701,-1066,362,-13973,-7075,-9120,7670,-8160,5322,-15731,1858,15486,-7883,-14572,-13419,-752,-2370,540,-13671,-5885,5513,8624,9293,5313,-13755,-15244,-4527,-10370,-11372,2998,8193,-193,-12528,-3935,8705,-6179,11285,-9314,8621,15614,7156,2193,-10552,14401,7417,3215,-3040,12754,11112,12173,5210,6495,4773,3484,15427,-15026
-885,-2358,8557,-13633,10059,3555,7927,-5952,2012,-8591,4489,10601,-290,-779,11179,11043,1072,13170,-870,-11520,5215,-7678,-7380,7737,-3715,3909,-15737,6784,-16003,-6004,12224,-7301,6083,-12893,-1896,10717,-11159,-203,-12885,5025,5902,-7497,14968,62,-9426,-1730,9767,8744,-14570,-16050,-16100,4309,-5634,6289,-13428,-14114
12174,3979,-11040,14528,7548,-1660,10207,-5101,15404,-14218,1875,-14536,-2137,14778,9411,-8851,-894,292,13780,-9700,-14300,10435,5494,-9024,6040,-15402,-6323,-12706,-11123,-5428,-12164,-2125,-620,-4387,13415,8494,-12875,1760,15124,-1507,-3326,-10377,-16269,5929,-13805,-5157,-14514,6553,-7884,-6963,-13044,11119,-3569,580,15324,-9945
-4566,-12895,-793,7367,10312,110,9936,1431,-15260,-10953,1647,-15226,10726,2894,5761,-12656,-13310,-3355,756,-12165,3744,3736,5881,1825,-5359,6455,-13403,664,7645,-3430,-15272,14407,1859,11292,10000,-5457,401,9972,-9721,-13550,-11372,-392,-5026,-2813,3196,-5633,-16349,2286,15345,4405,11855,3704,-12727,948,-7440,-3587
-9549,6156,5505,5504,-1569,-4036,-7509,9270,16284,5396,-13760,4373,-7209,2639,10690,-7082,3201,-15410,-1608,-7858,3862,-6996,13632,-7424,-10641,3615,-1423,-11234,-10421,-2214,11693,-1179,-4268,-12099,5296,7055,7760,2314,15076,3396,-10923,11555,-14435,-6938,-1255,8510,-5225,-7212,-13285,-7453,778,1040,4766,1509,-13531,-6896
