40,
57,
1293,2566,-4757,1043,15318,-15049,6348,14886,-308,-15724,-7154,-15055,-3586,12414,-5867,-9943,1572,2385,3396,-13838,-3292,2705,12940,-2261,-2860,-318,-7637,-10691,8160,-372,-6979,-3263,-140,-7152,-12188,6480,16186,-9324,7765,-11604,-1007,1144,16141,13504,2613,-5924,13002,-8452,-15140,4538,-14686,-2632,-763,-13672,651,-10753,12322
-3293,-6530,6324,-14388,2847,-2916,5597,13400,-12612,-6295,-7961,14962,-8700,12969,-14809,-5556,-4221,-1916,-180,10310,-9407,-9993,1970,239,11135,-1153,-13638,-9225,9845,11065,-4137,-12278,5784,-13086,-12876,16315,-11540,-4455,-14217,-14610,724,2369,-12894,6943,-10892,-3006,-8860,10795,15753,11841,59,7222,-3321,8372,-6809,4485,10502
12894,4932,-14607,-10316,-13461,7414,14667,-11796,8900,-9978,762,13706,-4423,256,-2337,7097,699,7060,-516,9162,-1546,-7412,2379,-7994,-15566,-14148,9361,8721,-4543,12383,4862,9089,-10575,-8031,15256,15945,8777,-10152,-15435,-3652,14073,-1068,2774,-9546,9611,7303,-11740,-328,-13589,-11105,3268,-8392,12633,9115,-3788,-8341,-7181
15204,-901,-13058,802,9215,9954,8182,-13338,-12197,-7230,5832,-1548,385,7804,15264,-7812,732,7527,-15340,-6427,9400,3312,-10483,3445,-11169,5871,-2385,11798,-4108,-1423,-9613,27,11734,841,1735,-10099,-1548,-13545,12078,16251,-6431,5621,-6402,5322,7542,8674,15669,-15230,4831,15518,5197,13651,11039,-15120,-14910,13191,-11519
9753,6400,14920,-14231,-9066,-7820,1190,-593,-9947,-12371,-10790,14281,15752,-4132,-14244,-11943,5639,4824,-7660,-936,-10267,-7742,536,15137,-6888,-1678,1307,9445,2264,3303,713,12016,1957,-13910,231,14542,13159,6867,446,-16137,-9731,-10242,11086,-284,-17,6713,-4177,14772,-13407,-2081,-14408,-15882,-7387,-2326,-6508,-10585,11485
-7997,1777,12508,6565,3582,-5230,7356,-10970,1847,10964,2293,-3091,10493,-8096,94,5862,7121,1660,11382,-7674,-2755,-13715,-1472,-2690,5086,14474,-7012,10923,8331,1127,-11625,4092,-7326,13161,2456,-10715,-6212,15818,-3541,-15355,-3188,-6990,-8990,-12950,-6241,-15179,3234,11037,-1431,-2530,-3269,-5553,-12721,-1782,-12512,3407,4801
7146,-7119,-15718,-4572,-10981,14609,-2633,630,3146,14489,4535,-10915,3136,15719,12048,8751,5981,11659,-13983,-5623,15338,-2568,-11376,-6009,-10246,7974,-15093,8482,15234,13381,-4225,-13809,-853,6558,-12896,2554,-10367,8183,-5714,3758,5570,13552,-16025,4921,578,9907,-560,-8540,-15757,-10,-11800,15252,13263,13992,4615,-5179,-12885
-912,-5989,-105,-6916,12282,12100,-7529,7279,6437,-14896,-10810,-628,-12393,13585,14685,-939,3890,4690,9250,4313,-6289,2244,-2088,-2464,-10234,-5736,-15480,3504,3517,-6096,-1160,-6195,1110,4311,-1597,-9632,-15321,9316,-2332,-5567,7345,1125,-7382,14411,10082,-10985,14440,9195,4320,-9241,3647,-16057,-8728,4668,3674,7147,12412
1431,16220,2719,13118,6370,-7528,15574,-2695,11638,5481,-4263,2479,3923,206,16151,-9990,-3233,10625,-15181,2542,11093,-12493,-2531,-10052,-6961,-12890,3548,14991,-4835,-4474,-2452,2363,-5639,-12648,-12411,7976,-15667,-438,4412,-16013,11107,-5276,-7638,5284,-7863,-10311,14,-9719,-3561,5215,-15408,-5531,-31,-4951,9656,-15004,2744
6772,4418,-15172,-675,-12709,12011,-16122,-13093,5931,-7248,12229,3263,14608,13718,-4424,-12729,5586,-2650,-14249,6889,2643,13457,1055,-106,-14049,1503,15533,-6790,-3286,-16267,4606,2772,12753,-1868,14903,14419,5346,-13134,8786,8536,4094,-9630,-15977,-2622,-6394,5407,6768,7465,-15945,5380,2832,5584,1206,-15694,9458,-9850,11908
14725,12285,2574,-3727,-2106,9914,-799,-6740,-12481,1104,3545,8062,-13367,-10053,-11906,-3265,8508,12770,14296,7719,-10822,5441,-13214,2016,-7088,9787,11639,8634,4162,7965,7311,12435,-13236,3562,-14974,8964,-13571,7720,-14325,11065,-430,132,14793,12724,-7947,-14650,-10559,-4800,-6696,-15075,-14922,7731,6900,-1582,14927,-9872,8945
-3083,-14291,-9878,11243,9438,13102,-769,2207,-16120,-8838,-16310,-473,-1938,-16088,8840,-1061,16088,-14487,5758,-5280,-16015,12853,7829,6996,2929,1258,2241,6598,5048,4007,3221,-5981,3616,14582,-6587,8341,-5619,-5657,-397,-4024,-3313,12158,15212,7143,10714,5779,-9356,5041,13501,10531,7352,-14776,-5999,-9086,-13824,1241,12575
14851,4254,-13687,15550,-10127,12889,-9574,1052,6451,12426,5841,-11205,14770,14651,4446,5050,-5968,-7134,-8136,-14479,6513,7687,14382,9436,-11337,-10211,12824,2221,2559,4250,-8922,16091,-2616,-3074,-438,4900,7285,-15640,857,7250,16301,13994,-13059,-8541,7473,-5037,5464,11460,-8990,-3377,14991,-16207,7041,-3284,-15436,-14291,-9310
14294,14503,12864,-314,-12320,-12524,1897,-7039,15104,-12093,-738,6426,15588,-6502,-7064,14067,-4944,2920,-12670,-1793,5707,2498,-4508,15714,-14541,-12940,-4566,-7794,8599,7035,-4396,-8398,13154,-7829,5030,-4218,3013,12834,-15763,-359,-6059,-1124,10835,1929,4588,-7666,-12899,-2947,2907,-6517,7155,14957,6696,6617,-10438,4015,7040
-9143,5759,-15249,12267,-16313,-13402,15907,-9572,10488,7835,-13386,-7477,-12139,11308,-15318,7316,9317,9603,11000,-13611,-10021,-9948,11875,-10813,-10782,-15178,610,-14695,10391,-13874,13987,-8807,10815,2037,15607,-7329,-8267,14984,3653,6401,-4981,-9476,-12855,15749,-12257,-6138,9708,-5951,14689,-7136,15194,-4647,6831,11396,-6437,9792,10923
6766,-4435,-2650,-12872,-9841,14315,-5881,-15564,871,8123,7479,-818,928,-10178,9467,8370,-7491,-15347,-1222,6492,-6980,16010,-12817,-13589,-2728,-15778,2639,9004,1784,-8248,11920,-15103,10567,-5028,-2299,-9128,3353,-15315,15306,6238,12455,7379,-10375,7234,11670,9675,6878,-12818,12173,9974,12488,-7899,2420,2932,16036,-7219,5285
-15972,-14097,15551,-8251,-13361,-1286,1894,12753,2152,10146,-14633,-16254,-8990,14856,-10326,10793,-10575,-5782,10323,-11256,-14850,4076,7830,-13444,11526,14951,13135,-11265,1055,-10393,2111,-10028,5985,12052,-14060,11660,5286,-6928,3879,4609,-13551,3150,11059,1283,-4110,-7402,10483,12147,6649,-3683,-12967,-1443,-10584,2922,9581,2771,-7171
-7464,15641,-2907,15613,-11141,12186,8541,-13527,13600,7734,15140,3510,8446,-7467,-5905,-2696,3018,-15581,6455,-14698,4884,-10052,2887,-11217,11555,-12368,3748,-3401,14367,15638,-6229,-5858,3311,-5502,-13397,-14559,2013,-41,15575,14724,-2363,-3173,7257,-7947,-9716,15231,-9833,7347,-603,10465,12267,-14165,-12630,-1742,9132,-5112,-10513
-8806,9844,-7379,6625,-15960,-3485,3670,-2025,7775,13528,-13641,6285,-12494,-10673,12073,10440,15235,-8242,-16275,6091,-2992,8660,-14003,-11896,4725,15451,-13799,3767,180,4643,3077,-3537,-13174,-13526,4182,-8139,10703,6607,-9348,198,7605,-14739,978,10246,2004,13505,-14949,15857,-7537,-4578,-16251,-14994,3584,-3869,-15191,4349,4366
2100,-13225,-9919,-181,-4024,-6460,13185,6972,-16324,-860,-8610,11285,-3203,-10583,-6694,12857,12368,8403,15258,-3483,1710,-9692,-4580,-15996,14572,-726,4441,12176,-2458,-2920,-1540,-7973,6597,12062,10105,-10544,13741,14017,8184,9711,-13550,-6302,11750,13377,-1028,12224,14164,-15529,-14865,15694,3412,-8673,5115,5100,11545,2441,-7682
-5998,3664,-680,-1426,5736,-772,-10297,13284,7666,-2892,-11447,-15938,-5995,-11828,4315,768,-9727,-11719,5322,-11641,7076,4361,-10234,-8995,6831,12639,16344,15514,-4287,2033,12412,-281,-8410,-2337,-5636,1265,-11285,-14858,-4801,13443,-1259,-7847,334,2883,10047,-8408,188,10534,-1499,133,1288,14897,-7064,-10432,-3588,10352,13464
13977,-4710,-3646,-5943,11609,-2471,15699,-3823,-8295,-2084,-2467,15056,-1895,-12899,-4965,9206,14878,582,5786,-11389,3340,1728,3202,-464,-9498,-2387,10822,12962,-2638,14404,-14639,4793,-356,12820,7514,-2265,4925,-13069,-8598,-4110,-6668,-2864,-10855,10428,6560,15874,-11642,8739,-2793,10425,1671,-4252,-5701,14984,-920,266,5265
13494,-666,-1425,-10572,15279,-9760,-1743,-5454,12098,3777,2875,4066,-656,2205,-12605,-12799,-4261,4619,-7197,16107,1034,-3082,6155,-1857,8003,-14885,-4386,5063,-5226,1121,-10678,-9914,-5269,-158,-11956,11004,-14846,9677,12270,5526,-2221,-15509,2637,14678,7165,-6501,14286,6987,-16272,-12127,-14700,-8668,-8763,-2568,-11574,-15318,-4220
1865,12702,-1327,1653,-6056,12922,-12022,-15689,-16022,-9966,2396,-13912,2973,-12946,-4468,2496,890,3575,-13820,5563,9085,11239,13951,12379,-1412,-11652,4660,1598,12352,5334,13073,4540,3308,13112,-7217,7468,4589,7902,-12852,-2256,14581,14296,4448,9826,-10257,-3596,7003,-12578,12639,15477,-4072,-2517,-5748,-12271,-2969,-8764,11991
-6352,-7320,13716,-2647,6246,-14532,8560,12251,-15556,2232,11852,-6009,-3173,974,6986,4218,-157,14266,-1864,14272,-6138,9559,-15516,6461,-7696,15030,-4527,-2537,-12903,-6172,5799,-3207,-1803,-3121,-4348,-13126,15518,5577,11652,4717,8456,3475,-3274,12077,12293,-2864,-10807,-2759,16331,8258,8919,6949,-9433,8712,2603,-11213,-15044
-13496,11877,15503,5178,15261,15879,12978,12324,-1121,-7470,12233,-911,11824,11419,-12340,9689,10356,7779,-5011,-7145,3774,-14115,8786,8001,-12924,-7936,10145,1139,-5340,-560,13628,-15197,-5403,-9296,-7693,4451,-8121,11964,1188,5465,1173,10753,8502,-8912,-3885,5804,-6389,-3636,-458,-9665,11829,2074,-13668,13941,10893,2277,-12170
-10962,12682,-13572,15551,-5626,9049,-4979,-9245,-4582,-7543,-1560,-7523,4606,3654,-8269,15391,-8107,-12237,5367,12636,-3805,11824,-15276,-14098,-7035,-12786,-9884,642,-5062,10176,-411,-8828,-1413,-3123,-4975,385,1957,-10901,15449,-9285,6627,-9819,9198,-15432,-16331,-14698,812,154,-5531,-8119,-15018,-7548,3044,6664,-3578,16015,5912
284,6629,-4537,-10687,14625,-3921,-7889,7150,2014,-10875,-11821,-4543,11678,13744,11886,12760,-11632,11587,1143,2971,-6057,-300,-10607,8729,-1020,-8196,-7981,68,-16227,-7814,1069,3033,14366,12020,2451,-8476,15236,-14683,-15893,-4908,-11862,15894,-5638,67,56,-11663,15667,-15705,-10054,-3628,3077,-124,-940,14000,12613,9347,541
7351,12042,13216,6241,-6149,-3162,-1031,3677,-5698,8660,15360,6873,-906,-861,927,-201,12915,-4757,2475,-836,-5214,9701,13131,-8595,-15844,12195,-4445,-6645,-12370,2812,2247,1028,7152,223,-459,14763,-8122,-7267,9195,-5410,-7219,5851,-1704,-1758,5703,3220,1774,-5398,-291,9033,-4339,2694,13920,9026,1994,16275,8615
7446,-10654,13281,-3188,15255,-1934,-13605,-11707,-3263,-3620,-6096,2091,10337,-5159,14395,-5193,14800,-2719,8268,12104,-2230,-3933,-10627,-2542,-9488,1337,-10679,-13061,-4243,-10091,2525,-12884,-11514,-3561,15598,-4491,14210,4929,3952,-9021,-14357,5038,-10557,-2778,-10294,-2113,6125,10102,11074,-5368,-15481,10878,-902,8642,-16016,4376,8432
-10500,13411,13676,12206,4639,9203,-669,-5747,5122,-6482,-3753,586,2628,-13479,337,14591,-7417,-12491,7847,-12756,-5669,-3119,-4316,4948,-11840,2078,-8110,-6392,7125,7355,7572,-11296,-3036,-8285,10060,-11333,6162,12355,-12870,-6476,6240,10525,3869,6585,2115,15904,8572,5330,9717,-8261,-13879,-5268,-2671,-14261,13227,-7351,5780
-13945,4305,1900,13826,2953,4180,-2025,11181,-12147,9477,14468,11991,3577,8588,-10530,-14448,8986,-14371,-13318,-12406,15913,-9713,-11645,704,-8961,16023,-642,15457,-14954,15422,-3932,7627,-7138,-9920,-7956,1510,3811,-16177,9260,12950,699,13288,8124,13082,-6140,16168,9092,6144,2482,-13036,12058,7556,12076,-15061,-9912,-15082,-2727
-1751,13380,11543,15229,-2635,3850,-13195,4893,9312,757,-522,2011,11510,11603,7243,-6472,2281,-8914,-7983,7388,8951,-14528,3190,-10127,15639,-2476,-4038,12613,5792,-11807,766,-14438,6025,-714,-10490,15755,-14360,13084,-9165,3753,-12218,-945,-3697,8836,-14565,9227,15938,9429,-3770,-2256,14636,-13587,-5397,14778,-9857,-8273,9216
-3500,-8023,16272,-1797,2566,-11430,785,11474,2896,-266,14862,-5650,-9082,8560,5242,-13188,12276,14863,9438,-8238,9842,-5227,-1378,-5296,10603,9622,5001,-1413,6069,-5892,-10338,12246,-9537,2081,1013,3539,2622,11389,5276,-607,-16244,8587,11043,-2142,3339,15832,9950,1734,-389,8476,11682,-10598,-4560,-1169,11241,13077,-1859
1875,6862,6781,-10190,1101,16201,13670,9367,-1530,3206,-1505,-8066,-5151,-4064,14084,10105,-14779,7540,9255,-6479,12068,-14358,10858,-5945,-11024,6181,9404,5721,-3045,-2871,1611,-2204,10393,7193,8393,-9554,14365,-3581,-870,16108,15866,-11239,4354,-3571,-3180,15997,-7025,-11365,10051,-4351,9299,5969,12514,-15843,-7381,-3110,-12328
-10879,-14189,-3566,-2872,-11090,-11294,-9202,996,16105,-862,-13080,-6735,16327,-7845,-2382,2641,13273,-8460,9658,-15179,15870,-13164,-3363,-304,-1956,-12893,-11759,-11573,-12590,4850,4757,-12745,-6370,13448,10078,-8563,-8915,9818,13667,-11949,-5976,-8656,-7566,-2019,10520,-13441,-957,-6224,7519,2218,4042,-371,7577,3828,-2968,7271,957
-15069,-6769,-8007,-7200,-8214,-2272,-12203,-2733,-7875,-12596,4322,-16155,-9869,-13313,5595,15506,-5714,-3934,2904,8943,-8021,-10013,-6434,15495,1765,1627,1758,8745,7760,-7586,-13917,-9313,-2065,13311,-4619,-10555,2234,-9789,-1442,2153,1473,6106,13173,6514,-13134,-157,13314,13492,3846,12651,-13298,10225,15515,15125,-14685,14361,-15832
6377,-6670,-11682,-7730,-4247,13504,483,-11109,-12917,-14090,-931,3945,-1954,10025,-7253,-5648,-7330,1204,5570,-11233,1357,-10688,-7352,415,-10736,3685,-11843,13060,8027,-3042,13418,-7172,-2647,1384,-8795,-8522,-5701,-6841,-5869,14510,7224,4017,6131,13019,-15935,-9069,-566,11926,-4929,16105,11200,11441,-2123,-11516,-2135,14866,-7305
4200,-7571,-12629,8275,431,1057,3103,2844,-12214,9519,-684,4957,2079,10474,-5823,-2860,-7703,-8463,-8137,1393,11722,6565,3590,1625,13234,11207,3438,11183,-13913,-12146,1891,-11040,9010,-6547,-6285,5144,1905,-9299,12868,-5643,7353,1863,-15900,13712,-12017,3516,10866,-3404,-13497,1648,2897,-5251,6725,2075,6846,52,14633
1143,4822,-268,14380,9688,-9346,-709,7334,14556,-6392,8150,3688,4626,11092,-2924,4784,12825,-8018,494,9150,-4962,14904,10186,7906,1566,-6237,-8577,16209,10273,3624,-14688,4873,1890,4812,-2919,10405,-6985,9740,9543,-12901,-6648,-7944,-1760,-4052,9550,3711,7284,-9031,-7303,6933,-6290,-14072,3526,1552,-316,-13927,-10247
