40,
58,
-6671,4698,16365,-10148,-10857,6170,5536,14904,3755,-2253,8006,5164,-13115,3049,-10821,-13834,6370,-9033,-8419,-7166,14905,13824,7745,2126,7223,-13950,-11480,-10209,15908,1657,-9761,13702,-13517,-482,-7946,6344,-12315,7091,-6135,-2244,-605,13183,14222,-15922,9351,-1776,-8649,12815,-9634,5732,-11130,-2658,-13475,4867,-3061,-8359,10422,10099
12383,-4757,-1552,-9841,2677,994,13839,-4603,-4294,-15819,7585,6031,8401,-8868,2676,7035,-5992,6031,8832,-13720,-8421,9445,10922,-6012,8436,12949,9230,-11874,7645,-2732,14688,14475,1434,139,3051,-5181,6656,-10818,88,3134,-495,1467,-1863,9969,3688,7067,10327,-7791,-13830,8846,-6264,-7021,-9384,12837,-5374,-14331,11322,-464
-11,5493,-1666,5151,-11684,-5418,-1022,-8308,-14428,11630,-3648,-8534,-9396,-13225,-14719,4366,-1049,-9601,4284,4811,3074,-11766,-5387,-7707,-4624,1582,9573,-13034,-9102,108,9537,-15578,-12806,11845,10780,-600,4627,-4187,4268,-11438,1217,-5995,-2071,15953,915,1554,-7474,15226,14981,-12318,-1152,2586,2033,13249,15149,-6727,13807,10258
-1955,8398,1306,-7987,5982,3141,-11305,3672,-1117,-4626,7030,10108,14944,-6345,7994,4293,-7617,-6777,-14523,-12275,-8573,-10609,15465,3085,9045,529,-2265,-5452,14770,6248,14142,-16340,-12945,6440,-7441,6171,-4090,-7630,5271,7402,16253,-1973,-10790,14771,-624,-13393,-16242,8542,-3241,12967,-14238,-2660,13141,-9479,-8792,2739,16272,-12316
-6788,-404,-14041,-5361,1292,11890,15056,4158,13904,5129,8475,-3541,10826,-12527,-13920,7022,-14947,9200,9499,-6024,-1073,7821,14383,-8862,4835,-9953,-3590,10751,-841,14221,-1510,2411,7473,15627,-729,1486,-6050,-3879,7889,4609,-5347,3982,-3036,-9322,-12083,16300,10624,-2233,-13952,-11533,7184,-12939,2929,2803,-13646,-9062,-15692,1471
10728,8562,8856,6745,10606,-4766,10229,12896,9334,-539,11225,1509,-5052,9741,1686,-15422,-15726,-8581,9565,15627,-975,-11877,-10529,3894,8239,-9146,-12224,-8765,3392,15586,2811,11086,-7651,-9566,6475,-12906,8018,6789,-12224,-4910,12437,-8688,-15907,-3427,5276,-3842,-3539,-6890,-14801,341,16183,-2581,2212,12129,-1053,-12682,-3927,12675
-10993,14381,3792,-16145,-6054,-16320,-4558,-6999,-10561,-2775,5805,10798,834,-12049,-13032,9509,-5501,10646,7318,1978,14700,13233,-4159,11818,15413,8503,7093,762,-8202,-9794,11782,324,-9421,-12153,8935,-5510,13324,-13474,-7020,7846,5002,14628,11394,-2927,13621,-5461,-8840,-15857,9945,12485,12513,-4309,-13847,-15073,-4866,2408,-1137,-11665
-13348,-13158,597,4282,-4122,12838,14336,1013,4855,13,11746,16215,-12774,-529,-11534,-12527,10665,-9439,13842,9712,5065,-12794,-8962,-435,13478,-8371,6972,-13094,-1465,3194,-1307,5608,-3083,13656,1678,15540,-13670,14461,-599,-9088,6852,10369,4758,-2834,-1577,736,12558,-138,6119,9561,15244,11981,2946,-6878,3125,-7759,10672,-14377
-9665,-9606,-9235,-7141,5727,10376,-4065,-15395,-9918,16227,-10981,14135,-5315,-11967,-13448,6145,11061,-7141,-5373,3215,-7655,7706,15262,-16263,15722,-6269,-15376,8417,-4827,-6288,15388,-16023,6841,13902,6927,-12327,7786,9234,3714,-5082,1947,5301,-7619,-5208,-9117,-8954,1066,15607,-11501,738,835,8185,-10791,1274,13443,-13291,-10971,-6996
-15826,-15347,8951,-3029,12560,-7754,-3708,1289,1165,1482,-8812,-8589,14134,14337,8721,-2916,-486,15209,13516,2798,1669,-1191,-3826,13224,10374,-4927,-13585,-3126,10730,9789,-11259,-8646,2224,13566,3408,-15277,7667,5129,11910,10304,-11755,13160,-4546,9725,-14938,-3960,14708,15690,10188,5302,4188,-5215,-6855,-694,-11923,11705,-13659,-1505
-5504,-16033,3484,-1027,1795,9646,1274,6010,7690,-1437,-8856,10623,14338,-7240,12173,10996,-14445,-5042,-6729,5469,1368,8274,14326,-16097,10518,-8836,-12372,-355,-8827,3356,8011,-13240,-429,15231,-4251,13344,7951,-7969,3893,-11392,-11969,-6713,-15612,9970,12088,-4343,-1674,7436,-13030,-10251,-10826,3175,-701,11417,-14137,-12039,-5548,12210
15690,15166,14477,5987,-9878,10999,6409,-5925,-6546,13294,9105,-300,-3215,-830,1570,-6600,9988,-9189,-12685,-9310,14117,-14746,8825,2070,15790,11233,15435,12795,8428,-12272,12977,-16013,14248,-11444,-2959,-6856,905,1950,3565,2645,-14578,13381,-3400,-12973,22,7175,-463,8214,-685,15684,14512,2852,-15970,-5544,-835,-12016,-7859,-1612
-627,8677,14015,7400,6800,-8448,-12749,13792,-725,3981,-16314,2735,-11321,-997,7699,-3864,-8352,2280,9478,362,-16308,8653,-10131,-10379,14353,-7930,7397,-10738,5181,10332,4993,-5773,-4308,6002,9888,6299,-10604,2751,-11563,-8131,12118,6601,16103,5505,5903,16167,-5141,-924,-8652,-705,10455,7036,14397,7453,13968,613,-2131,-4675
-11057,-11970,13024,2902,-71,11656,-1176,-12883,-1016,-7035,14637,1843,-2037,6580,-5144,7246,5887,12438,10804,1447,-10553,-4447,-4698,-3769,13624,-11105,-2172,-5655,-110,10121,-3562,-12415,-1162,-8410,3137,-7695,-1788,15072,-15441,-811,-10758,-10267,-9801,-3295,-9607,9434,11817,544,-14188,15214,982,12206,7489,-10955,-8037,14011,6564,14376
-14707,6713,2073,875,-10075,7871,3207,-15569,10843,5288,2120,9027,-4009,-9797,-15612,5424,-225,-15771,-6286,-15092,2260,-10542,-12975,-5606,8185,47,-10018,-15219,-10148,-4067,-7119,-13911,-10626,-11142,3102,-6633,-7214,-11423,726,8873,-11610,-5476,1820,6335,4052,-6359,7833,-14774,-7210,-13792,-14136,12952,-2455,-13105,553,-14268,-13874,-13550
-9585,13494,4879,10801,-3707,10379,8549,-9167,4140,4583,7234,-3706,-1731,-3512,7870,10216,-12899,-5861,13921,-4658,-13864,-12376,5607,-11994,-8464,9092,9813,-430,1557,9025,-15353,577,-12855,7045,7648,-14155,-9477,-9884,-869,2882,-6711,-15133,-8796,9413,-6164,10977,-1445,-9222,-5240,3573,10838,-14008,-6183,11356,15046,5220,7644,10616
404,-8522,-10492,8871,-5025,15807,-15395,10096,8275,5499,7175,-4723,1285,945,-12295,-7509,12629,12416,2726,-671,11290,-12177,-927,9384,2475,4054,-4198,13852,15820,348,13477,12185,-7278,-1907,13499,10483,-7192,1561,13261,11790,-7223,8383,-15288,11942,-7814,1310,15565,6430,-13741,-6211,4098,-13342,10715,-9994,-13364,11893,-9909,8960
14112,4874,-16291,532,-8466,11045,-13523,-9970,6193,14136,5789,2932,-14928,9161,-13096,-13930,3935,2340,-8057,2766,16065,-14515,-9509,-10510,-596,-6461,-11140,-9955,-11127,-4938,1373,-679,8352,14675,-9956,3211,-8040,-9509,-12161,13258,-8947,-6954,-6349,14389,2299,-4306,904,-14044,7487,-8769,165,8144,-12100,15678,-3698,5945,4084,-12792
16364,32,7042,-8575,-11754,-2790,-5035,12537,-4042,-7600,-11352,12471,1113,-11697,6115,-527,11114,-1408,13818,10538,-898,5004,11149,9126,-13287,-5006,5883,1930,15784,14510,-5783,-11222,-11771,3974,3021,10887,-2398,799,-12610,-6471,16382,2300,6678,6084,13571,-13449,-8144,-10359,10177,14521,-7163,-13501,-8981,9375,11413,10702,-2517,-4480
2618,12376,-7948,-3280,-14440,13509,13258,1309,8094,-842,-7366,16303,15872,14283,-8875,-11458,-961,659,-8255,-13210,2827,-2462,-1587,-8821,15580,1904,5103,10289,5001,-158,-2256,-8106,10429,-8632,9673,9826,12938,-13611,15304,6774,6054,-8982,-9824,-3168,-10166,-15083,-7313,-2642,14076,7513,1762,-9491,-2860,-5986,-11460,1328,-11525,7238
8874,11713,8977,2305,6956,-13942,-12739,-12531,-14973,1081,11637,13043,-10539,13322,-10109,-709,2925,-2784,-10400,-10584,8042,-13898,-16370,6216,95,7092,6687,-10178,16123,14754,8622,8338,15373,-16293,-4029,3316,13971,15536,3168,16051,-12548,-12174,-9678,-11583,-9268,11574,8491,-6433,6416,-13305,-13760,-1891,-13084,2448,3985,-15208,7537,-8444
-4078,2089,5843,-10977,16292,-3451,15186,-15337,12630,-13938,-13756,5158,7905,4931,74,-13498,8422,-14754,14414,-3719,10123,-9019,-12900,13033,7553,-12782,-12951,-2792,15700,-15721,5259,11204,13559,-15582,-12393,1644,5908,-7570,-7405,-11302,-11390,-5283,-5520,11716,-1381,11346,-439,11828,6938,7184,-15678,-15437,-8784,3849,-5411,15562,-9749,13433
-8707,-12467,5592,-142,-6338,4954,-15394,4790,14760,4631,-2171,3421,12519,-10078,14312,10459,12061,-8310,15591,13879,-13225,11977,-9404,-16359,8120,-6525,-4910,7158,5277,4411,1347,-10479,-5674,-15544,1258,-2914,9563,15961,8344,15625,-8591,-15939,8657,-1926,-2381,14312,-14475,-13618,-728,10487,13013,11850,15874,-10735,-11555,8074,732,-607
-14816,8843,9196,10571,-1587,-294,3504,-2128,8934,-5746,-14891,7493,5996,11735,-4684,5919,-3618,-3355,-2703,6029,-50,-2499,4897,9708,6704,10222,-3852,429,-6872,-1033,-6180,2028,-4611,-10191,16383,-493,-8680,-13024,-5979,740,11732,13098,1811,-11634,16094,15116,-10822,284,7873,2716,-4231,-6005,-4359,4889,15685,-2849,-12640,-7563
-12667,-14267,8628,3494,-7036,-8181,-8368,15254,-9089,-1848,-7686,15697,-8221,9522,-12677,11390,-5524,12349,-3258,-7415,-11606,-7878,-3385,11664,5062,-2894,12864,-1779,1406,326,1043,-8412,6406,7749,5781,-4830,12419,-15140,7326,7734,-13306,1475,7532,-4540,2582,8384,-588,3619,1921,-4406,-10058,-2072,5835,11011,12945,6213,-10942,-11749
-15538,1190,3884,-10207,-9392,13394,-3672,13543,1235,4880,-8897,10342,15571,483,-15559,13932,-5974,12838,-12819,-50,2682,15592,1147,-4766,9034,9697,13383,7055,3751,15640,-14062,3566,-4885,-1587,-2036,14392,11551,6673,6686,-2069,-12860,-783,7155,-14630,-10894,-827,10455,1133,-1126,7057,4418,-4982,12135,2570,-2875,-1683,-16195,13262
3625,-4676,8271,4386,12758,-12744,8691,11850,16283,11260,2696,10968,8300,80,-15173,12459,2592,7310,8320,-1942,-10955,1409,16072,5464,11721,16371,11388,-3124,10803,-3396,-9229,439,-9584,3554,-13418,9712,5681,-9998,14617,4030,-11436,-3163,8552,-2873,9979,5390,-15873,10770,-9318,16172,-15744,11266,11626,-1964,10798,11290,14022,-12083
14944,-8113,9533,7613,12284,11897,-5466,8283,-1109,-2375,-7718,-4156,-5016,4320,14649,8948,14867,8719,-8497,-8353,-15287,2697,-5639,11400,-1905,12964,1358,9905,-4410,-4809,-2365,-11656,3446,4266,-2868,-6910,-10588,118,7673,4388,5002,16108,14821,-16090,9358,14191,11262,346,1041,-13089,16206,1933,4237,1345,12031,-13088,-4420,-5010
619,9509,-7708,14491,7849,12320,-442,8521,1774,-8855,4089,7443,5934,14594,9597,6819,10558,-1976,15468,12656,-622,-11325,-1973,-2962,-11739,-5459,-3717,7349,-333,-2032,-8480,2893,13745,-6490,-3425,-1675,13017,13533,-9092,-12197,-825,11798,3823,16370,9503,-5281,3911,-3258,-6107,7387,-5390,3115,13216,13383,-7505,5436,-9845,8899
1636,-8711,1523,-8751,3405,13872,-13098,-5618,13551,1201,-1303,10981,3419,9448,-6138,-12603,-6624,9100,2489,5861,-6723,-11768,-7469,-5515,4602,5392,15948,-6537,-8676,-9201,11268,7785,-8360,-5510,-7007,-3000,4348,-4799,9769,-15433,-2703,16112,-2203,-14110,-6096,5613,15101,1941,5382,8797,-647,-3714,-8397,-6936,6557,-8290,-7147,-3028
13765,4015,-411,5034,-13949,12201,-3676,2652,-6431,14052,3585,-10244,11576,-406,-8663,6750,4070,5008,10493,-12160,-2682,12064,11948,-3717,5178,12810,-546,-6253,-10458,-9470,-15656,-12230,836,9411,-10342,11257,-10644,9415,-8912,-8066,-4977,-2390,-832,-6078,7615,14407,6904,-10064,2027,15780,-14949,7587,2324,-4736,13542,13019,10895,-5433
6091,-4538,2996,8932,-765,-14491,4837,-3282,-14394,-4975,-1851,-13881,-6182,-4033,3847,-8062,-11159,9694,-7157,-9229,-1725,-6827,10183,-16362,-7189,-10656,1036,-147,11553,9629,-10453,8830,15999,-15800,-10783,-1224,-3922,10573,-2987,-11764,-9663,11469,3243,5264,-10922,-15403,9338,-15872,-7761,1178,-2523,15781,-2720,-4128,-12389,-16243,15876,-3145
-8221,-3874,-9353,8599,11308,-14796,-11810,14088,-8887,14794,-8891,11006,-5624,12190,-3255,10836,-16046,12162,-5353,152,14978,-4144,12505,-6092,-1559,7382,-483,4497,1982,9494,4664,88,-996,-5508,-15327,8987,7617,-15992,15274,-10181,-12002,-449,-13768,-2999,-10370,-11782,15640,15884,-6601,-2440,13053,-689,-15385,-6953,15965,9142,-7273,4099
-1299,15502,-10599,8553,-11627,7863,-15215,-13217,-13525,-12585,-11229,1766,9852,4201,10079,14411,9097,-10119,-10753,-15638,-5295,4380,-16154,11414,-2794,-4704,-4992,5854,9923,10529,8381,-14289,-4658,-11762,-5322,-4327,6196,-5415,2816,-2484,-11765,7869,-1538,3211,-10695,1004,-13022,15022,-15712,4007,-6541,-5519,-204,-2368,462,-13988,2465,-5181
-14084,-6812,-3529,-6986,-7591,7556,10153,4538,13539,4010,-9986,-930,-12428,-14884,13796,-11221,7714,16186,-8514,915,3745,-7788,3675,-12368,3937,-947,2463,-1277,-258,13537,-5900,-5431,-2886,11765,2816,10748,-8921,-1194,12537,-4990,14768,4572,-4773,-11085,7308,9647,-6471,-9175,-2858,-5719,14005,-5607,-9113,-11597,11786,4112,242,-4594
-13882,15449,14872,-10176,16254,-11670,11019,-8913,-609,15173,-1685,-13680,9387,-12531,9083,9821,5751,-10580,-753,-9630,14574,-3036,11550,-13327,-1096,-14922,-3751,-703,-1669,-4092,-2877,3422,-10422,-1277,-13065,-10517,13152,-7735,-13710,-813,-7474,5957,781,8838,1830,6787,-7135,-764,-3371,-12251,-1749,-12110,-11941,454,14121,12631,5540,13152
13240,-14636,-1532,-5627,-6067,-8266,-5605,3411,13215,1967,-4370,16267,745,2588,2957,10250,-4354,13580,8190,9670,15527,-6969,9322,-978,4964,-1929,-14474,1889,-15018,-8145,4457,-10964,2313,8918,-3888,-13668,5340,-5960,-13822,13778,-9245,-2168,-6440,-9513,-13584,-14883,-1463,-15349,-1822,9515,-1439,-10311,4342,-2303,-8076,-9348,3538,-11688
2134,13319,4546,7324,7055,14274,-36,2610,11742,13819,-9928,14604,8952,13472,-15578,13429,14298,9287,-3427,-6003,-13509,-4629,14405,12441,-8275,12371,3056,8290,-9594,-7226,-11728,11872,-5366,10318,5406,-12337,-2436,14028,-11579,-237,4881,10060,14988,2129,-1703,7394,-1033,3885,-15550,3321,10837,516,15602,3118,200,5360,-2796,-11007
-2160,-1566,16272,-9832,-12951,8835,4567,5057,14424,-1870,-13586,14198,-317,-307,9398,-1300,4152,11147,6287,-12290,3050,9107,-13431,-8181,-10676,-3654,-7014,318,-2430,9315,14473,-4395,9963,-625,2612,-10867,-4116,-10031,-13172,-15819,-3456,2873,5913,15245,-4791,11955,13280,701,-15684,8128,-5634,-4745,-7135,12565,-13970,6971,9412,6803
1288,5170,13913,-6024,-5494,-2561,2293,-747,-5286,16278,-577,-8619,-1894,4343,-15447,-3488,-3985,-14502,15059,-13005,6994,6160,10000,-622,-12089,7218,-9274,-7154,8276,-5698,4109,10837,-219,7398,626,-13189,6132,-1975,-8516,-1636,-8844,-6640,-6030,-2667,1999,-440,-5690,8521,2834,-16155,-6645,9397,-11768,-12365,-7362,-11965,-15285,-1306
