40,
59,
-9494,5496,16200,3592,3731,5746,2128,8755,3138,2736,-4904,14406,-8292,-10344,5889,2795,15947,7958,-15195,2765,2075,1283,-10358,-4722,-124,11804,10786,-1736,11869,13669,-12449,9724,8660,-16232,10175,13853,-3782,-7666,-2565,3070,14731,-11484,-15027,6485,-5895,12348,8220,-11859,1558,2761,3061,-13656,-14501,7922,-3792,-10611,1905,-11102,13729
13473,-109,-11873,-6758,-13084,-4700,9666,-14052,3588,1710,-9765,-743,-3358,11583,-15045,2466,-5809,13499,8963,-7817,10095,-12799,1641,11522,9216,-4402,4481,1071,-4173,11007,-14034,-14154,-7112,95,-10585,-10592,1317,7134,-10777,4437,-11733,-1892,12421,-6056,-10996,72,15102,-15496,16162,11621,2790,-9434,4060,3784,-8753,2823,-9070,-11083,4286
7567,-9560,2954,1700,-10403,2798,-10862,-12035,-8507,12523,-9467,-5016,-5101,-15141,-4352,13100,-13291,16186,-12840,3833,-6288,-6775,-4534,2,-15581,6626,789,-12236,-9975,12397,8701,-11885,2215,-5031,15302,15313,-3633,13168,-6171,-11370,2710,-3096,-10650,1076,14707,3391,5020,-13194,-11684,-2542,5411,-4583,10516,11124,-15861,11303,5933,-3093,4313
3573,7294,-546,-4687,-9206,-10437,-13721,5596,-7493,16206,5030,14683,-809,-14172,-7701,-6642,-2921,10170,-6741,5947,7530,6298,9258,14574,-6250,6029,-4634,2634,-946,9867,-13483,2405,3312,11235,13268,4490,-4513,1720,-5026,-6022,1102,6000,-1530,674,13534,13701,1596,13036,-4433,-3804,-6669,6232,2399,5537,16377,13257,-12550,-6115,10062
-4475,7315,-9471,3204,6586,-6774,7599,6041,-205,11317,12996,-9977,15757,14181,3546,9208,-5601,-7857,-9174,14269,14586,-6585,7873,-8196,-6342,1792,-5072,12140,-14865,3854,7920,912,16253,5496,-13852,-9824,-9588,-3136,15456,12717,5148,7348,-14372,1092,-3819,-8341,-12785,3285,15893,5859,-170,-13596,9333,-9899,-12848,-9220,16120,-3558,-9895
-15008,-180,14981,-6381,-6502,-5541,-3431,-3265,-2308,-7095,-7150,-10937,6931,-14340,16058,-1898,15001,-11417,2491,-13802,11587,1038,-3371,-16195,884,5774,1809,-13550,1888,-3725,-2995,-16321,-7799,-10653,-4953,13508,4271,-14377,-14100,16309,423,-16032,-3281,-668,4758,6789,-3035,3676,7519,2831,-12117,-11764,-4466,-1204,14445,-9648,6381,-8590,-11661
-9532,-9673,-13517,-13350,14889,14082,15658,720,-3974,10708,-3022,-10903,13563,4812,349,-7646,-764,-6778,13424,7901,12476,-3658,-13796,-15162,833,2455,-4076,11336,4774,7882,-12880,-10357,-8518,-1583,-4945,16162,6377,13122,3096,-11600,2982,14923,3861,9748,13398,-15386,12466,-10412,-16031,3977,16352,-7346,194,7216,-11234,-13366,-1380,-9224,14744
-901,14634,-7860,3155,5211,9147,3037,8800,-14489,2954,-4452,11602,-12291,-14118,-12707,11384,-4066,3416,-3777,14128,2953,3514,6653,9129,1843,5240,-13581,4720,13717,14746,11354,7231,-5555,-9390,-7366,-8911,10634,1883,-11641,-3027,2307,-4574,-8359,10170,8835,4229,-2652,10092,-3254,-2263,2098,1067,-2431,-11356,-990,1785,8809,-6209,3063
-10351,-11051,-10277,-12720,-9313,-4677,-1412,-15399,7982,-3296,1307,-3255,6104,-7548,6834,6565,-594,-3963,-1723,212,15555,-6449,-149,8933,-11221,7006,1804,88,-7287,2570,-7271,4190,-2643,7346,13587,15038,-6108,1143,-3593,3456,8933,-15526,2915,-9552,-11701,7012,13453,1315,848,-14071,-15253,-14246,534,13053,-10720,14087,928,-10227,9723
-10144,-12194,10022,11812,8508,-6466,13837,563,-9178,7459,-11958,-15996,3836,13481,7534,-3240,-10154,-12371,-15590,14517,-6033,10466,-7835,11489,-9272,4440,6073,14980,8514,-15122,14064,6280,-8085,229,3377,-11040,15133,-11157,4983,-6395,15539,776,-9043,-7881,15203,-11343,-7295,1395,13887,-12446,-3653,2534,9604,-4339,9415,-3320,-2119,-5827,-6777
-1173,7195,1319,2779,8808,-10765,10639,11651,-8416,2503,-6492,-1043,-5715,8397,-9478,10787,15321,-1950,-8942,14429,-11609,7857,14486,-13015,13982,10128,16031,9982,-13144,-5222,12546,-3235,11254,-5686,11527,-2357,-12116,9852,-2596,13916,4691,-13419,-5681,1129,-6770,8014,3265,6901,5235,-4539,14542,-11398,12840,-9241,6275,8066,-10952,15457,-5071
-10685,13039,-10107,-14222,-1757,-7778,4408,-5204,-9793,-10300,-11031,-7738,-8339,-14667,-482,-14169,5443,11463,5035,4922,14711,11463,12853,-1699,10538,-5228,8805,-9831,14080,11550,-1955,-3990,3506,7903,2882,-7391,-5522,-12391,13296,14613,-4123,7885,1580,830,7804,-10920,-13117,-2550,-9965,-8769,-2487,533,-2749,-13847,-15035,-2474,-11919,15387,-3432
11198,13760,14864,-12169,13260,-14,-8097,-15700,5280,-8116,5407,-6177,-8965,-13791,11145,4173,-441,13526,4772,4039,4613,-9420,12733,-14152,547,11690,-6922,12001,13171,-16190,-10147,382,-14131,1999,-3946,-13984,12441,-3914,1510,13309,4582,-3889,-1262,-13476,-7276,-13359,-5476,7678,-7226,-11128,9577,-9559,487,12225,6782,1871,-11456,-3947,3566
-2381,8543,-8282,-56,3333,8316,4234,5434,736,9169,-4736,-12517,-10193,15693,1276,14495,8904,-4172,-8805,-8872,-219,10780,-4228,9048,10608,-12884,-13342,13812,9072,1234,15748,-2375,-11681,-13484,-6622,11978,9907,9707,10767,5105,7311,-5073,-12431,-11541,1981,1811,-15293,-13813,-8882,6259,-1542,-2895,-6447,4923,-2086,-8715,-1374,-2410,-4308
9989,-1607,8787,-14555,10118,6755,9804,9613,-13996,8273,4261,14411,11329,15223,-9668,5075,-16001,-8668,-2087,-16124,-5526,16014,15277,-11163,6365,6632,-15323,-14919,-4229,-11850,-9700,-13240,-13260,-8565,-11454,-9729,-9872,-15736,-14567,10187,-4767,-14430,-16087,-6203,-2006,-11744,8010,10413,-8543,-497,2249,8563,-7331,-11469,7543,13769,-5075,-629,-3033
9927,-14012,-10468,-6910,-11685,9337,-8042,938,-838,-7072,6404,10673,8374,-6001,-9116,-1727,5309,-9795,-7022,51,-1565,3545,3769,-11485,-4583,-5458,12348,-2993,-7085,-1910,125,-7274,-7873,-6599,-4660,-7043,13702,-14475,5424,-14772,9855,-12862,-15466,-2853,-11261,3024,-13580,-15736,13641,10025,-10464,-5145,-5175,9124,12826,2268,-139,-12822,10006
-9079,-5150,-16382,3981,-15691,-4855,-15367,-1703,12849,5631,3624,12770,-11180,8175,-6689,-1139,-7615,-8911,13214,15046,-6885,12668,7916,-6266,1992,12068,-10789,2434,10927,5115,7964,-7833,-1915,11344,11788,3437,-15904,-14607,-13264,14116,-6964,-6367,-1709,3827,-4240,-6735,7432,-11945,8779,-9238,14384,-13751,-12435,-14718,-8314,14892,901,-11330,11052
12643,-10068,-402,-8796,9441,4899,-9962,-1679,-6875,-9613,7763,10715,-12589,-10065,4859,2476,-8699,53,4958,-8204,-3434,-15764,2065,4340,-381,12727,-16169,-10810,13107,-11331,-3931,9522,14805,11593,-6366,-13184,-14162,816,1844,11723,-13181,10989,5789,-8511,6449,13582,5662,-1049,-1893,-3487,4312,6537,-14465,10185,-5509,5720,11130,9542,-3025
11126,5232,15059,15546,11062,-7547,-9140,-10180,9345,-10956,4733,3633,3188,-3229,11862,-7618,-15595,5115,5204,-3664,-12915,14293,-11364,7478,4142,8337,-11511,12991,-7500,-6296,14315,-570,13420,3329,-825,-7464,5959,7479,-12454,5206,-4066,10893,-12915,-13333,3847,-4243,-15722,-7527,-22,-10222,-10238,12455,-1176,-13672,7446,-6956,5906,-8800,6568
14566,-777,855,4248,11262,2802,5367,9816,11889,-1012,-7920,-8898,-3567,8525,7309,-6652,909,-2025,-1127,-12954,-7623,-423,-8679,12516,13198,8042,13349,-12341,-7775,-9038,8866,7594,-4396,6998,-4000,8512,-5301,-1505,-11474,-13957,4117,-16027,9798,11876,-2153,-14073,-13994,5732,-14144,11465,7413,310,-3554,-837,-14948,-11542,-11629,6990,-6448
-14506,7828,-6291,8130,-3858,-4466,2083,3198,-6954,-6679,4915,-12907,-13570,11671,-7506,-10418,1098,-8174,9790,2083,-342,14246,-10252,10470,-3753,-8843,3061,-7898,-9425,11038,1258,-5459,-2922,-4592,-12756,9659,-6984,-11705,6905,-12986,1148,-14347,-4253,3609,-6386,15321,-5161,-8439,-16184,-3689,15112,-4781,-14510,11848,-5283,6537,15569,-443,10602
-16204,-16117,-1071,11962,-1220,5921,-9877,-1351,-5254,-4977,4843,-8689,4962,-15006,2427,-15840,16128,2735,-10548,-10239,4608,5599,-14054,14762,5761,15304,8529,9759,10915,7964,-12140,900,15271,8129,11294,-15301,-15270,13763,204,16046,-11295,12737,-9314,9868,433,-935,782,-253,624,-1400,-8573,-11589,-4388,-2418,-7410,10241,9431,2495,-16101
-13136,-982,4584,-2785,2554,-10719,-2903,-3580,10006,-8320,6380,3008,-8983,-15985,-949,-7107,12701,3588,-4495,9068,-4516,10362,-13667,1386,-4003,12117,-15902,10276,10230,-14799,7662,-12700,-3250,-9346,2539,-3708,-10669,-10107,-10477,-6792,-4353,-6475,-5205,5313,-10545,4090,-15425,2158,-5464,740,5064,741,1641,11979,-1813,-4405,12078,16037,16248
8635,-10932,14183,9014,5591,10348,3897,-9279,-13328,-11264,15267,12305,-1449,-12268,-12774,-4359,-8634,11783,3756,14914,3958,-4369,-9100,15283,11789,-11458,1337,15308,7083,-11685,4848,-13755,14749,-13082,-237,5303,-5957,6021,102,-3837,-12044,13236,-15404,-11556,-12915,-13922,-816,8031,28,129,1641,-12237,10987,1188,-835,-10535,4189,2823,-10189
-12096,-10840,-10429,-9437,-14671,-8219,3831,-11932,-10855,971,240,1618,-5296,-15062,7625,-11730,8923,5697,-3445,-13593,-15334,-5803,12559,3963,11286,-10969,-5827,-7176,929,-443,15183,1096,4273,12320,-11356,386,16110,-13757,-14707,10622,-1238,-1211,14347,-10536,16371,16380,9428,6983,14488,-8735,7997,9775,-12169,10714,7339,-4625,-16351,12477,4735
5016,-9127,11501,-3842,10322,-3899,-212,7059,14155,-6900,-11769,9589,7255,826,-12012,-7732,577,-2517,-16278,-10357,-8033,-14480,-1863,11205,4086,7645,288,-9820,-1271,819,-2072,-183,-2183,-4202,13858,-6042,-554,-10783,5066,3528,1783,7230,-5800,3836,6989,-12652,8637,-3954,-10309,339,-13020,-9394,9485,-3944,-7781,-8834,-2959,2015,5990
-1349,-8711,-14254,-6839,-7349,6046,-5722,-3364,10579,-11894,129,-3357,-5783,-5506,15943,-6281,-1803,5938,10097,-13047,-5543,-11793,-4264,-1705,15576,-14016,-264,6421,7834,-2213,-3426,12930,-12189,-2200,6649,-442,-5003,-15059,-11839,-10855,9163,-13521,-13284,1340,6273,7439,11179,-14120,8509,-4740,13386,-8854,-15794,-10302,-6800,918,-15765,-9253,-5121
3378,10600,11708,4109,4355,-11836,-6146,-14604,-946,14143,-618,-6811,3015,7751,-14767,-12910,-2247,10487,-4894,-9392,9884,-15393,14525,16165,5366,-5436,13630,-4791,15041,15157,-8800,12311,3334,61,1217,-2650,-9316,-13020,-11133,15180,-4078,3757,-14138,12007,3244,15729,10787,-15849,13793,4859,-5549,-7025,11649,-15400,-2293,14526,14609,-9595,8802
-15959,7369,14709,-2180,-12973,-7007,1025,11639,-14160,-3452,8037,1443,-7770,11690,-7605,-1652,15381,-11077,13055,-9687,7927,-14241,7666,-14700,-8843,5090,11613,10029,-9239,-7864,640,2647,11752,-15578,-11460,-10754,-8332,-734,3397,-982,668,10911,-502,2797,-14559,12582,-2161,15790,11095,10856,-11497,792,4266,-4359,932,-13516,13492,-8997,3447
-11952,-14021,753,6701,-12960,-14867,3642,272,6744,-2502,14158,9887,-1615,13771,3398,-9698,-14584,9481,13258,-8970,2651,-14504,-12476,-11342,12492,-5222,4995,-7501,-14919,-4150,671,-10656,13157,4229,1249,12856,-2475,12301,1705,1922,-12598,7287,3474,-15155,15923,-10100,-14114,-12136,-832,505,-6311,-5627,-7878,-5640,-8383,3830,35,-7528,-11876
11593,-5520,9101,-6601,6369,-13440,8723,-9704,-14669,-6000,13852,-13004,-2285,-4406,-1565,6726,10326,-2913,-13749,-10487,-10168,9278,15210,6411,-1956,-9177,-12330,12056,14102,796,5341,3193,-10224,-103,-7351,-15479,10901,-2614,-568,11525,-3814,8347,-249,-6775,-3474,-11609,14461,-6449,-1603,-13602,4292,4135,-6633,-9075,2677,-13293,-5021,11595,-5044
-11378,-10745,15389,-8533,5390,4735,15219,-10181,-13188,11828,12911,-8706,-14106,16071,-3903,-10587,-16253,7673,-15867,13353,16307,-5674,11586,5902,-2357,-4303,-13128,14317,6584,-3374,5967,1339,-11533,-14471,-11022,16070,7549,-15760,3304,4997,-1031,-1381,7971,-1661,-13274,12320,79,612,13819,-4186,-13869,9056,-13514,5997,-3080,-7691,2111,10358,-10821
16334,13147,-3723,1008,-15678,6839,12762,-14807,-22,14237,-4482,-7614,-9836,-2482,-1652,-15002,-1199,-15470,4935,-746,-3741,-8229,-221,6118,-6578,-2499,-3987,-9970,9196,6971,9587,1570,3858,13625,9982,11969,-1186,-13552,964,12205,-7517,8459,-15345,11460,14958,-2694,-2503,4962,-8151,6904,-12180,-13440,6072,-3538,835,-242,-4420,-4246,49
-195,-15002,2903,-8589,-14125,111,-14309,14384,-14222,-472,-16257,6750,-7830,-6571,7644,8611,-15783,-11078,16201,-14297,-6397,-11778,15956,-3620,-3644,-14252,-3200,-15145,-10024,2994,6495,-4466,10681,1097,6940,-16367,-8840,12405,13940,-4406,-2633,15791,-834,3013,4510,-2166,-6688,16071,-4131,4405,1234,-4255,15860,13424,-6025,11557,16284,1383,4759
-10952,11930,-6356,-5442,-13675,-14951,7218,-1908,11016,-7502,321,13011,4990,13007,9621,15979,-13578,-10885,-10013,1660,2245,15370,-1143,8296,1859,1933,3168,-15452,16154,968,7397,-6970,-5150,13904,3237,-6597,-1415,3621,1675,-1256,-15152,3667,-13499,-4450,13274,3197,10456,-11281,-9002,11238,-5903,-482,-16250,-4309,12066,-10929,9072,-6091,-12130
2750,4493,7322,3427,-9036,8099,-2898,-14261,-1541,5640,-11668,6769,-8846,10455,9132,12845,-1471,7076,-569,4482,-9031,-13862,36,14625,4417,1728,-1729,-7299,-2261,79,9235,8137,11325,7497,1375,-4219,367,1744,14013,5844,6225,-15537,-4022,-4789,15741,-10812,8140,1721,11708,1688,-14820,15734,-12653,-7722,7057,12370,5803,-2839,-15540
11811,-7268,4067,-12934,-9972,345,-8705,-11847,15398,-15749,-5137,-9302,15845,848,-3784,-7265,13302,12792,-7937,-14295,15845,-11474,-12277,-9891,-8987,14988,-399,3833,-9412,4484,-14209,-6329,9453,13221,-5489,11104,4855,2624,-10609,2236,-13572,-12456,2963,-13102,-12942,-12873,9024,8100,14208,8742,-13646,-13285,-8145,107,-11371,8150,3515,-12575,-6025
7839,-13316,1044,3089,4559,3695,-6546,10883,-5811,9857,-13413,-1224,-5520,-13790,-771,10924,-15549,-9263,-12527,-10950,5204,-1892,-15336,-10848,-2437,-11475,4404,11748,-15569,1160,-10187,-10664,736,6065,15041,8519,8861,-6595,10454,-2614,-2114,10171,11112,1739,-2008,-11059,11174,2279,-7432,-10736,13061,-6827,2777,-1558,13439,-7331,-7231,-3535,-6615
1264,-1331,6816,-9331,-6166,1758,-13460,499,-11780,14973,10904,14023,2617,-1999,-15130,6527,12610,-10567,-4378,34,5379,-10041,16371,-10746,3901,-16241,-5765,-2889,5113,13518,7666,-12584,10207,5441,-13305,7670,-6940,630,-10157,10290,12423,-14181,12897,-12163,2272,6438,-9196,-1118,-14630,-11065,-12004,-13202,16086,6822,-5687,-3368,2680,10405,14495
8745,1840,-8363,14708,-12711,4468,-12805,729,-6509,7466,1787,11290,13645,-15277,7453,14877,6181,-6546,10269,-6892,-12253,4050,-488,13903,-3037,3129,13712,-2943,10121,-2795,10280,16098,15833,-10876,3605,-8193,9898,-11045,-16021,16168,9826,-7203,12248,-9257,-10467,3629,1876,4262,-15627,-14238,-3827,1167,15142,10887,-14705,12196,10452,-5658,-8662
