40,
60,
-12663,-3425,-5001,15849,-1063,16023,5554,9605,6967,-27,122,2220,10914,12778,-3963,9560,4686,2833,-13946,-12359,-13075,14172,-14881,12443,-8148,10978,10523,-2311,5323,572,-2822,9927,4860,-14137,-5703,-12999,11722,-3638,334,1555,15303,-8839,1070,-9232,-12402,-16347,7718,13646,-6095,-10654,12824,7841,15258,-9531,4196,640,-891,-6722,-1665,-14035
4842,6676,-95,5403,2494,-2232,-2562,-11934,-2673,-12012,-3909,-9179,-783,4657,3683,-14402,-6384,3297,-2156,-11240,-9330,14066,2286,9604,-2486,-11539,4821,-10403,2145,-7428,-4536,562,-1416,7897,2337,14902,1615,4557,114,5253,-4713,-13515,120,6273,1537,8586,-5774,11278,9270,-16359,3016,-6414,1226,-9671,16210,6223,-9433,7725,-6866,10909
6440,-1080,-13483,13054,6807,-3942,-7451,-87,10898,14664,4013,-5524,10234,-5067,-7031,7893,-1224,-9753,9336,6535,12964,3634,14321,11516,14937,4774,-14806,-5530,-16163,14488,-3253,8483,-12160,-11431,-5735,4373,-13806,8878,12430,302,-11125,-6401,-8908,-1136,7138,-6169,-5732,-6971,3006,-8429,-11272,3922,11930,-3388,-353,14662,1411,13197,-8602,-8635
-13318,-5642,-11035,1256,2727,7360,-14545,7985,11746,7704,4393,-1493,-1068,3696,-13533,-10013,2297,-1968,4859,-8634,3301,-4224,5077,-1873,-49,14311,6173,-9374,-6441,4550,8029,-11784,-11911,12457,3892,4649,7014,6344,-15487,3079,-821,14071,-11442,-4025,16126,-1391,12741,-6728,-6051,6900,-10989,-15797,11138,-15483,15430,-2557,1802,-3066,542,-2303
-8624,11646,-4319,-13412,15598,1729,-16047,4321,6563,4178,-10225,1574,-2508,15466,11226,13663,-10333,-1812,13058,14230,14216,9063,1591,-10087,-2098,-14156,-4608,7489,-10063,12278,5849,-5108,-2099,10164,-4158,-5452,9795,16028,14547,4831,14854,-12869,5060,-3549,6691,-11152,-12974,2218,-13132,9025,-14141,-6661,11602,9175,-14906,9467,9200,-14444,13961,-12675
-7678,-14488,-7470,3078,15328,-15806,-2794,14134,3592,-1168,-6435,108,1627,7914,-1212,9771,4048,6082,1639,9504,7622,1591,-2767,13732,-6203,3607,124,14580,5543,463,47,-4087,-12780,-13939,2539,2971,14568,-10598,-7724,5985,14424,1062,7198,-10529,-15704,7963,2510,4778,15113,-15284,13267,-16238,-2427,-475,2417,10026,17,-11113,-10618,-4893
1823,-9431,-11069,4287,15406,-10260,6201,-15474,-5105,14704,-7360,-4973,4988,305,-456,-3736,-12321,12215,4453,-6391,-1314,-5905,7903,13675,-2069,-8248,9457,-15950,6,-3670,9792,9022,12449,2412,-4489,8821,-224,-6908,-8057,8499,574,3736,-5455,-10130,-6082,15899,-10461,12037,-9171,1253,-13274,6867,3749,-13674,4718,-11715,-4995,-1092,-3699,9947
-15370,11817,-9369,16383,-14320,-8398,12648,7767,11279,-1489,-1894,12622,-9832,-13469,-14310,-6009,-10451,8204,-11620,-14573,4147,-6174,-2917,-12694,-8544,-13870,-16236,6533,-12106,12168,-8927,2965,-8880,11552,-12011,-849,7497,-4627,-8012,2984,5947,4637,10303,9794,13521,-11073,3454,4859,-6307,-5624,1001,9882,-15162,-623,10974,9968,-13463,-12253,6857,-15248
-7571,12267,-9826,-9575,-7652,-6412,4410,-13344,-15139,-788,-8099,15309,-5436,11173,-9117,-7863,-13295,-5855,-8300,13577,15659,12372,-14379,-7674,-13310,401,8600,-9402,-13540,-1394,-12524,-752,4305,-6109,7659,809,-14200,-14685,-6294,10874,-447,-11267,1226,-14016,-4917,-1018,-6458,-14404,-1147,8388,6280,-11534,2845,-9087,-8647,-6291,3158,16256,14160,9705
8966,12717,-11530,-10885,-11500,-15529,-5752,-10675,-15944,-1744,11111,-10479,7059,3727,10860,-890,3920,12215,-2433,-8117,14608,4799,12299,-2449,-10000,-4164,-5848,4575,6632,-15743,7123,-1801,-5633,-14286,5234,-14500,-15856,-1919,13787,1262,-6006,1090,-14412,-13130,12228,14852,8717,-82,-7039,16269,6787,-10078,-5124,-5333,-15298,-16118,-16001,-3516,13073,-4480
-10496,5594,-5305,-2336,-7377,209,-6229,-4125,5405,-1034,-12864,-15419,215,-875,-2558,-6103,-15821,-206,-1418,8266,12334,-6161,-1851,-15634,447,-5710,5277,11647,-16012,-5244,3243,2818,6252,10550,4544,-15910,-14766,12171,-13429,1041,-8164,13590,-1704,-13507,-7527,1324,-54,3417,12320,-2406,-10467,3846,15393,4186,-8,-5920,11195,-3853,15090,-9952
6891,9093,-14292,15234,4945,-2113,-1917,-10555,-5837,-1835,-14900,14049,-6735,3369,-6100,-1035,-7121,11154,-5606,11131,-787,10899,1626,-13514,1968,6038,-10011,-7230,13050,2747,-15613,-1765,7390,9466,-6755,2204,6441,5043,6055,7571,-2023,6699,-9137,-15276,-9291,15111,14142,3116,-8472,7716,5304,10045,4644,-7366,-11432,10095,14980,3734,-6368,-9778
13495,-16229,-5678,7813,9950,1839,-2667,1863,13208,3642,-11989,8278,-10565,-2930,5484,9603,5574,-3187,-4470,-1544,-10764,-13486,14487,5037,-16281,4041,10835,10592,11631,11738,11442,8342,10193,-2582,-13447,13426,6412,-15774,1543,9862,858,-13057,-2668,9492,13480,-3295,14907,-8383,6663,11865,14859,8614,-3310,3656,2415,-13932,-8508,382,-13741,-8672
-3655,-5572,1354,-419,-13215,13497,-12415,1130,-14430,14802,-11839,11526,-8646,1986,11369,-3203,-3065,-5702,-1232,-9632,10748,8329,217,-939,9122,12533,-4088,4445,-8947,-12552,-13126,2823,-11302,-12277,-13550,-10436,-1002,1653,-15450,5412,-6221,5468,8098,7237,-5609,-7836,15184,-6417,5982,-4769,-7650,-7913,6538,-1557,8696,7398,10779,5851,-13047,-3328
-162,-14933,7421,1687,5265,13447,-3006,-9616,-10965,-10791,-5809,6717,648,9500,7295,-11621,3680,11496,2017,7563,1720,2859,-1785,3908,12498,-3866,-2597,-6562,3730,547,-15371,-11925,11150,-5700,3595,-8153,-6507,439,206,14155,2231,-6340,980,7958,10724,3430,3670,-4257,2270,3700,-13905,-2613,11798,3403,5644,11931,936,-675,15217,-6502
-2493,-5659,91,-12766,4057,14905,-11457,15797,-1237,-16022,-9379,5345,5112,-1937,3576,2006,-7822,-1688,609,2958,198,7252,13850,-14375,-8144,14440,-3102,-7754,-10250,12414,-6941,13818,10029,-4257,9049,-2630,-8666,-1293,15194,-12024,-11288,3811,6264,-7143,6269,496,-2,-11884,3301,-11602,-1825,-2185,3042,8392,-1588,9417,-14083,12501,-8518,-2870
-6800,-4400,-10216,-837,11707,-13890,-14815,-8321,-5607,-3799,-737,-8311,-3356,13493,15571,9626,-4276,-6682,-13383,9030,14146,3516,903,-11369,10530,16144,2662,9023,-15667,5541,-14957,5983,12807,-9541,4701,-4413,14887,14521,-14378,-3151,-15539,-12344,15559,4222,12123,-10376,-8035,-8921,10158,-11806,5908,-7848,10321,14900,4267,12895,-7888,-1376,-2164,-7458
15083,-8192,-2904,13300,13364,7890,11809,-12167,-481,1676,-12355,-10110,7471,-7462,16357,4672,2797,10305,4137,-10918,-1065,12674,-14049,-11797,1831,-4706,-7781,-8933,4460,13036,4713,10180,7075,13297,-8208,-14179,12880,-6764,13193,-14083,9574,12050,14198,-7023,-7162,6189,6465,-11051,-16207,6393,-12795,-1674,10251,-8004,15663,6207,11416,-2244,-4874,-5758
-12195,-5767,-5179,4954,-12080,295,4522,9076,-3777,-9373,11129,-11103,-517,11649,11974,5380,1342,6519,15765,-10450,-770,-510,4203,-13006,701,12524,-16181,5421,1830,5924,9474,3945,-63,13013,12056,12201,-2140,-3717,1474,-483,1392,-3235,-15665,-1955,6487,-5889,-478,10544,-2805,-946,-15218,2164,-8453,-3832,14779,-6846,12241,10269,-2457,10127
-6343,13823,-14151,12076,-11861,852,-559,-1536,-6025,-13728,12288,11098,5903,7060,-2089,13986,2286,13563,2568,-11128,-1531,13503,15779,-4590,15060,9105,227,6949,-8401,-13962,-11952,8714,12985,-10489,-10814,7364,-11575,-10815,-9930,-15481,5920,2751,-3222,-2860,-13164,1282,13210,15201,-10561,3977,14273,-11074,-5742,-4559,-13805,-2363,-11100,-15730,-8108,9390
5317,-3591,4003,-1571,-1745,-1585,-3211,-854,-11831,-10180,13052,5764,5733,11704,-7193,5749,14384,14283,14186,2510,2125,-14049,1340,6901,16207,-13953,8582,-15093,10006,-10885,-1692,-6744,-10381,12209,-13169,12583,14585,-8333,-14111,-5585,2792,-2877,4205,-11941,4722,-12637,-2463,15834,8077,-15015,-15830,9789,11743,-2991,13062,12996,-14380,-753,-10179,2800
-10894,9825,136,-12686,-2747,-7599,1394,-1960,12258,434,8227,15546,-16265,6957,4338,16162,13414,-10950,4880,-14845,-10117,15615,-817,-10930,-12355,-14128,9632,-1701,12088,-8339,14183,7190,-10687,14770,6527,-10609,11650,2456,12453,7192,13760,5205,-15698,1357,-4598,4601,-4553,10477,-10797,-5752,15498,-3681,-6543,-10083,1243,15105,10302,-11588,6110,-14512
7646,-12638,-11552,12760,10717,-12938,-11544,-8904,-1440,-3062,2303,5090,12984,3685,-2711,10737,-13275,-665,-9240,-9870,4291,-8652,-5796,4595,-11394,-3968,-15295,-1980,5497,12221,-3800,-13458,-1772,-4877,-15380,2921,1385,8794,12802,-7450,-7564,6378,-735,-5816,-8583,13448,8005,12688,13583,-14026,-15508,-14114,-16090,-6768,11041,-3899,2957,-12194,14645,10784
1494,-940,-14689,-7978,-9859,-7728,-1547,11511,-8453,-3555,12461,2078,11013,15350,-266,6647,-3834,4939,-1783,14050,689,8301,11257,11416,-2393,14018,-5977,4984,9380,-12234,-5955,6913,11069,2669,15148,3403,-2520,8298,-12263,4894,3882,2715,8750,-12318,-4210,-12376,7346,15079,-8331,-2445,15117,-15396,328,-715,5279,7715,-8134,-4653,5847,-1083
5920,2152,12003,9229,11577,-8895,9387,-12902,2410,-10013,-1067,9689,11864,-10499,-6344,-11641,-6995,1615,-3589,-1025,-4311,-8125,9890,6653,-2842,8746,-7527,5680,5495,1988,-14796,-718,-9753,5577,-427,-747,-7910,-13038,-12166,-5609,-10885,-8449,5508,-8199,10405,-7218,15280,-2137,-7339,14620,9363,2904,14109,14825,-12844,-4853,-15201,-7612,-9293,3424
448,-10142,1125,-9873,-10429,12563,8466,-5226,-16345,255,-11645,-10362,-645,-5447,-6908,12006,-8329,-13951,4188,387,7661,5802,-4972,-11222,-8304,-11675,-12066,-8497,15488,-14040,-9653,-8771,8737,1731,-15224,7027,-3388,1281,-12903,-7859,-2576,-15390,-1822,11858,-13776,1996,-13033,-1686,-6126,-3743,-7566,5641,7315,-7694,12831,1136,10531,7973,4377,-3506
-13981,-1954,11699,10676,-11024,12639,13386,10374,-9260,-281,14466,-15854,4284,-3178,-5791,9527,11228,-13168,-15564,-13877,1175,12733,-5225,-9320,7288,-1927,15107,4990,2686,9577,-11789,9627,12609,7997,-11600,-6545,-5682,12456,14584,3473,6445,-10717,-4652,-11492,9184,13004,14995,-11688,-4381,-14503,7534,-7922,-8819,-14466,-7099,-5156,5042,-12648,14524,5024
-7615,2362,9119,-5023,7048,-9723,-6175,-9767,7808,-15692,1038,9555,-6570,2256,-3449,-9156,14524,12731,-8479,-14777,-14647,8799,-13354,9057,5679,11127,-11380,-10403,-5515,87,14477,1803,8681,12059,-1877,4044,-5759,-8793,-14306,7605,-13657,-401,6932,3475,5148,10899,-1142,-3269,-6166,-872,-15149,-15498,-9020,12981,-10245,-2020,-11688,2460,10745,61
8209,9730,9661,-9033,15727,2827,-8615,7487,116,5,14395,3470,-10924,-16082,-160,-9375,5056,3,1539,-4073,-9772,11714,1302,-7214,-10425,-14004,-5902,11012,-7711,-13506,4910,7488,-13446,8511,-370,-6874,6663,641,10078,-2322,-9830,-1470,-10878,-15530,6207,-14203,-1901,-12569,2381,3699,-1042,11526,-15016,1853,12372,13400,-14202,-15182,-15884,-8419
-11693,9396,-1130,7436,-13367,-9340,1593,-919,12770,13667,-9670,-2441,-14551,8240,5689,14100,-9097,-9162,12993,-7212,-11989,-9959,-12823,-16117,9300,-3777,13029,14768,11090,-3695,12156,-6025,-13968,-11461,11761,8505,4706,-11556,-15264,-10191,-12113,324,-4818,11069,3978,7398,198,5580,-6675,479,11554,-6610,9550,1064,16031,12002,-13419,-388,-9459,-785
-4391,11465,2958,2181,8896,-7765,-5107,3530,14191,-11328,-8344,229,13904,859,-14775,10818,5952,-11747,-14364,2897,13234,-8707,-11556,-15584,-11096,12796,2398,16129,9689,14967,-10438,-3355,-10247,-4312,3680,8895,8794,12873,11146,-5654,-9851,2846,-10054,-6014,4417,2906,7596,921,-993,-15234,5909,12167,2488,-5327,-9112,-4263,2535,-2408,15855,-2056
12162,-4804,-12222,6818,-5129,1189,-12921,-10651,-10662,11760,10312,3690,14392,-15127,-5522,-14299,-16333,7574,-13110,12676,-14616,-2645,4160,11236,-12610,-3286,6529,-10214,-11847,5071,-3694,-3811,8233,-14902,6433,-15108,-2204,5819,3655,9162,7362,64,-15248,-3746,8535,-14631,15549,-334,-13743,-6389,-4587,7992,-2605,-10279,-14340,-10413,-524,3345,7812,-6968
-11804,12816,12003,9214,-13351,4844,7410,5668,5077,-2661,-2805,7117,7051,1736,5270,-12525,-8297,-3439,-11857,12154,13574,4277,11735,-14046,12900,-15817,-4111,8176,2585,-11969,-1073,14226,10882,15114,567,16138,-1370,5678,8615,-16281,1298,8879,-12678,5718,11373,4678,600,16227,15976,5889,2884,-41,-10410,7511,13823,-5793,10374,-14055,-3524,13106
1703,1547,15107,10622,-2790,-3397,-15911,-2364,5455,14350,-4165,-16124,-14681,-4825,-4344,-7637,15381,-6640,4380,14158,11398,-938,14641,15410,-7582,-11061,15604,9028,4610,9550,4968,673,-9775,2624,-5355,4783,6005,-3197,-1365,-4754,-16313,-4380,12434,5569,251,-13473,7620,-1883,4157,1000,-5482,-758,-2931,5658,-12871,7410,10688,-12696,-12250,-12623
-15153,-10343,-6219,-3242,-6323,-14544,-6629,-11292,808,1953,15782,-11459,10063,2051,-8899,3631,9339,-13290,2805,15412,-12697,12522,13045,-15754,14152,-11124,-898,96,7639,494,-4404,-6115,5785,-6124,-8963,13985,-15065,-1253,2919,-7589,-15719,9516,-13634,-2957,9918,-7844,13332,1919,3971,-15446,-13717,11140,14496,-5121,-2710,-3950,-6613,-10205,9969,-471
2207,-11021,-5471,-10104,13396,-3726,-11907,-14293,-16290,-16260,-3665,-7517,6464,14117,8242,2483,1776,-4618,7812,-15024,-11691,-14381,-6891,15203,14013,10987,1598,14254,-11567,-1047,15988,3368,6601,-11055,-10202,-6482,-2502,-11167,-2525,-3802,-5799,-12870,-14532,-2267,-655,-12315,10426,15129,-13804,-8962,1318,-57,10792,-2588,6408,13669,-5387,-9309,-3957,8868
6143,11134,14623,704,2144,-13063,-9395,-4686,16255,9150,3279,-6866,1105,-11848,-2256,-4828,7853,-12551,12624,-15323,15541,-7610,-10510,-2114,-12279,16349,10552,-6243,15950,-8980,-6042,-15160,-6400,-3347,7561,-7745,5938,11464,-9888,6790,8038,-15753,15,7312,-2582,-11738,3575,9999,13820,-1942,-11012,-13810,7697,14062,584,14835,-6241,-5277,5482,-15560
-6099,-11006,-14048,11938,-12613,-12526,-2787,8837,12153,9273,-9317,-5425,5703,-7994,-9965,-8252,-893,-14386,3149,3389,-8391,-9195,-14789,8252,9878,3225,1439,-4955,9550,4255,11320,3896,1072,-8400,14400,13082,-11190,-15914,13392,12006,-3643,9692,1949,12593,731,14328,-15021,7581,6852,7264,-8234,-14566,-15290,11216,-11032,15521,-4900,-8864,2392,-10175
1157,4051,-14241,-14527,-7368,-12229,-16029,2522,-15531,-9933,3419,5421,384,-5445,-9065,2923,744,-15294,3008,-9526,-11401,2875,14576,-2587,-2752,4202,2737,-8068,-7625,-14466,-3945,7579,2520,5768,11442,15581,7478,12866,-3051,-5553,-7975,14647,11844,-6534,-13024,-9349,15877,-1687,9121,-1278,9905,9104,-16382,1169,6859,-11814,14167,5088,-16232,10736
11763,-3125,-8153,4889,12955,14098,-10341,-15688,7886,10032,12428,7667,10369,2460,-13173,7845,14241,-4773,-14437,-7829,709,10748,12671,-10542,-4645,10086,2171,13643,-16157,-14782,-8307,2646,305,10991,6773,-5795,-10483,-8706,8756,-5132,-12278,10340,12106,-2110,13680,8448,-10683,10280,-13572,-9085,-3553,-15699,-11675,-7636,1834,-14595,-8108,8502,8267,-1233
