40,
61,
2136,9479,-8757,8502,13397,3695,-6093,-7884,-745,-8664,-316,-4472,-1331,4362,9608,-2107,4845,-12941,7625,-14266,-7924,-16251,7242,3784,-10402,-10067,14674,-2708,1172,-648,11550,872,7008,13477,10405,12435,604,-14895,-7070,10746,12118,12062,10668,8917,7124,-9629,4623,-10066,-6476,7762,-8687,4078,12196,-899,-14083,12363,-5204,-11759,-13761,-9694,-10838
-12537,14719,14266,-8245,1260,-4474,-205,11244,-2276,12753,-11067,10678,-12035,-5192,-7499,13798,-5991,-2411,765,424,2751,-4620,8815,4572,-12700,-9924,-9604,-1305,14236,15486,-9285,14359,-9955,-15179,9476,-1094,12776,15302,14902,9737,-9714,14214,12893,-9203,14891,7570,-9463,5297,-4746,-11965,-12906,7740,-12445,-14720,-10701,-4592,12553,-15788,199,-6432,-10629
5759,-8442,-7148,-15262,-15026,-8971,-15022,830,11315,5111,10661,-2452,7007,-5055,-4234,10371,4106,-11345,-2700,-9968,-3607,-10072,-10547,-3998,3693,-5689,-5830,11181,-14824,9757,14194,-791,2776,-7664,-12225,-14117,-7263,7765,-13144,-1530,-4281,-5247,-12711,356,8823,4434,-3675,-7457,-5734,-2062,4647,11031,16127,-12626,-5647,14416,-2785,15692,11592,-14022,-15172
-953,826,9516,10854,2646,-5595,-7128,15855,-8445,7822,-9752,-5976,-5075,-10017,-1091,12129,-10345,-8656,-6943,-13919,14483,3593,-13265,-3904,-14816,-9538,-6107,9581,4630,9784,5086,7606,-1934,-9450,-10275,15146,15739,5766,13815,15902,4254,-9163,-6516,-14129,-601,-9113,15471,2094,-14653,-1086,-11773,14005,-1576,11940,201,-3896,-10037,-5674,11604,-11441,10868
-3556,-1356,6619,-13496,-7363,2996,11100,8526,-1430,16159,-668,2608,-11225,13880,-9608,-13944,-7521,9904,13007,40,12040,-2411,-1391,1416,-1494,-15443,-7796,4282,2008,-6468,5988,2042,-1672,7201,-1310,-7999,6251,-5979,8689,7873,-12088,14990,7625,-2878,-14348,13198,3980,3667,11347,-11078,-7973,12943,4559,212,-15824,7788,9006,738,10322,-1177,8754
-1117,102,3724,-3519,-10773,12137,-7977,13059,-11842,-12373,-12441,15932,5872,-15650,-6264,-11161,9801,-11304,-5016,3314,-10244,-14922,2836,9363,6610,9278,-9669,-14382,-4219,-9329,-12797,-314,-12555,8543,-10518,3943,-691,9283,-2240,1143,-2638,-14497,-3932,5351,-15865,14930,-9964,8835,2375,1061,1216,10450,-14530,6818,-1736,13525,646,2453,-9242,13365,-7798
5626,6880,15075,-1721,-1257,132,-11313,-1612,-4912,-15354,-7406,3258,-8764,12193,-13452,-1664,9619,8932,-1657,-10659,-3752,11100,-66,-11428,5938,14690,5916,6912,4806,-10958,2264,-1628,-10432,-5506,-10606,-187,-11768,-5805,-15993,622,-6425,4787,-5059,1795,-14706,-736,12926,-10703,-5108,-8150,9223,3234,-12852,1889,16064,9342,9759,13655,-9034,8926,-8849
161,-15474,6766,2290,7686,-5061,-3863,6295,-13524,5767,-3407,14338,-10484,-14745,-10360,3069,-4150,5895,3262,2685,-5497,-16163,-13403,7317,-4926,10479,-8095,-14652,-8721,-4256,-7491,16365,-10331,-3859,14473,4962,-13376,-108,12728,7005,-5922,5365,-11270,10679,3261,-14927,-12904,2190,8251,-1113,1524,-13834,13021,-14697,-11995,8141,12172,-7037,15716,15005,-6206
-11842,-2407,10168,2117,-7144,12780,-7151,-4580,-11113,-6794,-1718,12300,-8945,-10193,-13326,-4642,-3901,-5919,-4452,15620,14006,-11870,9301,6938,10141,4989,-11198,-1051,-2500,14231,-3298,415,-9912,-8410,13057,1358,855,13862,-14293,-870,16337,6898,-2498,-12297,-9251,-4214,-13333,12109,-12339,-4690,3329,5290,-3403,10615,11950,-4705,-13638,-15936,-5735,12805,-15036
-13961,-6696,12976,1263,-12070,-6552,7575,-2613,11798,7713,-2365,-5808,-14374,6500,-16009,15743,-13002,-7799,12658,4255,-1482,16038,-9705,386,-12012,-15770,3185,7535,-13975,-12201,-9892,-273,-12862,15579,3622,-8382,13829,-2539,10911,10601,456,15995,-11750,3002,10480,4432,-7235,-6978,-14644,-4829,-39,-10712,12683,1089,3123,-15802,-2352,-14657,-1387,8512,14060
9504,11770,-6428,-13525,-14956,-4800,-200,-82,-7844,15330,-12897,-15367,-1490,10008,-6126,-4165,-15696,-1409,6633,-3413,13850,-10049,8775,15729,16334,13618,-11376,-5461,-15713,14250,-5359,528,-8104,-614,-5611,-11650,12685,7818,16159,-6401,-14669,3292,9826,-9988,-8459,2887,9224,-8986,-1916,5848,12236,-8938,6019,-5913,2651,7130,1236,-6409,-14929,9299,8465
12325,10220,-3304,8621,10342,15045,-13122,4080,13400,-15719,3147,-5146,14798,-8957,15934,-14566,-9649,-15862,6632,15838,2158,-8625,-5920,10451,5235,-10031,-10040,3925,-4655,1323,13090,-5481,14966,606,10865,11811,-12592,13095,7825,3897,-7776,4641,-254,7811,10682,-12494,6979,13097,6072,5489,-2794,-5573,10786,-1854,-4757,-5286,-11763,7334,-14973,-4452,1073
-1756,-2430,11636,-321,-4927,-14864,1874,-3954,15374,9141,185,-16272,-13286,4329,5080,3035,11354,5578,-2035,2672,10370,-16041,-1985,-8885,12569,11570,-3037,7356,-5934,2095,5121,-13677,-4722,713,-14154,-4282,-15650,-7153,-3901,4150,14166,-6277,13355,-10558,9122,10633,-13931,12027,-16206,13435,-7579,-12233,9965,2518,10361,2675,-11391,2953,14840,5729,10513
-1200,7427,8557,-8901,14491,-15142,8328,14399,9709,-6387,-14786,-9804,-1820,11684,-12713,10145,-1400,-4063,47,-9933,6753,-14704,4841,-11093,8845,9651,1411,-12417,3789,3360,3200,-3190,-8234,12942,-10048,-4026,-8220,13685,-80,-5099,-14495,10493,15860,16254,10997,14989,-9792,4216,11792,-6452,-11920,-5181,5572,-15464,9942,-2527,14583,9349,416,4694,11356
4719,34,8236,804,-1871,1132,4786,-9512,-3241,15230,-15794,-3559,14650,-2806,8699,9810,5130,3088,12856,-7307,-1953,-2079,5665,7054,-13324,-10114,12075,5998,6824,-12349,-7001,-2439,-12855,15836,7119,-1217,-7253,13975,-10635,-8836,-13146,4577,3119,9042,-13549,6101,-2601,-8243,-10979,-13273,-1462,-8361,15750,9536,-12097,4106,-351,-1882,16251,7244,13897
15022,-10463,1413,8628,3491,2467,-2377,-7138,-15088,-4058,10880,-1960,-11529,-13169,9996,-4565,-14908,12517,-10424,474,1598,-14886,-7367,909,-2339,7419,8355,9729,-1785,5473,-3492,-5567,4758,6969,-530,1177,9324,768,-3223,-14017,2261,15426,-8983,5145,-7006,13552,-5092,4334,16219,12847,-612,-5068,7186,-9239,-7771,5320,-12048,7360,-15814,-6903,-3600
6888,-13105,6595,10872,4154,15279,-11860,-11392,14804,-1783,14824,68,-10807,-14758,7861,-8330,13384,-12081,8804,6206,1177,13660,2109,-10603,14046,3193,-12036,5119,13161,10808,6589,3203,13902,14976,-2055,-2928,531,429,-3966,-14592,10844,15898,5820,-2147,-12793,-3935,-15664,-14993,-11040,1603,-4674,5600,-3850,6801,-1443,-9924,-15208,15234,6270,-13393,5053
-15627,-12118,10031,-12294,4022,-9208,-11108,12094,-6789,12472,-836,2136,9850,-6394,3576,5187,-1264,6884,-8557,-2071,10450,-12399,787,-15858,-3996,8189,6153,-14266,13629,11684,-13099,11312,-7495,-12859,6119,5351,13237,-3745,-8926,-11486,9483,14426,-4630,-5833,-6159,-11723,2788,-9791,-11440,2858,-6140,-12857,6653,91,-15301,-4169,9708,-3479,2554,-14722,15565
4458,10425,-9282,749,-10541,-1023,524,15736,-2223,-7254,-2967,5165,-10251,-9422,105,13322,-15054,13227,-124,10023,-6579,8784,1214,11425,-1687,-14028,-14784,-6845,-4314,27,-15143,-9446,-5950,-6467,-10429,-15825,2540,12327,-13082,-2073,-12637,6400,5443,14917,-13991,-3700,2958,4136,3788,16318,-13345,-2453,-7277,10567,13434,-1219,-15632,-5044,-13779,-12782,-7883
7635,-134,-3097,5698,6370,2047,-14085,6490,-15843,-14259,-2291,-15288,6973,7107,6123,4217,-5538,8075,10519,3970,7372,-11399,11215,-3278,13414,-4491,14885,16038,-12143,11485,11076,-10706,-14867,11993,8955,-592,-1708,-2241,8838,-4438,9570,1067,3566,-15300,1463,4232,16315,-1569,6055,8410,10811,-14062,11317,14713,11175,8470,3126,-496,6972,-6791,-7881
-12797,6698,-278,8711,-12049,-16077,-15007,-15396,-7475,-10554,11729,-3674,7964,-13538,-8129,4922,7501,5404,-14792,-10,-14067,-6458,-12802,13713,368,15129,-7228,15956,-15850,8070,461,8307,15288,6139,-10658,5782,8389,-12261,-986,-6447,8390,2102,223,-310,-4129,-7903,8321,-5952,1644,3690,-13141,-12477,96,-368,-3960,-5079,-2567,1714,1032,-5532,15592
-3602,9859,15976,-2291,-10150,-1081,1191,-12511,-9221,10983,-2410,13508,-4504,-13068,8742,13353,-7092,5417,4168,-13542,-629,-3746,7645,-9084,8429,3208,9174,11789,15535,-14853,-9041,16315,-11152,-8219,1356,1086,-14216,4541,-8586,-11294,-7741,4525,-11017,-452,-9495,-7634,13675,-3436,-15717,5133,14726,-5962,-12564,-16253,8111,1664,7398,13547,8536,3831,15901
-8187,14013,3937,2457,-5089,11629,6445,9827,-5037,6894,-6408,-625,10816,5492,13823,-15216,7328,11951,-9481,-2183,-5421,15954,-2138,-2087,16181,-3948,-13150,-7598,-3821,3181,3234,15274,-9912,377,-3830,2614,12439,937,3459,-9109,13231,-3100,-16306,13301,-2537,-8383,1102,-1142,4983,14246,-5195,-602,-2910,12892,6482,6429,11079,6269,13268,3537,-6397
-9441,-13585,-405,-1855,8887,-2153,12994,8213,15675,-14437,1925,6322,-15334,-13006,424,6221,-9934,11948,4406,15922,14218,8769,-10530,-193,-6482,-3825,-11104,16000,10879,-10533,11138,-9431,-12087,14810,-8538,-10471,7681,5290,6103,-7469,-4065,-9058,-13060,7730,-15280,-16007,-11062,-1110,9836,-14293,-7566,1538,11651,-14129,2365,-10049,-15188,14266,-1953,-6818,-12530
4591,-11264,7155,14440,-3518,4784,-13627,-15368,-13954,-5506,-3093,12904,3237,-705,-2354,14036,-788,15989,-5445,-3828,8014,9181,-15588,15183,89,10434,-13020,-12548,-7560,6586,-8459,9558,12078,-14620,6009,-11439,-6042,-11798,-15461,13785,-910,3554,12779,-420,3004,-14296,-1243,5095,-3699,12492,-2885,-398,11731,-10419,-15927,-12632,14400,-13941,7750,-5598,-12115
-3759,-6765,4661,10093,9932,2551,8758,-402,-10287,-11175,-6037,-14328,-891,-640,7743,-121,-13861,8061,12952,-7179,-10682,-7640,7509,134,11740,4773,-9053,-16086,9388,-7255,-10906,-3958,-3212,11896,2041,-11498,2828,14119,-11181,4867,-1363,-11253,5928,1006,-5578,-13644,14255,15170,-9725,-12059,-13448,-2774,-10141,13736,6585,10782,-2082,-9862,-10594,-7303,-270
10033,-3805,44,7012,2742,7630,13565,-13462,-718,-15864,4943,-2144,5871,1521,-10468,-8398,6490,-8138,-8218,-4994,4434,-8611,2117,-10178,9764,-957,956,801,-16204,13427,13297,-11451,8912,-7741,5330,-14388,-5528,13533,4044,-8840,-14149,15620,15337,14759,-12089,2116,-3139,-7557,-4363,-1485,4959,13930,-11186,9931,7819,6789,-2693,-9335,-1227,12593,-4113
-1589,-10870,8116,9880,-15710,5571,5200,-561,-4493,2494,-8610,-13860,-8800,9491,-9429,11985,-9166,-12760,1327,9832,-4462,-2622,-247,4122,2167,2342,-1833,-12587,-8327,-14494,-7482,3597,-5458,3599,-13017,4681,-4905,-256,11042,15114,-7349,6031,-2192,-14384,-5582,-13371,-14183,8682,-1344,16143,-11898,-1496,-15777,12797,-12514,11038,11098,-6331,-8801,-6331,11694
-15080,-5186,102,4408,-5393,-12247,1603,5884,-13709,5034,-5457,-553,8088,11886,10659,-5755,-3349,-2138,-3436,15515,-11800,-11785,-3942,-1995,-13260,-13388,-10233,9116,13339,7654,12160,16245,-7638,11562,-6387,-3158,-8007,-5067,400,-6182,4524,237,9213,-663,-12862,-13966,13402,-1721,6408,8976,14123,-12213,-10993,-14266,-6671,10788,-4450,-15117,10357,-8312,11627
-15426,-7953,-5754,-15495,13580,4638,11967,-13614,798,-2442,5455,-15187,-460,-12328,-12244,-11324,10331,14254,-6321,-13976,12936,-6841,-1465,15493,-450,-657,-2240,-6475,15006,-14881,7183,-7217,3744,-1695,11163,2968,2796,-9186,8335,-11065,-14501,2515,-10712,8164,11056,10798,3357,-14106,16116,1033,-11028,7419,40,1723,-10245,-726,12550,-4603,-10601,11317,3886
-10353,-5040,14030,633,-15173,-15662,13510,1177,-15216,4925,-420,14562,-5234,11086,1910,5693,-11377,5432,-8462,-14165,11670,-14121,6257,7099,-9667,-9865,-3697,-11080,-5412,-1523,-11304,-544,16001,-13529,-6211,2406,-9617,-5142,-15682,12909,-10806,9739,4064,14188,1475,5116,-3047,1058,7545,-4999,-8720,-1790,-11837,13114,2110,-918,-1533,-15321,-14585,3635,12954
-991,-15496,-8962,3325,13533,-9942,10386,-12060,-270,222,-16018,1734,5808,15555,9578,-13728,-13670,14949,1149,4206,3376,3505,12668,11315,15523,12804,5093,-8715,-6968,-5760,-12935,7476,6755,12570,-6656,678,10994,16120,-9973,-10654,11196,7779,-3832,6491,3986,2183,10931,11850,-7353,4626,-10598,-1684,953,-9793,-9776,12945,15254,-7611,-135,10450,-10494
2841,4993,-8807,-11634,-12563,394,755,5579,16354,-44,-128,595,-381,9055,556,5161,-368,-1307,-12995,-11183,-6949,-16104,-2027,7583,1467,14159,597,-5223,-5875,4828,-1759,-12729,2713,14183,8989,13482,723,-12128,1259,11607,3045,-12582,15852,9522,13957,7431,8629,12551,5695,-9571,15024,-13296,6096,-14374,13734,-2315,-13259,6754,1973,-6979,5386
12147,2702,-15695,-5296,10828,12754,10069,9036,11684,13418,-4963,12463,3057,-2628,-13264,-13194,5724,-13168,-1968,15373,-7864,-66,-5711,13815,13177,13412,-11200,6057,12588,10530,-5708,-4730,-4578,-16184,-4136,10563,-13447,-13479,9210,13497,8119,-3513,-11399,2901,14578,-10328,13949,4601,-5485,14515,-14537,-14794,-2307,13400,-3695,12346,5050,-9120,1682,-12888,9482
-1421,237,6997,11853,13824,12386,-7625,-2583,-10387,6681,-12099,-1770,-5797,9430,13922,-13382,-3204,13085,-2810,7416,8526,-1787,8553,13808,5897,-15968,13547,5689,-2755,-16037,9012,5850,14884,-5482,-7620,15908,5598,1419,-6385,-11007,637,-16275,4202,-8576,-1171,7815,6814,-4819,-5020,-9711,1935,6168,16331,1116,11121,-4239,-10424,9719,-9078,-12898,6394
7245,-1003,2974,-973,-13967,-8027,-11472,-6068,15365,13128,13031,-12570,-12160,-6922,12807,14110,3494,-4858,-3251,3297,-7173,-15900,-14288,10334,2525,442,-11883,-9953,-8164,7212,-72,-1630,-15812,-9256,4596,8055,1542,-4494,-10737,-14050,4681,-15974,9670,12742,9403,13457,974,9807,1454,-11345,-13539,12541,-440,9943,-6436,-6982,-5930,9437,1271,15750,7071
-10347,-15932,-5046,-16281,7141,11779,2634,-15803,14699,4188,-2297,14017,8394,5156,5992,-3251,7462,-1482,-14903,1380,14919,-844,592,13119,15397,5357,9629,10476,-5654,-1031,-2147,15447,-9444,2150,-15302,6235,-14961,10869,16160,-13639,4560,-12770,-2605,-10693,4222,12440,8652,-10388,-12474,-6216,8954,10729,-5332,-2447,-8679,4548,12850,-5490,-10186,411,15789
30,8682,-6123,750,13779,3009,10994,-11528,-4994,10982,9554,-2120,13212,14544,-11282,7188,15639,-635,-2508,11938,-2990,10163,16169,6507,12974,9454,-957,-4089,13536,7785,-5100,-6269,9353,-6217,4491,1434,9249,-13814,14881,12226,-12201,-4230,7028,-12538,383,2568,4721,3936,-13874,-15783,13368,11674,-10414,-15555,13410,-9854,12642,2833,-8018,-417,-11063
-10760,-2366,13184,4607,-12646,-13820,13797,14073,-6309,-5017,13196,-4569,1928,-7444,-15100,-12220,-3917,-7176,3668,2396,-5263,10950,4916,9765,6030,-11643,-8656,-994,3944,-8852,10946,8596,-15891,-2100,-10109,-6195,7632,1042,5242,13797,15093,2123,-11637,-2853,6836,2572,-2743,2065,-4320,2910,11543,11478,-10515,9444,-9655,15974,-79,7402,3410,-6867,15315
5553,2072,-14642,-12974,2405,3135,-5083,-14796,-13574,10434,13388,15726,-7953,-10561,3748,3404,-11072,-9540,-12042,8752,-1177,3733,-13515,213,6643,-5149,-10835,9301,8660,14883,9384,1155,-1076,514,9563,-6650,-6267,7393,-13884,-7864,4678,4694,11942,-953,2307,6036,15178,-9747,-12269,-9513,8539,-14950,-15268,13869,10130,-15942,5935,-10165,7144,-7788,-1120
