40,
62,
-3664,7137,4422,-1202,2012,-4491,5346,-1920,-3622,-4626,1986,15937,-9116,-234,-5129,2610,-13497,7853,-15936,-1478,-6995,-5444,-9586,6522,-3293,-2224,3509,14454,6506,-10773,4994,14063,-6872,7616,1797,-12878,9622,-6657,3850,-12725,4147,-14643,8852,447,6377,-15172,1123,-10091,5239,-11619,9790,2782,-14366,7041,-1069,-11698,-7595,-860,-10531,-15697,-10316,-7749
-1068,1473,5059,-13229,-13977,-4981,-7467,-5444,13850,-10798,5815,3686,7867,-8675,9568,15173,7717,-3625,-15296,6228,1864,-14338,-3991,-15188,-11057,15806,473,7568,12223,1357,-2505,-3821,-4349,9200,-11487,6170,16324,15085,-3379,-13422,-14241,14969,15876,-4637,-13311,16377,-5709,14897,15381,740,8686,-8821,15206,-3887,7090,7411,-7219,3140,6520,-2252,-4384,4923
-43,14173,11615,2450,11783,10314,-11944,15690,-15403,8087,-8430,5400,9239,-14692,5889,12659,-10057,10970,4511,12382,-10763,15374,5853,-1498,5059,-12545,3987,-15199,2449,-11189,-1674,1454,11532,14333,6444,-7592,-15184,-469,12130,11948,6036,-6450,-14007,11966,418,4477,-2889,3445,-12200,8707,-11855,4190,-12531,-15674,-15066,9365,-3040,-12271,-292,3885,-11761,-14019
13086,-14043,3672,7115,2959,12772,-15759,-8139,5809,10784,313,-16290,-16370,-13436,12174,-3440,13318,-15172,-1944,-16380,3939,6221,13193,10913,-3016,-234,-13685,-9307,2732,-7217,8325,-8542,15536,13649,14393,6769,-11162,-3223,-16107,14111,-14608,3383,-9754,-2434,4623,4383,-3132,-14682,21,9704,-962,-14407,5443,9679,10104,-1933,15016,-11322,-9136,-12446,7732,-14225
-11935,5949,-1440,12216,14222,11220,15658,-9154,13461,349,-1298,2067,1550,-5405,11840,16267,14116,6428,-5226,13545,9350,-16106,2036,-1845,-12129,-6372,10348,9862,744,15134,-1932,-14211,-2351,3915,-11101,-10290,-1496,7466,-1784,-10458,-12704,-5547,14538,14658,3026,-12811,3635,6262,11785,8212,-6794,251,14878,665,-11033,-9406,8059,4475,-5848,5939,-543,11137
7735,8740,-10126,-5198,-9174,13578,2697,5652,-9312,-7401,-8509,14718,-14247,3737,10732,7356,-4367,750,13632,-4842,4236,9841,3432,2965,12519,-12298,-5057,-6569,9585,3709,5409,6729,11253,12315,371,-3054,5888,-1153,-13305,14894,2495,-10960,13291,-5429,7879,-7634,10938,-8872,14206,2179,5215,14049,13608,-12349,-7917,6689,11177,-11677,-9652,1954,-7133,6573
-3016,-1900,3700,9955,-10089,-3343,-845,14310,12414,-5251,8380,-8351,12270,6955,-4562,-7879,-10518,884,8495,-2156,2300,8284,-12706,-16270,-8539,-4116,12070,-6230,4466,5796,-7684,14710,-5485,6270,-8257,-13336,-6996,15566,-14144,-1986,10889,706,-12798,13055,-14011,8249,-14797,15578,990,-11785,-3637,11061,330,-2411,4849,-12430,11243,13229,1786,-5059,-8163,-2002
-5804,323,10536,-11177,289,-1163,631,15816,-10749,-14663,-3254,-4496,-16337,15264,-15014,-7092,1777,11237,2026,-8550,-14620,-1487,-2198,7459,-8020,8997,14313,-518,-4232,636,1973,-13429,3950,-11388,16066,-1383,7661,6730,-12437,-10421,-10351,-11049,-12873,-3242,-2414,-13545,16044,-4609,-142,-11322,-13673,-13593,-5826,-13553,14764,-13940,-10166,-13858,43,-10146,-1881,-8992
-6460,12958,5590,4488,-8403,-11586,11634,-314,-10275,-16380,8347,2010,-8294,-12731,3645,15183,6070,1400,-5571,8370,-1088,-7631,-2739,-7385,-2642,15124,7170,15714,-13454,-2270,11810,2057,-13199,-1810,6353,3065,-13752,1798,1698,-11848,-3534,-4139,1177,10773,15566,-13667,-4497,8829,920,-12386,3290,5554,9759,13053,-4142,3640,-6763,4800,-9476,-14561,7477,-5632
-1485,8620,-4458,13546,-12570,13939,13489,12637,4956,-14413,8389,-13120,-13717,1201,-9981,11778,-2246,-16024,-1446,5742,3022,-9150,15160,8932,253,12064,-11995,11958,1585,15049,-14106,-12036,-13757,-6434,15405,9133,3244,14529,-4460,1278,13007,10826,10507,-11015,-1721,3347,-16320,1215,3166,-12441,-16197,11992,-7940,4617,-2829,-13033,1027,-12635,-1780,-8318,12527,996
-14933,15045,-10816,10057,2582,2563,11054,12480,-12520,3761,-7948,3869,10050,-10938,-8661,15056,-1531,12780,-6290,-14283,-540,-1973,-657,-11786,-9737,10376,-10792,-14513,-10456,640,8054,-14096,-1586,12157,114,2040,-5077,-15419,9075,11167,-13939,8471,-14428,-13249,8327,-10797,-9548,-13692,5679,10476,6698,7308,5033,14343,12460,-6655,11235,11522,16261,-1781,3399,7684
-2519,-9606,-6775,-12318,-9941,4829,-9436,186,-121,-5098,5089,-1955,-7431,12978,1316,-5316,5544,9013,15443,-7972,176,1124,5792,-14478,-6743,13721,13941,4650,-7142,13665,-5636,5526,800,5682,-4365,-6385,-8209,11789,-10859,-2672,9646,8091,-13456,-664,10987,7067,15674,-2277,-10417,-8217,13351,14021,14835,-10338,4200,3456,6991,8486,4399,-3526,15200,-5993
3101,10445,1143,6770,-3611,-16199,9331,-14773,-8047,15749,-8425,12512,10046,14002,-13464,-10180,14791,4379,-2141,15195,15568,-2042,14697,-5980,-8459,7508,-13355,-8727,-5999,-11662,588,15441,10678,-8494,8090,-2456,-2597,-6555,-15276,-11061,14936,15992,1089,1612,-7858,13529,3389,-1355,-13430,11020,-7312,9941,15161,-7864,5936,15324,11933,3554,-5686,13040,8654,6975
8314,10257,-9117,-6538,8193,1115,-13372,7296,-5243,14978,8362,-10147,4981,-14173,2846,10192,7238,6348,-13805,-6359,-3018,-2548,-12859,5725,3974,-6745,12232,15603,-12211,-5283,-5351,1342,-3219,-13216,2628,-11303,7017,-13399,5829,16106,15066,13528,14452,8452,-2172,15806,712,-10072,-5191,1465,-2299,-8703,-10950,9956,2438,12694,-15119,1212,-15545,-7306,11082,-12855
10636,836,-14622,-8004,13965,-15047,-106,4139,15234,-15288,7849,13712,-13795,13727,7573,-261,-708,14555,727,-12177,60,-9605,5112,-2401,844,13618,-12958,-11803,-9750,-1982,8549,-10000,-12172,13846,-12851,12890,10808,774,-4889,9805,1459,10051,-8517,14825,12246,-12763,-9413,-7118,-10967,15285,16314,15758,-2433,-2806,10824,7257,3351,15375,-3222,2386,-8124,314
-5803,2641,9555,-13913,-8278,-11549,6270,-9210,-2289,-9413,-13442,11078,-16186,-14366,1281,763,468,-4516,-12455,-15985,1312,14617,-9008,8842,-2330,15999,851,13746,13638,1094,-3297,-2333,8124,12818,2150,-9545,-1621,12180,3600,1708,-7223,6446,-7686,-7660,-11148,-541,7810,-7401,-7939,-8975,-15721,7688,4467,-8133,13103,15083,-6139,-8525,8876,14532,-16065,-2959
5695,-12500,4574,-3117,7933,-11906,-5934,7023,1622,-6367,6362,-8437,-15542,-893,-1818,-16383,-6257,8834,-13888,9846,-6082,3391,1858,15511,-15775,-4948,2607,-11290,5463,-13769,14178,-9432,-5458,15168,-10912,-7675,-2172,-9157,7955,-7045,13097,9267,-8725,16064,7688,349,-15794,-3617,14958,-11916,-10052,-5622,7663,12060,-12741,-3361,-5557,16321,-8325,-8023,-9472,-16315
-13210,5275,14846,6697,-14866,-8560,771,6442,2547,1207,-11833,15024,-13700,-3851,-8934,-13549,9444,-15870,2091,5552,7074,2896,-936,15802,-2633,11558,2454,-13706,-13898,4699,3064,2166,-3583,870,-4387,-14684,1186,5164,7799,717,10648,12870,3092,-7410,6547,-12533,11046,3675,-12458,2684,-16081,-14824,16139,11679,-1721,7121,2638,-7556,4368,9510,16061,-12206
8257,-409,-2634,-5396,7971,8830,-10673,14225,-2600,-210,-5797,13777,8305,-12680,-1990,-4276,-9491,-8957,12284,12391,5734,-14791,10693,1220,15723,14918,12897,-5408,-7383,-5222,-14292,1800,-2016,-5979,-2284,8665,9889,-11373,8313,-15584,-9464,16286,-8341,11195,-5689,-2850,2405,6313,-8860,8323,-9191,-5333,-15341,13427,-14090,-5260,-3472,2560,-8180,6569,509,-9495
15702,10681,-793,-2954,14578,-2898,15401,9615,9925,10097,15102,-14018,-10583,-11019,-8372,-13682,6706,9197,-8686,15454,-202,11726,-2814,10933,7006,13081,-580,8351,-5177,-12483,6593,-14247,8634,14293,-7375,5471,-6174,3230,10168,2871,-16283,-4271,6985,6420,13136,3402,-6232,-16161,-9040,6063,-10569,-3393,-15632,-112,5987,-11276,1969,-3940,-6553,-12436,13804,-8402
4638,-9876,3090,-6191,13798,1664,6483,2838,8543,-11363,-14032,-16261,-14010,-2266,11318,-4573,638,-2652,13616,16154,15050,-5435,10484,-4491,4605,-2335,-1780,-5944,-3406,-2842,-6229,-8104,11671,-8130,-11449,-11608,-4758,2493,11005,-15400,-7966,-1344,6937,-5737,-324,11624,-11632,-11790,-13885,4323,3399,1984,7625,-4346,13191,-8924,-13383,-10591,14854,-9735,-6250,-3279
-5698,4615,-9069,1540,-10361,-11925,12617,-1340,-11110,10244,5389,-124,2832,15717,3107,15969,-14571,10910,14446,5969,10482,2606,-13023,3368,14530,13646,-8572,-3660,16002,7221,13152,11286,-12123,-16138,9510,-8952,-2110,16060,6277,6638,-16245,-8804,3339,-14427,-7568,-6753,9411,-2872,-11643,6271,12770,-11818,12389,3822,7198,-5210,-12632,16299,15740,-8575,-10658,7829
1937,3667,14962,-5944,-7559,-15491,855,14915,-11207,16020,-9306,-8100,-977,-6883,4463,2047,14489,953,11373,-6535,1792,-10653,-5074,2075,-871,5278,1246,-9468,-9380,-8884,-2838,-2124,11968,125,977,-9011,-3649,278,-16207,-261,4086,9177,-14665,5744,649,-9472,-14384,-1807,3718,-12128,13399,2950,-2042,6422,-12477,12469,13893,11487,-9255,-13890,-13591,-9586
2906,15721,13379,1885,16010,10221,14295,-14960,-12144,6247,-6219,6232,2490,4193,8221,4675,-6065,-596,3343,7147,-8780,12987,263,-12038,14677,-13955,8852,2323,-36,-15627,-10354,9375,6208,-11939,5163,3284,1181,12519,-1969,-11088,-14435,-3761,-5032,-1138,-841,9789,-9245,-9752,-5359,6341,-2454,665,-10638,9212,-3993,15000,9276,12399,14161,-6830,11552,-10034
9312,-8435,13326,-11291,13541,-2923,9368,-12146,6568,12655,16174,-8388,11519,3169,-1188,16161,1375,-3689,-7593,4385,-39,-4081,-14429,-8328,10903,-622,-8323,-4827,-7172,1929,-1984,7922,-800,15043,15107,6256,-8287,7436,-2843,-12086,-5760,-13192,-14457,-5072,9005,16282,-5160,7990,-1692,-9176,1549,14945,9884,2842,-13389,-12893,-5350,-15956,-11280,-769,7606,-7435
16028,15187,10951,-10204,-1987,13391,6385,-13746,13996,14699,4144,14317,7185,-5669,1774,-8493,-4713,5494,-9304,13550,-11359,-16304,9753,11081,13585,-12135,15211,11854,-9885,-10247,462,-5906,-12447,16359,12705,15872,-12779,14580,-4301,-2093,2987,-13436,11127,-5694,8844,-4309,-11402,16048,1214,12622,-5394,-592,2261,7071,-8164,-14482,-6570,-391,988,-12883,-6621,-12048
13944,-3878,-9451,6256,-15015,-13234,3894,-4513,-8477,-11761,14333,6131,9575,-9891,14173,12916,7682,-6888,-13493,-5540,1305,4595,14701,4395,-2387,13254,1032,-5375,-8648,-4053,-3437,-3011,-12676,7310,-2901,-3296,13816,5978,-4643,8665,2020,-6210,-7497,7244,11364,12820,10569,14425,-13925,12006,-11379,10711,15379,-8374,-14228,10303,12901,-13163,-14623,9037,821,-5204
-12034,14418,-1977,-15150,-1371,-16188,-1426,10701,5027,-2032,16253,307,9985,9611,9762,-1391,16038,-13717,11998,-9851,-4761,632,1684,-11319,4813,15219,-13412,15875,8032,10474,-2206,3987,-5820,-14969,-3251,7959,-4096,-3004,-3078,-1369,10393,6243,1316,-1759,-13163,-15700,-1684,7809,-1006,-14971,996,13085,-501,-13351,-8830,-12083,9739,-2297,-7547,347,-6611,4865
-1028,10997,9405,15264,-5807,8298,-6668,-6555,14594,-3577,-4953,11980,5411,5031,488,6717,529,4091,-4386,12224,12306,-15244,6088,-14460,5887,14911,-12548,-13413,-573,-6357,2002,16029,963,14321,7950,-14600,6858,15622,7719,3218,10938,-1124,10540,-11178,14361,-4596,12821,-3669,-1954,14019,11409,-12291,-6768,11590,7876,10815,-10469,1181,-10394,-10682,2062,-14197
2118,330,-6692,12703,9864,3161,-2614,-1022,-15407,15144,14549,-184,6871,-9698,11612,-3389,-15420,-8718,-459,5444,6392,3383,-7556,6703,-10528,-7688,-9186,1054,5669,6311,15133,-13788,-1016,-14384,3271,14094,-4598,7303,11422,3624,-12048,15131,-7534,13389,9253,-9131,5184,-3658,10716,6696,10961,-10862,-14238,-5545,-8767,-3066,12332,-494,13916,13738,7984,-13684
6918,-5848,4085,-5450,-14490,-8619,-5674,13012,-11084,-4939,13830,10420,2260,-6028,2088,-8212,-4323,9932,1076,-11078,-8325,-15384,5957,11880,-1241,4685,-10894,-3842,3026,-3473,-15292,-15189,8834,-5292,10341,-1665,-13197,-3876,-7657,13340,-9324,13624,-12234,-7444,-3369,-14414,-15246,-6095,15849,-2517,-6512,-11701,6735,-1470,-9190,10085,-13642,13164,-12585,-6364,-9164,13122
3183,-16371,-8112,-4747,-6833,-1227,14781,765,672,13518,9338,7941,-4646,-14257,7744,-4982,-15758,7116,-9745,-16001,-6139,5308,9425,1277,-11823,-5186,-12670,5180,13879,15523,-11724,11639,-12498,-11333,-5421,15494,-10064,-4287,-7925,968,11403,9044,-11719,2645,12788,-9949,-5711,-13182,-6829,2054,1248,-11656,9162,3522,11636,3296,1920,-12981,-4632,932,-10828,-6678
-9385,9828,-16281,1488,116,913,-1588,6329,-5589,-902,-3549,6711,-11255,985,-2454,2935,-2742,4714,12794,-636,9530,-7527,2089,7997,10464,2316,-11846,-12555,13252,-5100,-6893,8322,13846,7906,-5863,-14596,3895,-7331,-11634,-15734,-6214,15547,-3975,-3351,204,12567,7847,-7606,12086,-954,15737,5986,-7305,-6114,-9380,14266,-9169,-9399,4937,3321,6045,11918
-8313,-10614,-7110,4264,-2193,-8005,-1309,4920,4711,-2476,-4972,10627,8591,7730,-10319,3605,-5001,-14650,-10408,10790,-5007,-10326,11289,6649,-2626,-6454,-14382,7630,5102,-5172,81,2016,-5505,9222,-9606,-16032,-3304,-3993,-12140,373,-3513,-1051,-3233,-12097,4422,-11494,-13713,5799,-262,-15567,9053,178,-3330,29,14109,14352,6026,9736,6248,16366,2146,15031
4975,13030,-7097,-6585,6655,11141,-1704,-5161,-6582,-943,7391,-14851,-12397,1332,382,16325,-499,-13554,-2457,13680,-15546,-5086,2720,-2486,-8013,-2515,371,-1199,-4732,-7558,-2370,835,8057,1092,-267,-14948,-8404,13257,10199,-7748,-14328,-4541,-15072,6374,3659,-11948,11862,-9334,4642,-3615,13549,2526,3671,-14203,382,-9917,7434,15565,6387,-8343,12451,-356
5029,-663,-3749,-3256,-13116,-15120,-12711,6801,6832,-7737,4640,-6180,-2416,10139,1597,3054,4218,5649,10465,3014,-6033,4265,10116,-14105,508,11681,-945,-1134,-333,-5547,16045,16217,-7051,3142,6029,466,-5215,-2013,578,6482,9692,-12114,8082,-3498,14417,6049,5455,13877,10395,6473,-9106,4284,9725,-3801,2009,13328,-9301,-238,-12737,1821,-11843,5796
14323,12662,4735,4886,-3268,-16270,-3654,-10838,-11477,3109,11539,11449,-1133,-5840,14062,2982,15158,15562,-10606,2416,409,-8910,-10749,-10565,-8421,-10478,8910,-14631,9524,-16073,-12008,-5892,16180,-6625,-12870,-7871,16165,2380,-13019,13579,-9581,-15873,-14462,2788,-9453,13510,7925,-10176,12883,14684,4873,10268,7318,838,-16382,7437,8386,4744,-7901,1707,9997,6296
5583,8761,-15894,-9602,-973,-3761,-9964,7554,5661,-15093,-15128,-10508,2438,8758,-9941,213,5354,-4408,-8107,-14191,3569,6038,-3697,-8519,-16294,6025,6354,-8854,6812,-16359,-2242,542,-12547,15069,-9804,2906,6665,4958,-4733,8493,-11897,-3520,4490,-13076,4498,-1949,-1738,15347,11627,5919,13321,12626,-1409,9760,-12957,-7774,-14558,-7669,997,2177,4398,-11973
-12808,5826,5220,-1116,-15752,-14518,2819,15796,-16359,-303,5870,15799,-2046,11652,-583,-7648,355,-727,-10876,4773,-11747,-13989,-3376,6564,13585,16188,-11428,6891,12263,-7683,442,14499,-15176,-2165,9518,-12243,2801,5032,-10979,11110,10728,7499,-2798,15276,-7857,52,-16142,11357,-9446,-12430,3467,1522,11322,3767,-9323,-4017,12553,5006,12295,-5387,-5167,-8497
10453,7264,-11084,-15959,-648,14617,-1458,-8444,-1653,4855,-10045,-13830,13426,-6205,12635,9426,-14776,300,-10308,-16003,-4552,-8343,-8267,-10265,-15193,1054,-14662,11629,4331,1111,12832,-14505,6688,3289,-15031,9363,-604,-4519,525,-6043,2075,-1459,5772,2922,11507,-10805,-4393,10401,16179,-4691,-10242,-13884,-15423,-2133,-2596,6329,4058,965,16288,8087,-7809,-12525
