40,
63,
-12925,-13804,15136,8971,155,6651,6284,2009,880,4423,13815,-11429,-13127,-6633,-9002,-9782,-9913,1524,-11592,5544,9752,-10003,5468,9624,73,14290,6154,-1271,-5562,4753,-7261,8501,2953,16365,9782,4918,3181,1988,6307,14931,-922,-11982,-2028,-8428,-8321,-9011,3753,-13642,-15014,354,12631,3246,13148,8114,-14681,-8127,-13714,-4600,8724,15883,15469,-5678,10563
12738,4757,-11533,10540,-11615,14071,2093,10161,-13585,1732,10186,7916,-7106,375,8181,-10674,6424,-6416,-299,-12997,-9613,-1542,-12783,7612,1030,7270,11811,-7613,2433,-14401,11554,-3086,500,10368,-9241,6108,-8304,-15653,11440,-14859,11484,-5933,14073,764,12976,15934,-15929,-9381,7512,-2110,11738,-15835,-8464,10887,-15144,6609,-7739,-15892,12122,4644,-1794,-14003,11302
-14792,-14821,4323,-5244,3458,-13836,-3301,-13498,-11038,14424,2191,-12524,6526,5695,-3519,-9028,-1347,-12178,-10549,-374,-7739,-14065,14586,2427,12085,211,6886,-10013,-7210,14402,-13364,5713,-3277,-9949,-3939,-15603,799,10980,15063,-11395,11728,2054,9610,-5620,1899,-7504,-5597,-2565,2931,804,11660,16200,-3103,-1603,-8107,11597,-3565,2538,14785,4902,-1844,-8020,14271
12448,8258,-14675,-5083,-8621,514,9653,-9708,-15893,9650,-15988,5792,-14374,2197,14382,5857,-2863,15090,15404,-7595,9296,-13925,16113,7550,11341,-8153,385,6461,-8718,13505,-15393,-11126,2017,15671,-8152,9998,-12187,2892,-163,8015,-3026,14251,11942,-5951,13072,14302,12194,2264,3638,-6222,6136,1861,12108,-1056,-3799,-36,12146,-9092,11837,1993,-2354,16040,-6153
-6949,-8980,-2413,6280,-3709,5675,15907,-10060,120,10558,-7200,-2760,-1632,-5925,-11371,-15656,-14295,16011,-3725,8440,-3164,-1346,11237,15491,698,-3381,-5969,2481,12735,-8060,-6351,15585,-13612,1736,2245,4246,12518,3825,-11515,-8281,-15630,-2583,1868,-4304,-436,39,-11853,15449,16348,-5866,-7009,-14582,-11623,8099,-11876,13986,6902,-5538,15170,14597,-9896,7848,6243
2199,14297,-3912,9087,-10882,15005,-6463,-5317,-6225,-8425,7597,12611,8235,-14440,6725,3230,-15611,16133,-8254,2810,3944,-5448,12015,5484,-11899,-3663,5103,9214,15832,-443,11551,10710,112,14138,4476,10837,9595,5797,1139,4524,6203,-16129,4508,3368,13224,16203,14434,-551,3434,2006,-6451,-3721,-871,3820,3741,11115,-5600,13578,-2902,14401,11156,-15582,11993
4332,15963,4572,-2347,301,8172,4085,-7190,2422,-1480,-3746,-14045,776,-11418,10648,9564,5822,-8046,-5779,-11484,9709,-14224,558,-2839,-15934,1813,-11232,-9168,6857,-2082,-11275,-11783,-3067,-5466,12910,5601,-14459,-8843,1109,11855,9471,-12013,2667,-3371,-7859,-11050,4168,15655,6080,10681,2345,13311,1036,-1488,13433,15664,-1940,-3382,10869,15548,6831,7944,14302
-12884,11836,-10085,-3507,-8335,-7636,1618,13276,8719,-9828,2096,-1905,-10220,-8516,942,2605,-3354,-12263,-5647,8444,-2422,14855,7432,-14609,-4804,16056,-609,6366,2375,-4870,-9843,-1664,11752,-15223,-5567,6068,-782,-4580,12712,1566,-1677,11422,13162,-11331,5876,13996,-14584,-13321,11720,-6033,-13075,16074,987,-1678,3300,11038,4013,-6149,-12347,-10499,-13225,11611,4592
249,6971,2450,-12637,4352,3275,15005,5539,-6349,4558,-14121,-8567,-10656,-1987,14027,9078,-8975,13789,5851,-2415,1984,4092,-6462,5172,14499,16035,3439,16363,7999,-13434,13580,-1213,-13316,-1300,-5279,-3064,1656,10082,1480,-5411,15640,-5849,-4274,-12368,3720,-1533,11281,-4577,11029,-12729,3746,-4180,-13574,15671,13441,-1946,12878,-7055,8551,-8030,2609,-1918,2013
12436,14628,13969,-14743,-10056,-10464,-9395,-4381,-12077,5989,-15801,6068,-2022,15742,-8402,5816,-9171,-5441,-2213,-3662,-16012,7430,14201,-13441,-7766,-12671,-11018,11971,-10290,-5203,7986,-2050,8819,1972,14174,-14586,16202,-3255,14002,-8555,-13576,8142,-12633,5410,-7194,103,-7665,-15063,-9538,-8565,-3365,-2258,-15957,5883,5413,5225,-5574,-10870,7697,-7753,4204,3659,7902
-7163,-5443,1240,-10743,-16011,15450,9100,4793,1504,-2993,-12704,-10299,5898,-5363,-7732,-1150,530,-16338,-10640,-14172,-4326,3200,6164,2077,2512,4008,14125,13422,5958,-4173,15192,-8445,802,3884,-12021,7047,8412,13006,-12522,3945,11643,14401,-890,14996,3120,8284,15582,2113,11038,2987,1828,15359,14910,4120,5717,3369,-13589,2130,3515,-7977,838,-8800,8952
15823,-13285,-14581,-6573,7412,-16175,8124,13026,4502,-7490,9560,1450,11227,11352,12303,4718,-12928,-2067,15228,12756,12454,9565,-2173,1367,-6994,10976,-14880,-13586,14184,-3694,6159,-15739,6256,9926,-6561,-15297,-1870,-12463,-14130,-15020,-3991,-6314,52,5968,-7614,-16052,-13768,-5499,10539,7154,5773,-5369,-808,13770,-8921,9384,1746,991,-2283,713,9593,9526,-12570
-10466,-4623,-10643,-8781,3269,-15890,-9026,11790,-3524,1007,11868,3255,8687,14137,-4641,13941,1141,2688,7373,-13864,-5004,7367,-16091,-11805,-10757,9217,9318,452,-11449,9134,-7051,7579,10285,286,10575,-1873,-3690,8449,12151,5745,5653,432,13791,6847,13181,-15610,8171,-8498,346,1782,-8363,6356,-14488,-5681,-5470,10686,-15741,1040,3591,11984,10632,-1461,-14886
-12747,-12189,-5237,-11011,-4460,-947,1428,-1868,-12667,-5160,1266,-3408,-236,-7138,-7656,-891,-15406,2611,-7357,8333,-9664,1280,7674,-9280,-1455,7221,8371,15731,4811,8816,-16091,10733,785,14805,3491,-15499,837,-6221,-3019,4442,7154,8564,11859,7473,-2961,-5452,7183,1305,3767,-9400,9324,-1773,4093,-2188,-12134,-4195,8839,8823,3639,12576,-3043,-2395,13899
-6348,-13356,12100,5060,4885,11486,-7763,4858,8171,-1706,-15539,-8188,5774,15359,9169,-12119,-3009,10581,-4623,-8660,1484,-1595,-9332,4796,-6876,-8667,12139,1330,465,8853,-13184,-14930,-6352,-16151,-7100,-3462,3758,6027,5987,11321,4584,-5994,9081,-15103,9207,-3045,-10223,4058,7843,-8678,-4969,4397,1094,-8366,-5854,6472,8323,-4730,-14992,642,8286,15001,-732
3081,-3497,2407,12429,-3812,13100,-12174,-12973,-7191,14929,2457,-6605,-5406,-6107,7175,-11169,-1880,-9053,6934,295,6484,-15039,8699,12697,294,-9865,-4079,-10795,-560,-14260,-5510,-8710,11993,5169,-1376,6256,13797,16195,4952,-9001,8975,-764,-8941,655,15265,4113,-15418,-4024,-7766,15742,-3636,-10625,-3623,12714,-3971,844,-6930,8147,15656,-2536,-7680,14653,10608
-4803,7111,-6894,-3805,17,-10958,8400,-266,-15107,1192,4342,-13343,6007,-11102,-10536,-14860,2986,5989,-10108,6309,-12425,1792,-11682,-4835,2083,-1579,-12013,4451,-4129,-8167,1085,1838,-14489,14022,-16092,8433,4260,-10746,487,-12947,-1257,-5900,16101,-5020,756,8117,6457,15365,-6626,9265,-6276,-5575,2039,15556,-9514,3168,-8262,-3546,-2833,-14258,-4874,-2434,7407
-9392,16023,9234,4045,-11135,-14881,9146,-14091,-15814,14955,4623,137,5401,-8185,-13466,-6496,-3855,-10169,-3872,-4453,-15311,-11311,2616,16103,5086,-11730,3313,-7053,932,-12664,8150,2972,9250,-1466,-8665,8460,-9365,-14816,-11096,-9124,-325,-5186,-8598,-716,14289,-5314,-461,13995,-10253,847,2015,12977,-9638,6591,15986,1136,10445,-2783,16207,10745,1009,4952,-16286
-14798,-8497,12917,5515,8955,-10418,11161,13923,236,-1527,10117,-12708,-7703,-11473,5103,461,3226,5794,-12337,-622,-2412,-6596,15853,-1822,7349,8225,11600,9529,7969,-4516,15400,-7395,-10995,-15784,3766,6124,-14676,9451,182,6896,-3465,11628,-4588,9213,6361,5388,3026,-2660,12340,1630,-8786,5828,6464,1100,-2636,-14024,-6288,-9005,-8325,-8357,6084,6316,-15824
14172,-2285,-4647,10051,-2089,6029,3601,-7904,15008,-14521,-8372,-4822,-9709,-10193,-12697,4126,3735,-15984,5561,-4992,12699,1520,14004,-12196,3981,-3980,8580,-8622,9470,4669,-16214,10122,12756,12143,4299,-11428,2459,4528,12922,-12389,5213,15867,-2986,4929,848,-9082,15423,3644,-13240,-4844,9990,-11932,-11059,-9169,-6150,11136,11599,-3090,-2415,9906,-13427,-1232,-7284
-10224,-13876,13344,-387,2251,4030,-14398,-7420,-7369,-1247,12311,13266,6466,3934,-15681,-9002,14878,-12972,-15204,-10920,-3240,-5341,10606,-9014,12737,-6836,-8343,-10018,9294,-8127,14804,-8116,-4468,-5982,12710,-6647,-12947,-3771,15943,1572,5184,-5289,320,2153,7765,10958,13860,-9139,-16038,-1969,-13143,-10528,-806,4640,14227,-10704,12363,-11346,5885,2523,-13931,11834,10680
-10368,-1752,-2616,6845,-12937,14818,-3534,-3476,-2308,-6130,-12223,8305,-11360,-4635,5285,-14887,7790,6432,-8010,8625,-13237,4936,11295,-4979,-2295,-15262,-10681,12156,-7781,-2146,675,-607,13182,-2291,-15308,11386,-14860,-6944,5609,13404,-9238,13309,5700,4030,-3621,12649,-13842,-6014,-4806,-8954,5021,1706,-13294,10644,11857,2103,4573,3680,13444,15914,10488,-4057,1727
-13192,-14278,12960,5771,-9261,-11517,-11815,-10112,6875,-5322,77,7178,-13090,-1858,-10855,1508,6042,-7349,10960,2929,9677,1945,14984,8583,8926,-4210,4951,6633,-9565,-1223,15638,-9510,-2400,-3718,-4512,12030,6287,5656,-12991,-14513,-379,13183,16060,-4888,14480,-9328,15746,482,-8729,-14360,4580,1927,-77,8107,-1890,13746,10394,2634,16124,152,-8442,-14501,-1598
2295,-4882,-16168,-6273,14255,2227,-4604,15590,1926,-12449,-13060,995,7204,-14413,1681,-1124,6979,4101,3368,1442,12629,13788,-10524,-9425,-11853,15708,15847,-8587,14928,8576,10232,-12479,3357,-7307,-1533,12958,-4771,15865,8720,11354,14011,5356,-3416,-11466,-1220,-8015,-11472,-6121,-737,15700,-15080,8783,-4377,-1428,-16118,14997,-8001,-8991,8642,4248,-8336,6837,9014
9079,-12310,-12513,-8697,-5702,5180,13560,-909,13920,8293,12744,15987,12581,-14255,925,7733,-2215,-6112,-10158,15042,-2357,-8827,-15209,2302,-15404,-1688,5897,8780,-5499,4207,-14735,9201,-7720,-1564,10418,6429,3818,7373,15160,8652,-12074,-7918,-9657,-11513,12545,5919,-12879,6541,-7703,-7000,10036,-15516,13611,5578,-15844,13341,-9610,-13192,10811,741,-13200,8971,2119
-7129,4212,10529,783,11874,-7099,-8030,323,-14904,11508,14120,-3538,-5142,7910,-921,3664,-6701,-9428,2402,-6926,12339,-10433,-9160,-15534,4248,-6757,-1466,-7161,-8936,11122,-15372,11182,-2714,-3056,12560,-6192,-1573,-9779,4450,9781,12537,3504,4455,-13613,-9763,5805,9769,14005,-3298,-1422,11822,-13539,-12159,9730,13189,12956,5800,16187,11753,-6500,-5738,-13468,1412
-4186,-5867,8367,15520,2200,7989,9565,-4704,-3431,-9253,-2726,-10944,-10578,4900,5616,6937,1163,13399,5988,91,11175,10815,277,-147,-14148,-1666,4629,-5489,13836,5150,1061,-7904,-14022,-9171,-10090,-10534,-7007,625,9430,-13790,-4617,-11103,-10268,13773,218,-8362,-7754,-13447,-3544,-2509,-6342,-3433,-7773,-2882,-14749,-487,-1695,16180,-12209,-16271,6865,-5067,-13146
-479,2128,3515,-15871,-14564,-9475,-1984,-890,15359,-12589,-9793,-5196,-15453,-5866,-6539,-10290,-9469,-4930,-2238,-9605,13489,-12827,-4142,7279,14627,-1913,13594,1819,15663,14361,-9048,5189,2977,-10113,-11334,-11317,802,1956,4151,-5208,-16352,-11432,4574,-13759,-10258,-15500,-8004,14402,-10447,-14804,-10940,9840,-11800,13224,6682,3280,4443,-9219,2541,-1857,11634,3959,7783
-11784,-5748,16262,-5705,13823,-10607,7234,3394,-14063,-5696,-1013,-893,16103,8235,-6733,5860,-14755,-4019,6992,-2963,-4241,11890,1616,-7944,5629,4512,1927,3828,-2941,1093,12051,-9883,-8717,-8311,-9177,988,8415,-7525,6039,9778,-4359,-7800,3947,10398,2110,-686,-8787,-5110,-9307,6546,3784,14780,-15010,4298,4233,-9327,-8861,-10530,-4897,8769,10684,-14448,144
13158,-5464,9245,-8624,14049,-11785,4056,-1801,4827,-13245,1115,-15715,16168,-12132,7520,-3483,9149,11547,15054,1143,-1418,-14880,-6365,-3955,-1471,15808,-13721,-433,-5109,7729,4046,7255,3954,-8626,12155,8388,643,-9486,12879,-16054,-13835,-15630,4909,13348,-4728,-12593,-10979,-11302,-10101,-6024,-8248,2440,3710,-12578,12641,-11267,-10611,1673,-12468,-13233,10905,-5167,15715
7156,7476,3058,13039,-16326,1235,935,13573,-13285,-15767,-1203,-13959,2756,10830,-13529,-8382,-8599,8620,-5624,5883,4043,15879,12657,-14442,6302,2734,-6031,-12572,13564,-8815,15237,4112,-6949,13392,-11550,15175,4186,-4754,10419,-13161,6087,147,6543,-16104,-4938,4783,5530,9649,-13851,14250,-5988,11598,8284,-2868,-1615,-15152,-436,-543,5867,98,-5841,-914,-1905
-3611,-13092,-8732,-1571,-5173,13859,7028,9186,2417,13893,15035,14205,-11098,14675,-8480,3210,8626,7908,-9688,-15902,15359,-11331,5147,-13214,4083,3598,7640,-15273,-3271,5145,15392,-14694,6154,5096,-15763,-14471,-10315,8901,6221,15601,15495,1374,-9254,8740,-8430,-5495,9622,-2414,-6396,12076,-4295,-7033,-12886,-16123,1571,-15273,10889,-3787,15139,15072,13043,-7601,1323
12939,11697,13277,-4143,-15346,12893,-3065,-14801,4365,-13604,-3934,6730,-14626,-4082,-5338,-12279,-3080,-4409,11583,-6638,508,10512,13825,-2742,15156,15651,15522,2148,-15747,-4494,-4792,385,11175,13058,14351,-15739,-2547,-15355,5187,9329,-7437,9290,-4704,-4327,12703,11240,1958,8323,-14940,-3553,-12579,-2213,15116,-214,6580,-12778,-12968,10500,9255,-2799,2198,8317,13743
-14378,-1742,10680,-10665,-7953,-10328,-14723,6341,3815,15123,14662,-537,12231,-2783,9461,7419,-5479,11777,1993,-5669,7604,-4659,9055,5788,-11144,3046,-3884,-13506,-11630,-14905,906,8655,-3238,-4238,1491,-15000,4792,16106,-14386,2127,-11067,4768,2665,13294,8571,-8698,15231,-10186,7478,8804,7104,9393,9171,-3893,-5604,-14194,-9615,-645,470,-3536,6672,-11831,-11617
12848,-15752,11740,8596,-1568,-13616,-7866,11079,11424,10304,-7376,-10734,10924,-10975,-13618,4070,4226,8569,-6937,16185,-1283,-7928,14665,9814,7084,3431,-16012,-645,3200,3665,-12378,-996,-1549,6967,10133,-4155,12209,-7929,-1177,-1729,-1172,12083,13552,14204,1888,9193,4085,3934,9444,-8341,-12496,15560,-6298,-15199,-1433,-14056,11506,14985,-4776,1711,2696,-6780,883
-15095,9805,-1343,-4530,15897,10609,9612,-5750,-12807,4887,10295,4669,-13528,9790,3625,6205,13132,15325,-2803,-2459,-9716,15227,-8951,-3600,3337,10743,2948,-4520,14143,-7950,8464,2997,-3672,8742,-7149,-888,8410,14605,-7269,11821,-2111,-820,3646,-8223,7709,-2418,-7525,-361,-16062,7371,7557,-4964,-8096,-75,15509,7610,-3161,-15664,-14948,-1794,-6847,1259,15424
-11852,-15255,3769,-2209,-769,11297,4196,-10744,8961,-465,12685,3262,-413,-416,-14744,-14548,-2364,1365,2225,-8322,10865,-13816,-14794,-8486,8815,2890,3904,6326,11076,-12930,-9206,34,13130,9558,-2790,-2829,15598,10709,-9812,-2653,6901,-14070,6578,14955,13373,2409,13710,-3515,-12026,-12774,-8341,-8392,11225,137,-4733,9751,11664,5213,-11452,-1464,260,-3849,16183
4404,-7791,-6805,7258,-13297,-10764,-8487,-3184,14257,11342,-1528,5209,-16218,-16336,-2590,3993,363,-4828,13815,-12862,-9903,7558,8094,4290,12206,5978,-3011,7844,-711,6596,-7565,15020,-10103,244,-10304,-4414,-4005,-9438,-3436,14479,7446,-169,-2190,-14435,7,-15363,2434,-2598,8119,-3762,-2329,12968,3132,12053,-6019,15077,-11306,-5041,-997,5506,-13884,-15021,10411
15254,-6055,1168,-13881,10161,12634,-12990,2356,589,3211,-11103,4870,-9787,3998,15930,13602,3065,-6737,8882,-11947,419,-8522,-16311,-1921,-10712,-12183,3509,-14349,-3136,2789,11210,-14961,3876,-13460,-582,6839,-13746,4013,-6094,5469,-11602,4046,-1152,-11329,7087,-15520,15798,14507,11560,-6118,-7294,-10774,13350,2754,6831,13404,-4064,14553,738,10050,-15269,10667,-6659
8842,554,829,2446,10361,-587,-3725,1876,-6582,-856,-6001,-9929,3410,-11510,7825,14625,3929,-4330,-7016,13916,-12855,-15006,-6457,1561,10611,14513,-12419,-1923,-15889,9735,-8401,-10205,-11015,-3804,-12429,-9178,13830,14036,487,11872,-1708,-5473,-12107,-8969,12553,3272,-7040,-10590,-279,-11932,16319,1932,16373,14135,-11398,-5848,4672,-2501,4535,-13530,10848,-13282,11367
