40,
64,
-537,13237,6583,1298,14030,-1829,-7399,-9472,12158,15416,-15485,-15663,-3739,6518,-6931,-9228,-11105,-3067,-7847,-2160,-12455,-15282,14862,-7247,-16204,11511,-10258,-15625,-9934,15064,10439,2968,1081,12765,1074,-13559,278,10964,5892,1262,7895,-3030,12814,8882,16007,-2721,8926,5918,12045,-13428,-14624,4505,16032,-7080,12046,12366,16152,5413,1995,-658,2085,2551,894,3879
-15150,7712,14513,-8474,8375,7739,8304,-7561,-9215,9966,5931,-14483,5441,14779,2981,-2497,4932,9659,-10441,8203,4580,2707,8754,-14601,-12626,-12117,-12779,7770,9090,3395,421,-14605,-15229,-9910,1767,6237,-10281,-8435,16172,-13326,-4040,15355,15383,-4674,11424,3463,145,-3262,-5207,3244,-4977,6850,13521,979,-4742,-13894,-15430,-7948,7749,6893,15189,6386,5316,12053
2653,-10699,-1306,579,-14443,-9476,15862,-9512,2761,-813,-9668,4558,10863,14259,9754,14719,13423,-11575,-4097,6481,-4805,2039,12746,10439,5687,-4597,-5623,-14458,1638,-4860,6413,-4546,9752,-9031,-14302,9249,-5649,2987,-5762,6988,1595,-28,10806,11430,5202,888,9577,-9299,4296,1497,11826,7129,7769,16013,3930,12297,5568,-4870,-11545,1266,7889,7614,6443,9984
12957,-13009,3139,-1430,4205,11325,-15155,-10435,15689,-2480,-13445,16112,-3268,-10237,1700,-7431,15624,12406,-2324,-659,-3271,-2912,6885,6894,-10030,8938,-2749,-11411,4920,5736,-6143,-7919,247,8703,-11969,-7554,6919,-10669,14913,-2501,-1444,1529,-3140,2757,-1826,5738,-13750,14971,15339,8672,-14435,-8812,-1749,-6317,-1878,12533,-3973,2116,7803,3021,9147,5894,-8812,-7972
-2908,13891,-7262,-8226,-6522,-11355,-7832,15485,-2554,-10825,-13139,-9628,16289,15674,1445,-10158,-4938,-6659,15690,6796,14517,16116,-8710,13479,807,13895,-10077,6845,-9639,-12008,-9510,-7908,-9243,-944,15716,13668,12032,5875,-3253,1974,2238,-12043,-5702,-1042,5752,7587,3734,-6975,7213,4536,13803,7664,-8418,-3212,-16238,11296,-9697,8852,4364,-3009,12644,2636,-13745,-3749
2089,7925,-12442,8415,-10647,-826,10316,-9211,12661,-8838,-11691,8002,-3149,-9332,15508,-4572,-4633,8820,-11057,-16335,7527,13735,12997,1934,-12390,-7656,-10461,1427,-4250,-3589,-7199,3152,-14617,9826,-5512,15429,-10886,3350,3682,14294,8132,-13130,15971,12412,2665,14904,1828,13919,-4249,13168,-4785,-12623,4243,-2966,9237,-16147,-9012,12035,-8183,-12699,15472,12056,-15309,-9096
9209,12092,2568,-1519,-14986,6157,-11688,3786,-11752,-242,12747,-7567,-8135,435,-11558,-9618,-7253,-5443,214,-15696,2952,-4228,6841,10142,-4344,14739,13981,-2814,5626,5598,-3190,-10601,5558,-9810,2548,-7381,6730,-8889,8002,-900,5573,12332,-7750,-10010,10560,6449,15276,-659,-8482,10694,-5859,11698,-2321,15073,2084,15678,6743,2778,-5986,8404,14864,-5588,13148,10517
-6620,8607,7075,-5797,15594,6511,2515,15579,-15552,1186,1237,4306,6330,15537,-11114,12822,13982,13869,7568,10468,-2348,10366,11159,4623,-1866,-9072,-9272,2388,11694,-13364,7345,8832,-3937,-11582,3935,-2669,-5862,3685,1743,-12685,14317,-3346,-8065,4719,3531,-3256,15031,3149,-4962,-4144,6885,-3265,11488,-317,10673,6840,-1382,-10133,9903,4863,-3695,11954,1076,13145
-7363,183,-16359,833,756,-14113,7088,1547,6238,7251,1979,-1960,9578,14528,5749,-13744,2818,2910,-15855,11696,-7802,4098,-14673,-11604,3387,6488,9862,9811,3666,4024,-13095,14638,-11781,-961,-12226,5179,7532,1475,5442,7310,5317,-12018,-15487,8191,-7008,5069,15245,-205,-6992,-11441,-15717,-15380,3740,5701,-10755,10459,14130,4090,14914,8896,16228,4823,10356,8525
16073,-5314,10761,12752,7222,3177,13862,-5536,10854,-11721,-5922,8556,-454,1838,-9595,5535,15023,9892,10777,13544,-12251,11262,-2063,-7851,-9470,10197,-5182,-3815,8030,4869,10749,5378,12422,5890,-10007,3214,12583,-5734,-12710,-10064,-12987,11944,1309,11241,11062,10463,-16037,4478,-9110,3530,11698,-804,-16187,15370,12910,-15598,7483,2825,-8478,16117,-15141,-6028,-10007,-3966
14991,-12072,-4356,-8422,-1134,4472,-13573,727,-10450,-7297,-1536,-9634,-13720,16283,7014,2607,714,-2477,14500,352,13614,14324,14195,-12815,-2840,5551,-2661,1490,-1671,-13701,-12842,-3900,10103,-14551,5360,4449,-8581,-15072,9080,-9706,-15863,-11068,-4039,-1896,5352,-7950,-824,6140,4259,10976,-14720,-2358,14477,74,-9823,-13496,-11769,8920,1289,-11438,499,-7395,-8090,6022
11311,13095,4623,39,-7018,11579,-2423,-8130,688,-10762,-4042,-10041,-14897,-7422,4698,7592,-2814,5446,7403,-8699,2622,-7690,-11529,6343,8137,12360,12399,5775,-3261,10660,6895,12904,14224,6188,-6037,15029,8427,-2672,8920,4145,-593,15025,4482,-7205,12750,13835,-1554,-16284,15730,-33,-11411,-3932,-3761,-13644,-15344,15755,14790,-6694,12977,-2061,-3941,3733,7496,-15562
-9138,-14126,13847,-3900,14969,7287,8630,3432,-2263,-4827,-4765,-6420,-6337,-13417,2020,-5605,2256,-10026,9911,6198,-5005,12867,3144,4123,13212,4618,11602,-7872,-1139,-10095,-3631,14923,-7503,15187,8855,12032,-4396,-1840,-5810,-13462,-5328,-8863,-3986,10568,2942,-13168,-2869,3730,-6315,-5152,4878,-7207,1321,6547,-2250,-8542,12267,-13998,-570,10967,-1880,-12782,-7088,8626
-3814,-11856,-5969,13297,-168,13386,12305,-2167,6170,5232,6158,14925,1799,10383,1117,-9478,-13049,-10956,5330,-13307,-11217,-14541,-9514,-1886,5370,-5510,-12444,-2860,1083,3106,1127,-2052,14107,-15626,-6191,9042,13744,-461,-16299,877,-12544,1156,-13112,-11075,5954,-15323,8027,3447,-9499,-4503,4702,-11415,1831,3600,4586,923,11640,6419,424,1270,-1140,4492,-15804,-6026
-7539,-2288,5201,4558,-8135,7378,-7542,6861,-6105,14461,-3651,5239,-178,15157,4900,-4546,880,5722,13023,9206,-8355,6492,10343,-3657,-6897,9778,2471,4568,-2864,162,-6980,-8584,-9236,-8948,3161,-6214,10152,-13543,15498,-2466,864,-8182,4007,-8586,-11011,8013,-5322,-2267,7430,-3962,-6606,7920,6454,9525,10156,-2493,-4400,-4806,-12040,3144,11207,-8521,15438,6161
-4706,1832,5188,16070,-631,-4646,-14488,-13459,9567,-6007,-11104,6600,2538,15620,14308,6378,3935,4117,10190,14067,-2108,-11994,3178,-9881,-15916,10712,2680,11980,7075,14390,-12235,15348,2530,-15955,1461,5520,-939,-3682,-1187,417,-11408,-9033,13850,-8001,-8894,-8384,9123,3105,8549,-15347,-2159,9699,9631,-11019,-6166,2311,-2568,-13465,-13996,1231,-955,-7797,11615,4701
-4366,8607,6806,-13865,10968,5158,4534,11447,2671,-14766,3186,-7564,4342,-14171,10363,1836,7816,-9557,-4819,7493,-1360,2135,-14327,11238,-2339,-5427,12964,8871,-9773,10595,290,10428,4347,-13881,9240,1093,6522,4532,4917,-12273,-4698,-2393,3801,15849,-13380,4051,-9415,-9724,16,1519,-12526,5012,15249,2764,9573,-9827,-13033,-4985,-9471,-7245,-10033,-11324,-15327,-13656
15593,-14231,14155,-4175,11842,11626,-5318,6878,9625,-11137,-11990,4154,-14747,-7307,2399,12972,10040,13936,-9210,-4369,-6235,-4095,7433,7568,-13644,15081,-8141,7902,-14152,1132,-15532,2625,192,5793,5596,1512,5929,-9071,989,1026,-3886,-11712,-7402,1492,5964,-9741,14699,-2752,4022,15759,-6303,-4011,16069,-8771,3666,5116,-1594,10662,16057,-14448,12879,-14152,6342,-4991
-1382,-1903,-4063,-14889,-6404,-114,10124,8227,8504,11286,-15251,4623,5640,-14053,-7418,-5082,12726,2937,4128,9243,-15497,7806,15037,6453,-15897,-1016,-7592,-3993,-11892,6829,-14315,15814,2859,11940,-12220,3651,15110,819,-5291,-6535,-5906,14308,-13245,7240,14157,-3862,-1743,-3024,-1546,-429,-9338,4370,3585,9416,10662,7995,-10855,-1975,-3237,-11290,-4402,3615,-5585,6340
15546,13656,4681,-2841,15623,-10059,7171,-1518,4870,-16347,12629,3343,4742,-3028,-5950,-4267,9042,-12756,9687,-15758,8867,-13777,8966,-14468,-5533,-3177,5424,-14098,-9208,-5667,-1860,-1320,-11692,-12077,9317,11538,-2627,12530,-10877,-1377,-12176,-10856,12587,-16138,6921,15015,-5470,1346,10092,5004,14671,-14568,-14195,1011,4562,-6343,16330,-12678,-2564,-4576,-3562,-8294,-3004,2506
2032,-4344,-5292,-15925,-14298,-1711,3972,-1685,7911,11257,10329,15395,5651,1912,9324,11050,8243,-6895,11560,3582,-6566,5757,15489,13320,-10394,-8830,-3365,-6790,-746,4007,-3275,3173,12555,9693,11063,7776,7715,-4491,2923,1338,5727,2416,-1868,-15041,6462,13112,5628,5455,-4031,8990,-9106,9274,-12205,-9937,555,15036,165,11136,9244,4120,-1368,-760,-9127,15701
-6093,11539,9074,1870,-10745,-6961,6526,3915,-3643,2226,15346,-10126,-3855,14808,-7739,-13946,-8463,6099,3269,9044,8032,-12543,4290,-274,5212,-3725,-1704,-2417,-314,14319,-4435,2972,1541,10615,-16175,-12742,10792,9555,-11752,2778,12386,-7295,-5194,-6514,-6178,-3474,-1412,-11572,5964,-6631,15591,12653,-9364,-6014,-3056,11161,13237,-3914,6486,-16308,12920,-12741,-9456,-5411
-15152,-2439,-15016,4780,15951,12349,-10423,15610,9093,-12575,-5003,13675,-10458,-8106,5627,-10109,-13581,2495,10758,-13964,-14529,15234,11782,-13061,-12328,-5513,-4468,5798,-9578,9281,5156,2645,-13247,2932,15986,-56,2053,-12545,4831,-14465,-15485,-15244,-5942,-4653,7301,8521,14431,-7297,835,-3133,-3011,5768,5895,-13887,-121,-9582,7113,5940,9033,-1281,-15113,8607,7196,-7294
11993,7304,331,-12936,-10374,-7161,-447,12182,-5811,3908,1491,-10657,-12873,-2882,11217,-1792,-15823,-6586,-772,-12746,11503,-1352,8574,8399,-10737,-13501,5238,-15391,-11764,-11737,-8669,8989,-15870,-9477,850,-3859,7062,-904,3578,-2451,15755,-8807,10615,10851,11421,-14071,-11256,14750,12112,65,10403,-10163,5624,3790,14808,-1818,4071,-3585,4077,1030,-1678,8850,6855,-10209
12358,9978,-12673,-7110,767,4989,-14224,11410,-6445,6466,12354,5574,-7890,-4746,13700,13239,7720,12698,16273,5270,-4420,-4357,1496,-5999,-1748,13120,-2341,6509,1801,14024,-9275,-16070,2566,-9966,7742,-12708,15240,-14859,-12115,-10176,-13547,4636,13862,-2161,-16382,5372,3724,351,-9568,6891,8051,12743,-1583,-14001,12051,-8249,-12134,-1564,10528,-7948,879,14568,-14662,13648
-4564,-10807,-6463,-14202,9461,-15412,-2553,2150,-8080,-14501,-3260,-5351,9310,-2871,316,-6604,8713,16220,10301,6013,-2945,9921,6747,7443,5971,4055,-13473,11024,-814,1046,4993,-7045,14454,12477,13012,-10920,-11834,-8433,15667,14473,9603,1021,6102,-13767,-9749,10606,-15396,2322,-14649,7762,-7158,15869,1531,-3169,15114,1013,12066,-9455,7357,9106,16126,-3368,16238,-13473
-15069,-11774,-2384,-3342,-11447,-16030,-4652,-3672,12897,-5717,-15246,-4999,-6301,4455,-15382,7303,9236,-267,-14188,16057,9469,7811,-832,7527,10225,9896,-13101,-169,-5023,6503,10388,-3085,-15432,-11775,14805,3569,12548,-854,-7172,11021,15735,15494,-1397,6184,14418,3629,7103,56,-15887,10283,6956,-11705,9124,8979,8699,13997,-7405,-4511,-7437,8772,-3702,1114,-95,2873
10626,4253,-3099,9018,12055,-10442,2253,6554,-15469,-10919,9469,10605,3310,-13407,6617,-15308,2897,-15919,16263,12882,9199,-1637,5974,2390,-8760,-12454,2744,12328,1066,15791,3053,-14840,11020,-7319,-3821,-5999,-5403,10788,-7383,4620,15007,5399,3144,9602,-9567,-11513,13571,10872,926,-6549,-5444,-12350,15884,-480,-13074,-1907,16351,4970,-4348,-9969,10130,13268,-1220,-2938
-368,2757,-10219,15383,-11776,-10726,4178,-12900,-742,6696,9583,1557,14867,-1236,-9606,-11217,-11381,4052,8008,8160,2309,9098,8692,3282,-2335,9314,4696,12527,3865,10505,-2389,-16179,14403,430,15087,5068,928,-3384,3916,-16147,-6903,4393,-4966,-14708,-1641,2893,14016,-9639,-6072,9287,-18,-11997,13162,-16091,10217,12122,5698,9912,-13130,15717,5124,1050,12819,-12575
-10453,7115,871,-15053,4461,-3903,-2648,-7131,634,-4417,11416,8359,9211,10693,-15809,2800,-9519,6909,9604,-15764,517,5583,5068,-780,-9060,1064,14375,877,-11570,15868,-12017,5130,3241,-2608,-4149,-8044,-46,-2709,7270,-13880,13809,8110,-14672,-15344,-4403,5387,-2968,7308,3348,3372,9755,226,-15422,-14064,11995,4115,14649,12042,-1416,-14980,7233,-11769,8768,-3084
-5853,-13859,10177,-10114,7840,3262,-3357,-2179,6585,8274,-7866,12786,-141,12422,290,9959,-1813,-5207,-6985,6566,12438,7695,-14972,7544,3519,-11398,-11085,4618,15172,-16296,15733,6044,-1848,-2315,-15139,-3192,-9254,13858,14672,5928,6500,-7740,-2739,3172,-2114,15265,15362,-3001,15802,-12569,6036,-11210,3265,-13934,251,14547,-6213,-2949,7198,-5075,-6443,-1776,-8837,-856
-5004,-512,4651,13822,3443,-15051,-579,-12615,6915,-13894,9184,-15942,-7692,14071,4234,12699,12408,-4451,-4858,3698,-16004,5705,526,16075,-10768,-3536,-3618,6926,143,-3600,11959,16278,-7035,7237,-15291,-1760,-4874,-5100,5040,-9592,-8580,7599,15749,-8995,3437,12366,7461,15764,11538,-7026,3759,-7537,-8773,2359,-4530,14018,-1933,7863,-10782,-12389,16124,-7884,4499,13772
-12845,11188,-529,13454,8570,11844,13132,6731,2725,-13414,11062,14240,13255,13928,11311,3450,-15367,-9586,-6915,3560,-8294,-13367,-11978,1669,-6042,-9357,12232,16079,805,-8079,283,-2540,-8915,183,13463,-6954,-4144,4520,8307,13930,-10002,-8370,-12321,8307,7764,-4304,7032,12503,-4415,11905,-10458,-2868,-9847,5721,1830,10295,11493,13536,-10172,13589,-15491,8121,6022,15335
-1165,2536,9977,-5300,12619,-1246,-7157,-5799,4382,8429,9752,-8857,4613,-4932,5516,-3092,-2118,8213,11651,-13107,-4730,-15934,-3889,-2801,-5378,4050,-4688,3224,-12997,10604,-7974,-6664,-6156,15348,-6646,2983,-15991,-13510,8532,-9240,-13934,-11415,-11193,-14134,14970,3450,5662,-9937,-8625,-7259,-14413,4731,2672,3796,-2167,7799,-10234,-6785,-6517,6304,4771,-4539,-4606,16140
-4563,2911,-12206,4576,840,-9292,-5571,14258,-14802,14513,-10196,-677,11352,13690,7775,13364,13092,-12963,2708,-9724,7686,6883,-278,-40,9826,-8370,15801,14630,14632,13812,4459,-2100,-11402,-8882,7421,-1617,-14439,-1736,3886,1324,-3499,-3470,-5948,-1243,-1549,13130,13938,-13753,-11385,7218,-287,-15615,14454,7208,-1532,-8015,-10752,1303,-1257,-2947,572,-3720,-2599,-15411
9605,4608,8066,-9779,-4506,15492,-12376,6873,-7440,-11339,-9310,-16194,-14731,6970,15492,-4613,-8944,6240,-15244,1553,5944,-14944,-7576,3136,2572,-1592,13258,815,-16037,13488,1281,-6897,3673,-10262,6525,9423,-1701,8015,-6754,-10987,12999,-6640,5239,2741,-12266,14723,7113,-539,12061,-4612,3905,16276,-4173,11020,-3751,-5338,-6614,-13902,6128,-2133,-12265,-5769,-15192,-14958
-13961,-5616,1263,12496,2951,7122,-5558,-2260,-9776,12909,1646,-558,-7050,-8798,834,-16369,3648,-12133,-6948,-2415,9625,-10227,10819,474,-5223,1153,-1952,10164,-2673,-14125,306,-15334,-9863,4590,-3647,-2856,-1314,-9888,2121,-13112,-9032,9004,6409,-7562,6375,12351,-9369,11062,10198,-12784,-14575,1301,898,8005,13439,-5890,16238,12177,-13852,1946,-11987,13454,7192,-8505
9469,11040,1886,11203,-12652,-13982,7347,8349,5637,-6536,-13593,-456,-12488,15734,1087,14008,-6785,13721,7663,7484,10465,3947,7170,8740,13738,7995,12126,14999,70,-14208,15332,-12197,-12878,-9310,-15611,-15209,-9713,-507,-5271,13804,4026,-13294,2887,-8574,8001,13180,-3935,-11112,15392,13538,-14831,281,-2772,-934,-8679,4799,14114,2663,-12291,-11233,9201,4971,7577,6649
-1422,-11926,-11819,-15974,-14306,9616,-950,-10187,15965,-15271,527,6863,-1855,8629,-8558,432,9223,4139,-6401,-13473,2181,13785,157,14326,14349,-16076,7712,15165,-5001,16158,6800,15800,-2438,6950,-12435,-13309,-10552,9409,-10172,14541,-2390,-6213,4971,-12035,-1314,-8060,-2321,2157,-3283,-3107,12274,6467,16383,-7855,2439,-9588,-9039,15460,11585,1018,-2542,3962,2171,13686
11213,-676,-3853,-15725,11683,4746,-3334,-13554,-5273,12965,16067,-7090,11937,6232,9820,11351,-9982,-3119,-7543,-12570,-13432,16150,11273,-504,3732,1086,-12893,-12764,4922,12213,-7302,-15415,10483,-14077,-15693,-2851,-15694,1468,-11810,15715,6702,381,13274,6922,-3098,-5799,-12503,-6977,6620,10104,462,-11509,-7125,1119,-6565,-13573,-6890,-12643,1062,-10871,-2597,-5355,4282,-3429
