40,
65,
-8679,11149,-2892,-13034,13967,12311,1749,-5398,-3767,-14941,4871,-99,-5557,-9123,15243,-5139,-7907,10958,2334,-8021,-5591,-2958,12302,-14481,-14578,-14192,14982,-3240,-4050,15889,14487,7650,-8465,-461,-15831,-10203,10817,-9968,9888,-12922,-3375,13890,-2522,3790,14776,7838,5320,-11730,15171,7327,-847,1778,-2014,-575,-10736,11096,2643,12857,7661,-3076,8222,2337,9818,-13903,-7381
5961,3780,14032,726,-4313,16344,-12136,3288,14190,3871,-1312,-8822,-5075,-12779,14296,8403,15762,11975,-6008,-1581,-8263,-7646,-3690,-1737,-1542,1413,-16169,-14285,-6557,-10129,8305,7503,3831,-6385,-5535,-7446,-12790,-6398,-2438,3781,2507,-5791,-10498,10610,-4228,11980,10708,6491,-6605,2691,-4712,-1776,-12460,86,-2552,-14704,-6399,-12344,-13112,-13875,-2602,2551,8002,-5907,-3448
5977,-12463,13572,4724,-11447,-12039,-9255,-4510,14690,7095,-7909,-2991,-12400,-10901,9396,-3320,-3467,-9089,-5150,7092,1983,-12168,-2870,-15939,-11529,14686,14275,-8862,6045,5243,2646,-7184,1225,8667,-3631,6534,5570,-12669,-5754,-14718,-9475,3750,5171,-6431,1074,12339,-7575,14616,7735,-4323,13734,-5981,-13,10382,-8543,-6101,-9670,-7411,11587,-12441,-15268,13148,9612,-140,-56
510,9366,13953,10465,13099,9054,-6611,-6296,-13906,4836,9566,-189,-4623,-12473,15499,12026,-1190,16248,-15600,10590,-10200,-1936,-2133,-8363,14236,-13679,-5814,-10060,-8830,-2737,-10953,-1853,14390,-13714,-3605,-16341,15655,-13896,14117,-10976,-4103,15119,-11836,-151,8195,8046,12401,13609,-1209,-7867,-9853,3370,1719,9584,-10560,-10957,-5359,-1069,8921,-14414,14367,-16234,8893,4935,5438
-6945,13619,-3849,11006,-7174,11718,724,8169,15241,-595,16350,-1760,-6894,-13445,16223,15123,-13177,8895,-4484,-12149,-12852,-5213,2535,-5960,-5996,-14445,-15549,-14421,8561,-10250,8061,15085,1435,-14592,9087,10479,-15547,-9095,-12411,-6864,7186,-11788,-6442,15332,15880,-11491,-2001,11600,-10148,-9139,16104,-9024,13458,-11302,-1383,14525,-14706,-3746,-15222,4381,-10895,-11069,11714,-2096,-7451
5103,-9,3972,-3019,12336,-1591,-6777,-12682,-6434,15512,-4362,-10643,-7104,-1236,-3045,-2606,1941,7492,-14372,3305,-11143,11553,12600,9280,14611,1072,-14394,-4090,-3918,5582,-12683,14964,-8338,3439,13815,-14820,13329,6030,14852,14846,-12481,-105,-7340,-6183,-13171,5339,823,1244,-8728,-5641,13913,-11805,3347,10928,-13747,-4672,13709,11412,-2691,16179,4291,-15224,4636,-5476,1372
-15455,-5349,92,900,8073,-11794,9218,-15824,13811,10828,-9861,4961,6608,7621,-8849,-3911,-957,-9661,-12351,-1430,6933,-3025,5837,-9209,4004,-11467,4732,-12704,-12647,-5898,-15926,11909,-1701,7401,-7835,-329,-2306,-5904,-8105,13494,-8366,-15256,-12203,16256,11988,-9921,10452,14945,7887,-2178,14692,-14529,-9470,-9934,12005,11005,7546,8331,-15009,9424,14353,-16052,-10254,5340,-12264
-11717,5009,489,-13740,7359,14651,14695,-6595,2404,-5980,-8886,-5764,7955,-9658,5281,13768,-14826,4091,8502,-10714,-14241,-15121,-4242,4380,11790,4015,-700,-11552,16250,-14537,12897,-4063,-10146,-309,6022,13733,12433,-14204,-13902,5705,-7667,3975,-13351,-2043,1373,-3170,752,-15723,6664,-2355,-11111,-3061,-4834,14303,-4622,-570,8955,-7680,12287,-7992,-11838,-9474,15699,-7654,-1085
15064,2218,-15885,11429,-3246,-11593,-12107,-1761,-11560,-11330,-15629,-9885,16263,-1117,901,-9099,-4995,-3023,13355,-13255,-3426,-12343,-1592,8323,-9448,-11738,4866,15282,4553,-7029,-12641,-5928,1884,-5436,-13240,-9936,11764,-13730,8935,15798,-11779,11960,152,-15223,-1264,8445,9105,-14720,-11023,1409,-12792,-5584,14704,14675,-8889,-14475,-13632,-12725,201,-9413,-15511,7298,1242,-12093,6744
-10501,-16208,15090,-8657,11292,10773,9449,13326,-10622,15197,-15419,14596,2828,8061,2574,-892,11437,1003,8851,-13053,-11442,6751,10334,7418,16103,2480,-5784,-3794,-15615,-15893,10857,5247,-8671,7034,-14345,8565,-9326,8644,-13775,7388,6038,-14731,-2225,10385,12649,9346,11597,-913,10149,5434,1658,9493,400,-2494,-15732,-4713,6927,-11801,708,928,-6397,-14729,4741,-11459,3900
2556,-7310,9486,11649,-7005,-13689,-13327,4633,-1073,10716,-5149,-8664,468,-834,-5084,7425,-1223,9632,-1205,-3457,-5184,-2594,4064,11793,15796,-6474,3761,-450,4963,14769,4503,10386,-12874,16083,-9323,-8007,1629,6579,5082,-13904,16196,-4339,7229,13353,-11654,12161,13754,3873,3839,1300,13227,2529,-2203,-7187,-14909,-611,8602,-13827,-8240,6254,8337,-6100,-5119,1422,10671
-5716,702,1670,4820,4227,-6806,2480,-2828,-369,-12111,-2739,213,-4657,814,6148,7921,15541,-10665,13320,-3340,-6261,-13851,13871,8941,-6106,-2973,-1647,3607,-1357,-1777,9963,-7594,-6442,-12945,-840,-6235,-5897,5698,3394,-14207,-7524,-14311,-8103,-14959,-744,10106,-721,3468,-11625,9886,15668,1215,-3318,-1624,-15193,10312,-6435,6416,15880,-4403,12462,-7408,-4501,11207,2800
-1844,-4137,1611,2,-10693,5928,3471,1293,-9622,-15681,-3641,3931,-7281,5190,-12023,785,8443,10214,-8619,6849,-15767,-12280,6352,-687,10289,9982,15042,-6995,-8579,-11206,-2491,-3223,-4828,10847,10507,2536,8935,-15343,3810,-2453,-10451,13461,1261,-9543,-144,235,11644,-649,-6976,15523,-7399,-12830,4809,10812,13804,18,1746,7987,13525,-10140,-8945,-9381,1375,3434,-1073
-14403,2914,13761,-9400,9508,-15678,12429,-7153,-376,3721,7454,-1490,9609,8906,-3060,10487,-16254,-9146,-8471,-6945,12694,-5887,4401,-6357,8667,-3500,-9814,-5352,-6633,-4398,-6397,-6128,-6862,-2523,-9609,8493,-11824,-451,7134,-1956,12374,-10256,6998,-3008,-2739,-7733,-14611,-4563,9478,1546,-10461,4529,-5903,-2070,5034,-2755,-4415,9978,-9813,-14388,-7263,-14422,14857,-1243,13036
7137,6922,-2274,6255,-4354,-15969,-2699,12658,2437,15840,108,10913,7367,14147,637,-12281,-9905,-15219,-609,-14567,9120,-15539,15922,2159,-1107,-4928,-3639,16003,-7686,15799,7625,-7304,-12632,-2565,6427,4839,-7615,-6128,-13492,-7310,4713,-2912,-1680,7959,-8423,-8707,2906,2354,36,4263,11484,-5909,6182,10388,-3766,5397,-8096,9078,2593,-5657,768,-9291,4099,-2101,-3561
12697,4743,-12567,3823,11760,11466,-7550,4979,-14855,8007,11895,-6258,-1483,-1885,1768,-7267,13445,-13979,-5359,5593,-12321,6107,5533,-6638,-5536,12116,2336,-2993,-8616,8733,-7431,8545,-15039,-1462,-4577,-2421,-632,-11876,-16135,2465,-1811,3547,6608,449,-3897,3638,15392,6293,15511,13193,-13418,-7724,-2649,2917,-5780,9126,-12586,11141,8155,-14755,-15252,-4645,12991,-171,5172
-11896,6664,-3369,-1470,-15211,-11574,5699,-1924,-765,16294,3193,-14434,9106,16118,-1602,-5656,-5592,-14513,2357,-15863,-15333,8906,15402,11567,10009,15225,-6935,-2265,-1427,-10707,-3113,921,7130,-8799,15325,6453,12675,354,2138,11861,-14251,1184,-2844,8384,-6617,-6928,-15300,15059,-4323,13935,6756,-3100,-6035,16198,-2761,-10422,11845,9194,9468,-1092,-11059,14159,5551,627,11794
-6251,15617,-10352,-2040,13772,-13055,-8405,-3319,7693,15006,8284,-2679,-3471,13720,388,-12030,-14681,-10654,4753,-12663,-6208,-15374,13446,5078,14146,7974,-6161,-4864,-1511,-11433,-10266,4784,-13599,-8615,5883,12000,14565,1356,5885,9695,9574,12294,12916,-13601,-13825,-12551,604,15984,276,9658,13487,-15159,-10121,-6930,12411,-10219,4191,6554,9856,5803,3647,12436,4268,-1398,-4159
-15695,-14807,-4687,16352,-3565,146,-13164,-12493,3733,-11952,6658,-13280,15755,-8042,-1172,-6126,13736,-3906,8181,-3987,-7183,-9772,12313,14535,-12141,-14837,-11480,-15483,9153,8897,3392,-15494,16341,12671,-2407,-858,-13192,-15363,-8926,14890,-9502,-735,136,-13153,8333,1809,12518,7808,14105,9763,11782,-6672,16160,15451,-8004,15544,13729,8478,1152,-9411,-10972,-3499,6177,229,10586
14857,1266,7603,9983,6078,-247,8802,4274,-7630,5740,-10585,-8437,11542,-14116,-9563,-704,-14549,8460,-3955,-1871,-3642,-14086,3822,4223,87,-13345,5107,12464,-6168,-1402,13376,7235,-10672,-5489,-13478,-14048,16081,-4223,-2198,10654,6224,3095,12545,4355,7421,234,-29,-3073,-11297,-14604,11161,15143,-4456,4047,-14219,-15771,-14001,15996,6359,3485,12034,-3942,216,-9367,13779
5543,-6641,8951,-4841,-14986,12759,-9343,-5613,-2823,-10587,-9708,6883,10460,-12533,8203,-3794,-681,15943,8246,5442,-1445,15144,8767,6942,-13878,-15745,1687,780,-6080,12162,-3607,-11619,12246,-5823,-205,-9595,9150,-12611,10305,15111,9841,2452,15879,7016,4015,4655,5127,-15236,5607,-13975,-8395,-591,-10294,-3515,-6332,-3185,-643,4331,1303,1473,8564,6282,-10624,-7842,-14117
4263,10958,1169,14488,-12268,5881,2602,8665,-2441,-5170,-7464,15096,12893,-6057,933,7914,-905,-12538,-5652,-8810,7852,5414,16317,-958,11602,10216,15702,10881,-5297,-6776,3581,-15219,-9958,2697,5737,-15797,12803,15428,-4567,15683,-7212,12762,14097,3915,-8878,12507,-14297,-11738,3376,16217,-13657,-1785,9899,3412,-5821,-399,7943,14,-690,-6203,4,-7657,14240,-10611,3331
13301,-4870,-3872,-7183,-9581,-16287,4100,-7127,-276,-222,-12361,-9424,873,12597,-12462,-1393,11989,542,-10941,-3722,-6877,7815,10692,-5380,11628,-1563,1063,2297,-4587,4832,-644,11860,-12557,12831,-8193,12166,-13484,-5972,13737,16221,-13161,9674,-14403,11144,-8826,-13136,9509,2875,7128,-15154,3769,3074,12842,9935,13220,-12724,12937,355,-11713,8091,-6826,12744,13417,15762,7677
3662,8223,10256,1802,-2869,14162,-16337,11668,3897,-10298,-4519,-3909,-6872,5194,-6161,-10803,-6495,11241,8747,10562,-2354,9105,997,7210,-5689,-3268,-15229,-6541,-10773,10179,-13202,3522,9945,15641,2815,11390,-8980,-7417,11903,149,2442,2149,-2509,-818,-1438,-321,10440,9524,-2356,6397,-3865,10269,-2653,2531,1153,-2279,-13124,-15675,-6880,-8811,11766,-9269,-13515,-7020,5879
-172,14495,-13634,-15715,-14392,-3046,15732,-1506,11128,5016,13745,-9753,11147,12529,-274,505,-3119,2593,-7241,-11598,3211,-16323,-14241,-13127,-5245,15606,9237,14855,-5760,-15944,879,14565,-16376,12178,6275,13371,1674,6233,-4659,3123,14566,-78,-13170,-2958,-12323,13403,1524,-14969,-1702,-8811,-8810,5083,-5892,15456,15291,-15289,-312,16103,-1610,-6693,-678,1765,-4012,-2219,-7449
-3396,-6055,10475,11331,-8571,-9302,-7657,-12527,-11128,8723,-5931,-12952,-15506,-12294,4652,1274,-2002,-8811,10967,-13687,-12774,-9350,366,9175,-7954,-3810,15540,6171,4836,-1971,134,-14951,15063,-6086,1920,11051,-3527,-13843,9639,-14827,-11470,-10550,10601,1803,14946,-5368,12476,-1765,10743,-3127,-4476,-3371,-6736,-15230,5482,14681,-11780,-2318,1078,15596,-286,1313,12518,15824,-3044
8307,12672,-16321,-16369,-1799,989,7934,3762,12555,14179,6443,9359,-1850,900,4040,-1793,-4050,10698,-13398,-7886,-5623,-11600,-3044,10401,12870,635,12412,-341,-5507,11843,1482,-5298,6560,16092,10495,-7353,10117,-11877,-1725,-6189,5969,5895,-15525,-13062,4757,-3231,10859,11319,12873,8917,7796,15293,-13677,-6068,6072,4224,1273,14053,-6289,-5621,-11465,15348,-280,3998,3980
9185,-3017,-15307,14709,431,-2561,11782,227,-288,338,-3180,14609,-11795,-6359,5731,15250,-5284,15814,273,-6364,11384,-12293,-16268,-5846,12896,14742,3785,1927,-742,-2206,2211,-2517,-776,-8237,-5578,-13676,4075,-7605,-5551,-14128,14374,2680,-16014,6109,9799,-7380,-15440,-11162,13617,2256,319,8971,-6664,-4054,5160,15453,-6175,14685,-13129,-127,15288,5992,5638,15040,-300
-5982,9415,-6565,-13510,4850,16157,-4576,-8881,-7055,13420,4305,74,-4166,5905,-15118,-11944,11528,-10760,-7457,-4879,11551,-13947,574,6730,13293,-12210,3147,326,-6216,-14215,-6985,4735,6546,6974,-7172,8918,-8559,-8074,-14168,-1160,-8004,9760,-5006,3011,3235,6989,15683,-3408,-8108,-5402,6363,10848,-11757,15420,-13112,15244,-11010,-5356,15972,-10715,-610,-2434,2956,-8404,6653
-1634,13608,13256,1295,-3176,-9779,-410,12921,4933,-7548,4301,-4257,3686,10913,8934,4182,-7603,-737,-3095,12327,13895,13726,-7230,16363,-10368,-9833,5390,2792,-15088,-1424,15997,-15792,-3200,6002,14871,3375,-5131,3757,-5004,11397,16179,7267,-3280,6083,295,8942,10838,-8439,-14779,-13666,13852,-6614,-13472,1277,-13230,-9008,8555,-4272,-9125,8360,-7021,-12457,14336,-2338,15579
8561,-11933,11735,-10176,9795,-13055,-3112,-9597,5669,-15139,1174,554,-4984,-16135,339,-7879,-11425,-2970,14380,4828,6725,430,8601,1240,-8280,-6544,9995,5032,-5151,-2297,-9006,14059,-11522,-965,-319,7828,-14546,1531,-1739,-2754,9378,-6509,13814,4618,-13150,-5184,-11338,11244,-117,-6363,3390,-9787,3,8485,-5250,-7106,-6108,3470,-8935,-676,-616,-2568,11879,-10307,625
-16116,-10378,-9667,8155,13503,10191,-7109,-13919,-8187,-15021,10169,-10208,-6861,14610,7944,8831,3819,-7666,-2195,-7498,1063,755,-6823,-2063,-11192,9823,-6676,15245,1886,2709,11319,14295,-11497,2275,-10431,-7309,-1852,1563,14213,-8605,9863,10718,-1100,14156,15399,8065,14491,7417,-8690,-6830,14240,11185,-7093,-4764,11144,-14200,15986,3011,-278,4771,-10299,12753,-5197,3090,-10389
-3787,9190,5829,-12406,15103,14378,6509,2065,-7197,7695,15091,9692,160,-11627,5373,14263,13912,-14643,-694,-7125,9755,6656,-5263,12264,594,8653,-4959,368,15196,-680,-1825,-7689,-7675,-1853,15896,-938,-6409,-9998,-3703,9970,-10590,-1355,-9723,-718,-14320,273,-10531,8289,10000,-6067,-1563,-1191,3802,-13092,-15398,716,4869,6184,-15452,3052,9506,12198,6116,-3416,-10639
-7291,9500,16373,-10209,8975,6211,13876,-8876,9528,-4534,13,14540,6699,-11031,-13071,-14787,16231,-6080,6739,4220,3410,-5219,-4563,14578,-6303,-11528,-4760,14062,5217,-10392,-5908,11587,-12863,749,-10654,11640,1994,-13387,-13759,-4113,9959,-6067,5090,10386,960,-3206,-13836,8555,-13762,9739,-5381,-3400,3309,2352,2938,-7686,-13859,8517,8102,6751,8429,9674,-12757,-10448,-1271
-10672,4034,-13541,6452,5576,-15772,-3686,3006,14316,12125,-15399,-14253,5124,-8177,-11089,-2073,13875,10845,5710,-10314,-9297,12378,14315,7257,-10493,-10984,1952,-7774,12396,-2103,6992,-2406,-5449,1600,5070,-212,6195,13523,-2926,-3041,-2209,-7639,-13797,7113,-3482,-919,9443,3568,-241,10354,16362,-2854,-2922,6461,-3624,-3796,-12860,-2925,11523,7427,3419,7774,4391,782,-8854
12228,-9490,2346,5439,7201,584,1014,-13748,16060,7158,1143,280,6374,5157,-10338,11189,-7430,-997,12857,3506,-1043,-15606,7811,9185,-14105,7652,11192,11711,-10983,7249,-2004,-2705,8900,-13559,-1098,-11981,11707,12470,-1812,6275,-108,5304,2074,9489,-7086,-15998,7815,3632,-8780,9698,-7444,15832,11228,-7577,-10464,-12138,6593,6164,12395,3439,-11940,-5139,-9794,11397,-14036
-14781,6398,-13465,5705,-6795,-12686,5304,8697,-15858,-6474,2252,588,5562,-8082,10977,-1275,-6665,1665,-8670,742,-15614,-1480,-8028,5027,-2425,3658,5820,3650,-12234,2340,-2220,4835,-13808,11512,-14494,-12181,-6182,3981,-6396,5764,-2139,-6397,15568,-2961,4870,15848,13056,10620,2021,5663,14570,-9009,436,12559,8422,12844,12288,12190,162,2350,-1598,-3796,-1308,-11935,10702
-8326,1050,-15798,-5951,-11845,15265,7506,-11702,-7209,8048,15014,-16381,949,-13410,-6549,-2256,12280,4840,2923,-5497,5458,5553,2699,5343,1935,15498,-9451,6556,-14007,13434,6492,-8759,4669,-8837,12714,-11692,-5978,-7239,-10843,14895,-9228,12889,-4354,-8295,1783,3930,-9145,334,4522,3150,-14005,-9916,-7548,-15028,-9396,11226,-15818,11188,882,-2,-5033,12970,5024,-9834,-4076
833,4820,5904,1620,-8700,15910,9387,-12338,-13494,-7152,14954,-2740,9543,7366,-405,-7336,1494,4501,4126,-2509,-1256,13799,5634,13199,-4686,5399,-3602,1965,-8047,13050,14392,12826,15486,-13602,8606,-13376,2592,7152,7426,15986,4496,-4640,-12727,6136,5801,1737,-13870,-10899,12098,711,13826,2655,13507,-10471,-4967,2835,2543,-5809,6685,14615,2741,14179,-15838,-15615,13868
-15578,-11814,9214,-7668,-15569,11096,-8975,11008,1503,-11357,13160,-7095,-14809,9509,1919,-781,12993,-8979,15411,10846,-1052,9000,-4129,-6738,-9877,-7283,7834,-1920,3657,9695,13319,11568,8333,-9455,3631,9729,1901,-12186,14848,-14752,2488,3083,3574,-10498,4341,14082,-13320,-12310,-9734,11178,2506,269,-14905,1701,9645,-6918,-12997,-10175,-8073,2577,10809,-8571,15803,9362,12291
