40,
66,
13339,15316,14979,15452,10340,12201,-4337,-16297,-4075,-4476,-7650,2832,8533,-13440,7427,10043,-333,5737,13612,-11787,10090,-2626,-5698,2341,8065,11108,12270,1842,-11306,-7620,16012,10227,10088,3270,-3210,15694,-16078,12765,5702,-13756,5680,1710,-14322,-6097,9901,1898,10898,-12830,-2163,11261,-15238,4524,7968,-12474,15847,-153,2481,11231,715,-10821,-13917,-5269,13744,1892,7546,-1639
8962,-11734,10861,8170,2838,13028,3854,11575,-5376,4544,10094,3562,-15550,7678,-7762,15839,-14224,6954,15263,10173,-6894,-4190,-14342,-16319,-5817,10101,-3892,13841,5130,-1019,6858,806,1130,8767,6501,-2069,-12729,-6642,2158,-14818,10266,6751,7134,-3347,1580,1289,-1511,-9454,-16360,-11762,2319,1191,14735,10335,-3743,-6123,10987,472,-13452,8940,3867,1358,7048,-15255,13433,-15089
-9952,6522,-4487,16128,285,-1112,-11984,6464,3692,-11959,-451,9906,15374,6696,10452,-5600,6558,10734,8356,-9490,2847,-6678,12449,-2515,-7896,-13771,13331,8685,3612,14359,-10860,15449,-15938,-4950,-6977,-689,15774,8599,3933,-2743,-9917,921,-1922,-5172,-4370,7314,9884,13382,-15354,15534,14413,5930,14431,13637,7020,16279,16311,-12063,10101,-9752,-7080,-13928,-6115,15660,-6318,2130
6840,9028,6691,-13466,4365,-16132,-13925,-9341,-14529,14886,-187,19,-10020,13087,-1475,12598,5477,5155,-9379,1701,8753,9846,-12843,-16243,-6908,-15120,-9546,-11569,-3625,13887,-14586,6740,-14716,-4661,-2458,2389,10203,-6250,3069,-7177,-11817,-10160,-11979,-13744,4308,10596,-13663,3742,4573,9107,-3885,-4919,-6046,-7743,14682,3557,673,-434,6963,158,602,-9925,8908,-16009,-5788,6372
3945,1937,12841,2931,-5132,-15757,-8441,2360,14066,11940,-11845,13752,5116,-14041,-8381,-2658,-13140,-2069,-8941,-8455,3672,8811,-5959,14816,3727,13389,-2116,12718,-11040,351,-10162,10863,-10697,-2009,6138,-3517,-8624,12182,5793,2380,14114,4410,-6820,-13230,2102,-3445,6,-9245,2029,-10405,-9765,10229,11376,-11129,-16030,-2516,10966,2448,15199,13772,11126,-13262,-9132,-9468,11315,2010
-7523,4772,7093,-12311,7088,14844,9606,-13053,-12744,12736,3511,-11152,-12053,13759,-722,9438,-8664,2594,9544,1880,-736,2304,8082,-2750,136,-15410,-13427,-893,-6481,11594,12145,8463,-10775,10116,8552,8839,12198,4861,4909,-8426,4711,-2390,-2837,14814,-2950,-9407,1193,-4261,8751,3841,-6406,-6473,-4860,1909,-2419,3688,12105,-11859,4587,-10581,-14816,-9831,3183,9492,7505,-2050
3123,-8603,6355,12914,8745,1183,-12667,-5492,3008,-11340,13659,14644,-4224,6264,14308,14048,4989,-7549,-12480,14150,-14188,-11653,-13666,3124,10139,3508,-6991,-4025,6507,12116,-3276,6690,10308,-9556,5316,11108,-996,35,15023,5639,1237,6890,-5538,15223,-2069,-12467,3191,-15110,-5585,8803,-7755,8201,614,-12785,11822,-16072,1166,-2741,-1993,-11302,-4580,-10054,5743,11572,1936,-13485
6859,-2142,8142,1783,1171,3645,6086,4761,14914,4386,13213,-5650,-1525,-14801,3055,-14475,16134,-1250,-11605,6977,15930,10009,12474,-15747,1356,3250,-12663,-10096,9386,-10550,-14407,4837,-13005,-14137,-13645,4623,-7468,13491,8991,10466,-12611,-14134,9252,11100,6440,-12013,4346,-1852,-1553,-441,-12402,-7059,4575,5714,-8329,-3083,14294,1775,-2979,-6978,-3255,10298,-10631,-4365,1550,-6825
9819,7241,-6478,10798,-3230,702,-7565,-13012,-15173,8510,-11133,13512,-1338,12806,4330,-11469,10865,11819,-1426,10964,12263,-9822,-382,-10024,12936,-11299,5599,8987,11591,-5848,10688,-2237,12938,-726,-13658,-13234,1986,-12592,9978,-11139,8109,-6959,13808,-615,-16215,2723,5089,-6187,13098,-3007,10256,5844,11227,1274,6667,11994,-14005,8193,-6337,-12126,11613,9888,12198,5802,-7800,1927
-2258,-11467,9000,1926,-10990,1686,13915,-1996,188,-2324,-11483,-1533,10541,-16209,5598,-4438,-12662,12915,-2979,-12046,10465,9381,12223,-6951,-7966,1605,-3399,9375,15290,5831,-10628,-11361,-15712,1330,2360,10959,-15696,-1021,-1441,-12599,14517,-9679,3772,-14272,8620,-5490,-859,9993,11751,771,2455,-6663,4249,2883,15097,-474,12640,1962,6773,-8246,14480,-11186,16032,-11333,-6114,-11039
-7193,7227,-12361,-8358,3024,-1738,4771,-8636,561,-10646,2112,2627,5828,7328,-13796,-5875,5442,7216,-7984,-14075,-8385,6279,6853,-5169,-11697,415,-5910,-15660,12293,-8671,12832,-16381,-8451,11017,-13164,913,-4679,-11907,-7770,13231,-2772,-4235,-13739,-172,-10281,9876,5973,3241,-2157,8138,-4447,-7728,953,14749,-12219,11611,8603,8474,-3933,11890,3078,-11321,-4006,-3208,11955,13210
3657,7901,1198,12537,2599,-1996,1750,4120,1363,-13397,13335,6087,-9189,-5585,6816,-12827,-5891,13026,-8871,-4423,256,6284,-8919,-2011,9208,13834,12245,10176,4338,-1901,-15629,-14294,7543,12473,9635,-12401,-2940,1019,15161,1406,-8321,-13841,-8788,-15957,10657,-4173,-16117,1990,-11038,12423,-14878,-4133,-3488,15863,1838,9473,9461,8735,-8088,12134,12932,14932,-9449,7987,-15362,-11583
-14117,-5174,225,8881,1133,-4692,-2643,-2241,13126,5779,427,-11050,-753,-15379,-12103,-7437,8348,-9236,-15414,-7676,16022,-5811,15044,2424,-5378,16027,10791,-11633,-4661,7125,8043,506,6185,230,-12160,-14564,-5642,-3171,8192,14863,11631,8688,-975,-5227,-13597,-9160,-16121,-3011,14995,-11585,-8373,10183,-12869,-2271,-8111,15416,-10257,-2628,-3264,-7148,8147,6599,-10957,-14298,7136,-11510
10150,-5362,-10416,-15358,10516,9494,2201,14768,-12292,1269,-7531,-1562,11393,8470,-5058,7190,-13758,-3568,-14462,-1148,-4274,12511,-3944,-7278,-6306,13348,-2194,15470,-14524,1169,16305,-14063,-11692,-12596,-2612,8236,5024,-15442,9035,-10072,-2380,3063,-12091,-2759,12879,-8081,-5749,-7167,-10974,2465,-4624,4546,6923,-12395,13910,4218,11942,4100,-3572,-12076,-9654,11410,-86,-10591,-12748,13111
-9081,-1698,-3626,-4762,12779,3207,14110,2942,-11440,2704,-12226,-8742,3134,9074,-9187,-14683,-12462,-1397,12872,-10405,-7001,-3444,-16196,-15308,4697,-11588,10960,6546,7904,-12923,11188,11322,1142,9656,-16340,-11786,-8279,4417,6812,-10359,-11378,-10818,3699,4839,-3020,-5288,9176,10768,-6555,14443,-1926,-5907,1811,16263,2045,16181,2265,-12198,10797,-15812,-15910,8546,10162,-2925,-10351,-14507
-1586,10450,15989,-8087,1440,-16064,6023,712,6020,14522,388,-4926,9183,-9899,6958,-6593,6520,-9380,-11736,11296,11784,-11980,5404,13848,-11930,-13374,-2892,-11302,-5490,-8715,-7328,4757,-8671,9285,6584,-1150,-8315,-3453,-12998,6000,8478,13575,-10934,-9890,-5803,16352,-5639,8466,590,-15888,-12279,-2874,-8082,-12590,353,-3502,-13666,9596,13187,9704,-3099,6320,6414,14632,-10046,-3592
13776,-12574,-13253,2869,10737,-49,12565,9322,9374,-2052,15112,-3664,8936,8754,-6506,-4324,-5786,-5940,3294,5310,5276,-8672,-3148,-462,-9579,15419,8959,789,11994,-15088,-7670,-3757,-8177,15675,-11891,-9737,10858,3055,-4892,13167,5070,3539,1991,-3403,4179,5269,14079,-5196,-11328,-12901,-9436,2403,8914,-6290,-11654,8056,-3462,4712,-16236,1130,-15599,1114,11313,9277,-2758,8637
-1159,10346,11559,14105,11253,-8990,-12488,-9533,12516,4180,-4894,10737,-13208,5156,4399,1675,-2665,-8603,1988,10013,10100,7352,-13520,-548,-5146,9457,6198,-15727,5576,16020,11928,-907,12335,15037,15154,-13369,-11220,-7625,-10797,-2547,14164,14516,317,7118,-13440,13913,-7680,16150,-712,-14219,-3304,630,-8858,-14650,-15726,-12119,-4599,-11237,11479,-11591,12500,3486,-10082,-9950,11157,4041
-16187,9694,-2078,-1449,15282,-6023,9786,6761,-14867,8827,5774,-15630,-173,-4767,-7188,153,11448,-7869,14930,14186,-6203,6555,-11926,-4544,-770,-13920,9188,-15990,4040,1602,-14148,9717,-13844,4270,2195,-14295,-8034,-3896,-11095,-970,-951,-6497,-13066,8091,-6374,-15489,4322,9755,12398,-9588,-4384,9086,-4687,-3050,8064,-3702,2201,-4952,-12784,15057,-13250,15910,-4244,-8770,12691,7667
7008,4615,-11972,5596,-420,5742,-240,-14415,5339,7959,6831,6794,7419,6741,13044,5427,13864,-11257,-9798,1520,14357,16130,2583,-15648,-6003,-6365,-807,-13714,-15147,-16003,-9678,-14153,-9551,6157,-13605,15596,7365,6780,11652,12855,-1570,15169,-4300,2393,-1634,-11853,1562,-303,9961,-7441,11589,-8438,-10316,-12991,15288,7463,-6411,12017,8738,9931,14948,-10007,7687,8896,-5694,386
-12429,1078,-8200,-5217,-3530,8418,11295,6364,3585,15363,-10267,-8801,-7691,-6161,-14262,-12449,-8570,-198,11725,-12889,-8517,-16281,-4256,-10204,7348,-11560,-8527,11882,7212,29,-11646,15413,-1081,-15801,9725,-15217,-11250,-11934,-3096,-4615,-11694,-4441,-796,9744,-13669,-6834,10639,-8954,-2531,-11180,9319,14890,-1147,11377,-4262,-1270,9114,-15515,1591,-921,7473,-11213,15523,-4510,-15952,-6674
15806,-13862,-6726,1898,10933,11995,-1943,8566,15026,-9910,-13298,8718,5335,8451,4840,8974,10971,-2669,-14395,6310,9375,975,-12875,1015,11281,-2603,-15733,-180,13994,-15849,15620,15943,8985,4143,-4757,-5466,5569,1091,3670,10773,3422,-4128,-10356,-6235,-3241,8116,12999,-3652,-13922,-3747,-3286,6148,3001,1748,4654,-11063,9549,9696,2405,2706,-11449,-10973,-6376,15272,-4231,-8938
11068,-15220,14368,3978,5213,-10719,-7904,-7460,8060,-12784,-9804,5528,10119,-939,387,11041,-9385,-956,6803,2818,10054,-12034,16344,-2622,-3630,-3955,3956,-14453,-10529,3483,4368,-841,16170,-11760,-9836,-3604,6838,8443,14804,-12920,-7660,2062,16219,15352,-5163,-13169,10283,-6933,-14543,-10021,-7115,-13373,-13185,-5321,-14770,2612,9845,13583,14525,-2819,-11070,-5173,-14179,14056,13779,-4081
10344,5277,5618,10519,2296,4970,-6757,-3335,13013,12678,-12630,-6921,151,4919,-9882,973,-11842,-8001,6818,-6510,-9657,-10779,-5112,-9075,8639,-673,13963,14027,7114,-10722,-16172,-8089,1977,-9535,-1595,13583,15222,14210,13023,14850,-12168,-14417,9429,975,-11688,-11262,-15398,3104,-11997,3888,3359,-12342,-13725,10177,-8575,15270,-8799,-6608,-15174,-1439,-15722,-1695,5526,5016,12830,-16152
3146,12365,-12750,-393,3168,-14133,-8889,-13222,4786,-8400,-15990,9197,4662,1169,9569,-200,5918,2856,-4773,-8971,-12433,-16231,-2811,-4813,403,-11099,-390,-1689,10818,7773,14033,-12982,651,-13188,13918,13991,-2697,-14153,-14960,13050,2966,8239,16380,8614,-1657,-8484,6370,3810,-3525,-503,-8646,11128,8994,-1141,13360,12442,6570,-9651,-5946,4364,140,-10816,-2825,-6417,8758,-3848
-1647,2590,546,-9704,12462,-8262,-873,-2231,7837,11849,-1356,14340,1947,9697,-13492,14009,-3200,13852,14120,-2782,-8257,-15680,-15364,7942,-16183,14643,1486,1106,-7015,-12149,15707,1401,2713,14816,1348,33,14065,1055,-11513,-16142,6879,-6591,7881,5151,-4425,-3925,-12391,12445,117,-7349,14401,10699,-15770,4723,6344,-10020,-12742,7733,10121,-7174,10027,-15388,1055,-10895,12514,15176
-10255,-10591,-12128,6404,8694,1537,1802,-4585,1631,7701,-12756,10087,7134,-2836,-1968,14730,4139,14780,14696,10056,-10145,-15877,13868,-4324,1434,8689,5517,14959,7293,-15360,14585,13828,9764,-8224,-7392,6292,6401,-2710,-712,-13294,-1266,7235,-9674,-11599,-11502,5864,15993,-5199,-540,-6955,10887,-507,-13454,5964,-15970,-15491,601,-994,3195,-16123,6911,-14900,9894,11670,8984,-5010
265,-7601,965,-16219,679,6957,2128,13983,-12285,-4798,-3541,14173,14710,-8655,-15865,7269,4458,10362,11746,4716,-4903,-3013,4982,-3039,-2246,-10758,-819,-6026,-2925,9666,16333,8355,7679,9860,3358,-471,11666,-14205,2981,15933,-586,3789,3750,1150,13853,-3378,6591,-16013,12614,-12337,-1698,-8822,-7617,2312,12699,1102,-7940,15726,-12960,13186,-2606,-1309,12511,-15376,2830,14205
-9773,7705,-9519,13168,-12965,-5820,-5541,-3684,2377,4820,3139,-1948,-14630,-7259,-15634,803,13114,-1926,-1251,-253,-8018,13005,11476,1776,-10626,14404,15217,-2317,11716,-6719,8377,10034,3270,4224,11954,7891,9206,16316,-14741,-4731,9952,10743,-7966,-4035,12462,-15562,-8185,-12242,-7761,4659,9352,10244,5743,4055,-14583,1339,-9329,-192,11003,4248,-5505,8332,13181,10351,-5182,-9549
1969,-6108,-2913,16014,14801,8589,9160,998,-11441,-9222,15140,10083,-14049,-2080,743,-8453,526,9110,16374,-2676,10747,-4866,-8856,9814,14281,-5103,10824,14907,-8423,13775,-772,-434,2807,9943,-10534,-6125,8061,1930,13708,-15962,14511,13961,11705,14015,7176,7979,11244,-8169,-7132,-12859,147,5714,12400,-8752,-6922,8686,-12506,-15430,11276,10855,13975,-7402,5203,8871,-6536,6510
-249,794,4012,-12374,-2032,-12216,7877,916,-14327,4609,-6281,6305,-8245,-7524,-5710,8751,1139,6076,8389,14130,-2818,10849,8040,13061,-6649,-16269,3216,5635,1623,-1443,-13496,-12808,4901,-14059,-8456,-9515,10903,2663,-8353,5986,337,-16123,-107,-8171,-11433,15662,1088,-13400,-15136,9087,-9021,-7715,-9195,11287,1190,9561,-15056,-14798,-14853,-7986,-15964,15216,5805,10257,-12705,1988
10130,-10352,1547,3532,16306,13902,5940,-13174,14738,-7349,8473,-9863,-1766,-404,-8318,7657,4188,-13133,-10055,13766,8912,-9780,14328,16338,-14328,-2835,13037,-8994,-13314,2302,-11156,-12816,8877,-3602,1833,-8212,-8182,10390,-1613,8870,8613,9488,12962,-5149,-1714,-10212,-3972,8632,7167,-7975,6653,6457,-5665,632,-5665,10083,-15703,12657,-12690,-327,4410,-7461,487,-14351,6123,4837
-7936,-14926,-3985,-5912,14723,11763,5186,-7885,-14349,-6964,-3813,-2206,6233,-14180,-12341,-5199,5007,2675,-5538,1492,-4013,15996,4415,1636,-3968,10214,-12093,115,-5822,12275,-8829,9864,-3064,12012,-10747,-12043,-10861,2804,5718,15864,-16352,13864,-2698,-7384,12256,-3726,-13146,-5188,-11910,-2401,10594,11494,-1202,1938,-653,-13938,-7500,5023,-371,12423,12838,10367,-1393,4371,-14582,-11325
7392,13322,-5344,-5933,15746,5762,-1143,-9184,9416,6667,4861,-4948,2883,14851,-9527,152,-8003,-8187,-14826,9144,-1687,11951,11435,-11423,767,1761,1027,9818,7627,-6918,-14526,2181,-14159,7556,12232,-11571,-4550,-4664,12190,9591,1917,-7180,5121,4835,-10805,-2559,6790,11095,-13722,-14041,-6837,1293,-4776,-2360,1686,10296,13590,12852,-15037,5661,-14311,10944,286,-13718,-12811,-4415
11517,-11004,-10433,-7804,3203,-7517,4446,7485,-11874,16359,5769,-11460,-89,-4058,-13746,-15465,-12178,-11236,-8835,8283,10017,-10012,-9786,12560,221,1782,-13538,-7819,14499,8748,-13427,-8857,5219,-15016,-3011,7774,10865,14164,15563,2571,11592,8465,-9397,-7341,-13893,-7114,4368,8201,-4647,-16163,12597,-10551,-2817,-12271,-1310,-7143,4337,8930,-7188,2770,9761,14593,-12967,-9035,-12048,4889
13562,1417,-9391,2078,12001,671,-5637,15221,-14103,11880,3749,-8625,-279,-8006,6882,-12425,-835,-14254,-9884,903,-3850,8925,11532,-12438,2500,-5140,-12736,7038,-15998,14940,-7971,15412,14976,3235,-7477,-15030,-2811,-4569,7743,-80,-12352,4681,-7233,776,-9585,9633,-4997,-10109,-2978,-16188,-5559,15190,-5963,10894,13736,8622,4381,-9518,-7961,14642,-985,-10907,-15446,-15230,8749,12156
-6294,-13415,664,7699,12672,14924,9750,13274,3508,4506,-9299,-486,-11300,-4743,4735,10640,7000,659,-12403,12050,14320,-11963,1304,-9082,-10815,15004,-13950,15089,5146,-209,-14432,-11388,-8628,13928,15315,-6397,-6654,-12715,-3806,-9227,8339,-9605,16031,13472,14206,11871,7708,8686,-9140,-1226,-11011,3744,-115,-12667,-12473,12129,-14226,1407,14980,11932,-14988,12495,-12388,-1892,2492,2184
-3500,14583,10215,2761,2190,-7366,-10251,-3013,8653,-8547,-10943,-6892,172,-69,10072,-14269,-1730,14716,-10385,7434,-15059,-4888,-12915,-9992,-2515,-11395,8938,6378,-5099,-14637,10379,4032,-1796,-11475,-2127,-13389,11756,11480,1591,-6797,-14228,-515,11160,-12052,-1990,-1405,420,7111,1501,-11736,359,1310,-14422,-13370,11953,13516,14843,-451,15690,9961,-3854,5659,12915,-5748,13726,1596
7891,2790,-10304,-6023,11358,-15304,13334,-6728,1291,-8427,12393,9674,-4338,-10744,7114,-7137,8952,11795,-15384,8592,-7151,1678,10303,10424,15382,14049,-14742,-12301,-14048,12122,10561,-11352,4687,-4519,705,5082,16327,-2364,5011,-4013,-10627,1416,-4435,1748,15737,10845,9392,-7253,-10647,-5186,-7281,5296,-1370,2915,-10480,11291,5476,-11848,-3606,5723,7275,11973,-5473,16165,-8608,-4385
-16241,-5154,3386,8268,15024,-8102,-1383,10641,-14977,-43,-8590,-3059,-8205,7161,-12117,-10772,-7097,13116,-1370,-590,11398,-8079,5627,-3051,1036,11699,7030,15050,6201,10516,14156,-14559,3639,11237,9171,-10907,8863,-7822,-12273,-6672,15748,7269,8310,-3858,-6725,-12771,15778,14944,-9335,-7326,9312,-5757,-6792,-2274,5874,-15286,14377,-5827,7436,-2623,-12382,-3631,-13832,6746,-2256,-10285
