40,
67,
-781,480,-8709,-805,-4136,6188,-5963,15502,-12219,15347,7929,13294,-13835,-11455,14859,-3068,7248,-15285,3328,16200,-2278,2698,-12651,3433,-10081,-3243,6068,-1373,-10957,-10097,-2023,7194,14994,3162,14830,5543,-6428,-5107,8896,-13165,6045,2689,3143,-9589,11165,14273,8154,-7828,-11289,10171,11486,-5401,-12738,12268,3789,10225,11935,14979,-6136,-13963,7562,8569,-1389,5978,-8966,6390,10943
8602,-675,-11010,13428,4143,-7156,5428,-8960,-3190,-15016,-8303,-1475,13623,6120,-5800,-4730,-13497,-3771,14152,12716,349,-12253,5354,-4759,-10572,4694,7107,-5704,4327,11009,4487,7442,-13129,-9324,4157,-2975,-13029,-5651,14993,-11260,5308,6313,-9949,-12681,-11019,-1634,-4280,16059,-7487,-9797,-2549,14333,559,7836,-3090,-3851,14012,-10183,-12964,7066,2576,1068,13339,-14100,-2652,-8378,-6878
-9644,3347,15397,-156,-12255,2362,7392,2334,-1021,5023,5144,7562,14413,1511,-11479,2282,9716,10453,5705,-2884,14175,12695,7251,-10366,-9468,14814,852,-7843,-3758,11737,-15029,6133,7895,-921,13792,-3918,11288,15082,14113,6404,-12134,6005,-15480,-10062,-12229,-15178,-2819,-3562,-4130,13904,10777,8090,11257,-11767,9285,-2218,10647,-4575,3434,-1107,2160,-13323,13745,-4749,5524,8671,2959
14264,-10670,3532,4755,14291,-9989,5289,14958,1873,15732,-8958,-4867,8599,1528,15940,12656,8710,5995,-11080,-8871,-16097,-15098,-6780,14170,-3056,15656,-56,4281,13679,-5031,10188,6855,-4843,-14999,-5418,-1639,-4197,10042,15295,14824,8746,13389,4334,-5683,-11530,-694,-4869,-14183,615,1417,-11127,13797,5328,-16370,15106,-3544,1000,-7551,-13158,-2255,9795,-6966,-8400,-15300,-466,-1147,11334
-3174,-7368,-10369,-14602,15807,3783,-4665,7055,12453,-5980,-7515,823,-9542,-11506,10971,-787,1575,10998,-7273,-15032,-7618,11091,6924,-1436,5430,-3285,-1860,-6489,7733,-3442,8966,11892,11781,3410,-6817,12463,777,13675,-15266,-11142,1375,725,-15283,3323,12045,-6566,-5006,11727,-10697,-938,-12430,1838,-15781,-8502,-7559,-13828,1594,-14560,134,15874,-10934,-5337,13366,1735,-15053,-7398,1554
-9611,-1125,-8807,10374,-5991,-5402,-3339,12716,-4998,6381,-14810,15013,433,2070,12572,5749,15771,-2498,-16314,-2780,-6461,-2572,-16213,6222,-6263,10750,-12300,2050,-102,-10867,4009,-1883,-2286,395,16167,-2174,-13077,-13817,-11691,12139,4410,-11420,10961,-15496,-14873,9405,15267,8837,-14258,-5188,-11128,-4787,13380,10367,-5313,14639,12191,-8897,11325,12991,-9407,-10064,-8006,15081,-8114,-2586,4950
-8711,-2170,-4854,-3326,-7251,-5977,8330,2135,-8439,14765,-12229,14465,-8801,-13971,-5041,1875,-11327,-4354,11153,12331,8072,-6259,-10545,1794,-8523,12315,2620,-12297,-13304,-7041,16233,-1784,-9683,452,14266,-8962,4170,14266,4893,6330,-16328,-6377,-4009,10939,9722,6103,-1194,6914,3899,12918,14808,-6288,-14676,14596,10200,14131,-9531,10796,9045,7582,-12627,8087,-9656,-3670,15273,12105,13804
-3749,-12071,-11601,12572,-6322,-78,-13722,-5229,-14376,12908,-15354,11240,-9567,-6087,-3759,-9961,-15607,-10235,7511,4399,-1932,-13874,-11882,7512,-4298,6860,14672,-85,9664,-13205,-4454,12089,14332,-16226,15909,-6417,-12868,13442,15314,-10638,-14532,5464,6115,11358,10696,-8845,3389,-3721,13668,12727,-11577,-13398,69,-3495,-2201,579,-3877,-1246,-13477,11053,-8134,-8453,10308,-2671,-5888,-13557,8749
8802,9623,8945,-4046,-11814,13126,3665,-8289,6819,10616,-2283,-8190,-1361,14809,-13858,-10946,-10133,-15685,-1855,10651,-11429,15590,-8473,-12083,1639,10121,-800,-14871,11307,10570,2111,12895,-9502,6249,-2960,15962,-7993,-5248,-4600,10165,-13253,7156,-596,-1919,-9162,16019,6189,9442,-10324,10735,-10995,-16240,-5042,14870,-9954,14089,1286,13893,-5368,-15468,5634,8649,3721,7050,-15748,-9711,-638
-8759,701,10309,4956,16091,-7296,-12956,-9807,-9767,9365,-1459,-14549,9762,-9941,4952,14928,14071,-7457,-839,-13145,12472,-13379,13777,-3648,-7594,-2268,-11616,-1239,8452,-10736,5654,-4955,14661,-10552,-14433,525,2745,-13099,1266,5670,1176,-1843,-12941,10967,923,10419,-14750,10131,967,-4519,508,13014,-9680,-13047,1744,5073,-11812,1076,-15610,2575,-9252,15009,-7630,9713,-9061,2995,-10572
8677,8579,-3677,-3738,9066,361,-2488,-8975,-14837,-7310,15187,5815,12495,14141,736,15250,15889,8670,-5738,-4674,11217,-5795,15575,10196,11966,5898,-5371,-10277,-15036,-6619,-472,-3684,3576,-5794,1294,6967,5729,-827,11875,11774,-8116,-7827,2196,7372,-4706,-1561,5782,11246,-1416,13539,5431,9276,8831,2747,-14959,7731,7788,15306,3826,136,8059,5295,15708,-12876,-8305,4244,15320
-9325,-9820,7579,-4328,-4784,5763,-13118,9091,-8374,-9124,-7049,6029,9086,2916,11293,5435,-14084,-1575,-3475,8110,13239,11062,14956,-6896,-5548,11632,4070,2754,3377,-4649,12567,11277,-9392,11940,-2060,12305,1074,-5704,358,-15545,-12014,-9863,-1285,-3797,568,3931,4322,-13579,-135,-11496,10201,3935,8868,14520,9329,-6379,-8344,-892,11177,-15737,10837,2352,-3536,-1231,-14251,5855,183
11875,-14127,-10598,3068,13904,2220,16010,-14026,-7234,-16238,11766,-10443,-15103,12459,-2040,-15758,8722,8543,11686,13800,-5975,6262,-13589,367,-2735,-8993,8670,16039,4842,3218,2572,2343,-9161,1079,1253,6295,-8230,-11727,-12704,-6197,4159,-8407,-4165,-13865,8793,-654,3816,-2834,9203,6993,9135,9013,-7918,14131,-4817,-4506,-14868,-7794,11263,16308,11086,-8433,8347,2954,-6359,7834,-1844
1533,-1473,5469,1709,2170,-11906,1795,12080,-8942,4742,6566,-15875,10135,-2663,-3266,11136,13473,-2596,12412,6559,-404,-10544,15915,15519,-15858,8963,-4772,-2467,5105,4733,11936,-7710,12431,-12496,-11809,-14853,8932,2716,-6926,7309,-9849,9099,-14344,14190,4204,7280,-15437,249,8945,-15691,-16105,11891,-6247,-6987,8895,916,-10370,-3268,-14613,-12366,-3945,-15414,-7496,-5620,8441,14140,2509
-14902,-15911,-3527,-16022,399,14284,-3226,8981,5215,-8940,11330,3961,15201,7117,-2892,-13238,-4794,-10831,13976,9349,-6145,4704,14785,-1431,-8206,-5327,-15429,7396,8974,-5492,-1325,6274,-9525,3089,7728,-11248,-14064,10828,-7858,6503,-1048,12216,-13876,-15926,9671,9204,-14109,1261,-13245,-16033,11651,-11207,-14724,-14773,15689,-9184,10598,-9038,8011,-10329,-10561,2425,-12060,8187,-279,-12481,-4076
10091,-15410,-7317,-4569,3244,-10053,-14743,-1281,-16084,8539,16314,10748,10133,7976,-3303,13874,-4351,1120,1556,-4543,-6952,7512,-11804,7531,-11942,-7645,-8826,-3913,-2778,-10566,3633,-706,-7759,209,2706,-15757,-9871,-3919,-10315,-4963,-198,-1928,-2313,-13777,11340,-1943,-1363,-9502,-2415,1213,3831,-9175,-5522,-14992,-632,-8162,-14110,-16151,-13939,5772,12699,11825,-3972,11824,-13071,-15346,15725
2741,14125,-12102,10981,6205,-13830,7213,10084,-5025,15998,8610,-9081,970,455,-3092,-6226,13431,-5731,13134,-15637,14563,12049,-15128,-14899,4832,9966,-12898,1029,-13693,15127,-13479,408,5457,-12166,15693,-12671,-12183,-2599,-8959,-11393,13596,13920,-13353,-11251,2237,5890,-12189,-9453,5987,-9425,-7768,11475,8322,6552,10046,13294,-14916,7165,-13860,-9959,-12868,-12433,-6275,2609,-9958,11527,5003
-7708,5682,5884,-5099,8906,-7505,7996,-5200,15712,-8055,11453,-2752,12430,6894,-5264,-11814,10807,-8284,-14296,3067,1397,3322,12211,-11020,8318,2750,1317,4192,-2206,11219,-2460,3344,-2713,6994,2823,15480,-15291,-7921,-6965,5968,-14974,-16150,15161,1050,14243,10114,2247,610,-14792,-4623,15368,-839,13459,46,12235,7312,11826,9935,8536,-6196,-8114,-4952,-13650,-15746,14014,-15030,-7175
-8353,-12723,2148,-13484,-14670,10326,4605,15700,16199,-14429,-5835,1106,8570,5919,-12623,6922,11397,-13045,-1886,-12785,8907,10468,2290,14428,-852,-8322,3411,1244,-12681,-9863,-6850,12536,-12247,-1525,-14743,-1563,2643,-12912,-3276,11455,-3537,-13486,-16196,-14551,-13946,-1675,-8903,15120,-5647,-15454,949,10086,5995,-7330,11072,15761,-5283,-617,16108,-3696,6403,948,2607,-8132,-6832,11408,-6824
-10645,-4001,-9068,-15458,-1887,-6313,-7155,-6011,15116,2821,-14552,-2221,11554,734,247,-14861,12924,-10195,-9642,5170,-10441,10089,-8790,10334,3195,-13428,9124,-10145,11104,4637,-3986,4748,-5254,4436,-4991,-1266,-15448,5413,10293,4854,6063,-12447,-7315,-630,-7854,8553,14310,-13126,7612,-271,-6583,13731,-13864,-6118,-14365,-11527,11346,8693,-10333,-5621,-10888,14038,3389,2778,-4989,-2016,-7919
-706,-4398,2365,-6503,1521,-10520,-7259,9797,-8901,-15338,-1279,16094,-14092,-6264,2534,-10484,16071,-10444,-2059,-14882,-5859,-5893,2373,-10756,2002,-13827,-7455,2985,-10698,-11168,-9509,-9326,13871,6167,-9623,501,-6096,3321,1283,-981,-10923,15088,11828,16252,13390,-13250,-7066,-7456,9083,13148,15850,12758,-13548,-7775,-7100,5574,-13580,13968,-6462,10930,-8883,11142,-9250,6205,10347,-5382,9340
-15536,10438,11435,-7364,-8505,8637,-12179,-4132,15756,10387,8838,-12731,579,-15254,-11246,-16238,-21,-1917,13346,-3184,-3605,-9274,50,9194,-15230,2171,9672,-7346,-7993,257,-9409,-11624,-3389,-10963,-13185,-3432,-13496,-12317,5766,10183,-15873,16110,-4635,7168,14741,-10198,-1281,-13201,275,423,15492,-10534,-7124,-7380,7227,-15814,-4859,12381,4595,-16375,-3640,-11290,3913,-9930,10149,2930,10520
9586,12333,12658,-1785,12170,-8529,-1577,-4060,11912,-10975,-15992,15692,16073,-15164,-1246,-13477,15363,-16142,6576,-5002,4504,-4347,8688,-1760,6662,-10579,-6802,-9585,-10681,14878,-11745,13703,7071,-9588,-93,5490,-11625,1341,-16138,-15986,7134,-12671,-13195,-8486,11547,11805,-13676,6321,-3035,5820,-3757,-1741,-1792,-13923,11878,8397,-8197,-12337,7450,-6055,-1147,-13782,-8924,-15507,-3729,8625,-6993
-5482,-5798,2014,-8302,-8110,3813,12095,8895,-5337,-15428,-8805,-8306,-10098,7102,15983,-10102,7325,-13913,-3806,-10926,-1698,-13853,12805,11827,1569,-8562,14265,-12921,10333,-11639,1636,-6560,-301,15845,-3759,-10597,-13990,9754,-10021,-2063,11802,1,13455,-2203,-9836,-3565,10944,-4414,-12280,3902,8749,8545,11838,13135,-4900,8976,-7061,-2421,-5055,-4135,-5669,9101,-7358,-15531,-9926,-11277,-14196
12953,7161,-12798,14367,-11427,-10349,15112,-11621,14561,12047,-11804,9741,-5452,10045,51,-10802,8146,-1084,-15388,3834,4670,-4038,-4764,9358,-15155,14824,1716,-6538,10283,2195,-7363,7249,-3507,-837,-10852,14345,13688,10308,-12164,-14599,-13485,-1428,9536,-4506,-7360,-11061,14586,-2001,-12060,-269,-15305,-15283,-3686,10102,11487,15745,9716,9831,6389,-14121,6751,13988,8036,-13093,15208,5187,12967
-7599,9851,8756,-9700,-14985,-9242,14242,-8100,3195,8259,1861,1071,-5825,3310,-9246,13190,7510,-10263,-11056,3576,-10091,-4563,-15262,-13941,12916,8628,1071,532,-6840,13703,-3911,-123,15272,-4863,15944,-7516,-1214,5480,12681,6361,8892,9606,-8050,-2840,8143,12164,-1689,-15536,8532,-12171,11826,-13304,6708,3430,6268,15709,3500,-9915,1329,6415,-1014,-10410,4067,-8591,9441,6117,-842
1692,-14951,7207,13671,-13083,-16130,-12007,6579,5781,-3780,-7761,7554,15681,-4839,-6754,-13152,-5795,7263,-7313,-2298,-1531,8245,-14344,-10355,-7997,-1599,-10265,-11263,-645,-1320,-12229,10579,-6475,13868,-7898,-6501,12903,-1262,9159,-13488,-4246,3524,2228,15830,-3913,-10865,918,11922,-5816,-14854,-7035,-10757,-14520,4079,4719,3201,-12731,-175,-6115,5805,2394,-11021,6602,3149,1330,-7912,-9179
-16207,6437,16289,13902,3866,14983,-13865,12294,15428,4230,15985,-14626,206,13500,-4670,14860,-6580,-6914,15647,-285,-15883,11683,-5306,4689,-3927,-13483,1672,5442,-5804,-13670,16000,2521,-13141,-11428,12684,-10442,4396,15116,3985,-12913,-12296,5425,8286,-4480,2687,-7820,500,9070,-4138,10232,1953,-11319,-730,13326,-2056,7226,460,-8658,3615,4577,-16061,2979,-3707,-13847,12780,-10921,12658
597,3092,-6490,-3464,7150,1850,-12601,-6309,-7081,-2683,-16236,9871,-13276,-13939,1935,1838,15821,-11855,1046,3141,-14548,-1696,3022,-10271,-3094,-6929,-12323,7893,7216,-4127,-7626,9587,-5539,16241,-7554,4817,15046,-7920,12076,-4493,7806,9157,14092,-8138,16300,454,-6525,1480,-4029,10959,-7255,-15233,-9660,2772,15619,-8316,-13479,12996,9970,8164,-1813,-3445,-13665,-1162,-7713,-3981,382
15525,-13538,3204,-2077,6020,12219,2149,822,-15750,-15937,13002,14164,11519,-308,-1015,8620,1292,7456,-7324,14551,-407,415,-6637,11448,-9082,-14911,-2262,10252,9061,13010,14234,9965,-4528,1717,10295,10574,8020,3647,-15403,5079,-2096,-10815,-7387,-9021,243,-13107,9464,-4351,4086,9241,14317,2511,-10409,-3187,9857,-9633,-5582,14877,2691,-1129,-6823,-2054,8594,-8325,-4948,3673,-9138
-8872,3464,6934,11908,16122,-4546,-4563,5030,-2659,-876,7459,-14077,-8303,10024,1442,-16155,-4577,246,-5172,5811,338,10542,-3233,10657,-9311,558,-8110,4886,-4760,15719,9435,5245,2474,-12181,-7652,-224,-3987,-5309,-4968,-13636,-6551,-14428,15794,13260,-263,-3337,2376,11574,-3192,11032,2757,-4263,9930,-5943,11905,3730,-9357,-15023,5195,8919,11644,-3082,-3667,1509,-14405,8050,-3901
580,1039,-15874,-12394,-1326,-9515,10561,-8474,-15625,-7332,-2930,-2144,3151,-1421,-8831,9844,-10854,15418,-6750,-6278,-15807,12595,-11745,-7886,2606,9798,494,793,9670,-7773,-3297,-9117,13623,-4838,15610,11516,12624,-6344,-8396,8707,15697,-11494,-12932,-13828,1790,-11274,647,-15821,3349,15239,6843,-11692,-14280,12279,-9751,3775,-2889,-6270,-5088,5915,-15972,12194,7361,13912,15266,-4632,-6369
6007,-671,11342,-2099,3040,538,-12158,-2767,9201,6412,11209,-1664,3661,8361,-951,-4712,3417,8519,341,-13524,2878,-8905,9070,-12767,10773,14802,-166,13950,-4326,-655,-7192,1592,6201,1909,-8567,-3647,-45,-4026,-11673,-6964,-6740,-1475,-725,-2929,7092,9767,10705,-14537,12442,8680,-8673,14022,-355,-14825,-5630,-3185,4762,5227,-10934,-11867,-6616,-15152,3081,5103,2020,-4975,8427
7088,6745,6496,-5572,-613,3027,2558,-11651,-13251,14007,-4585,4616,6663,3312,-15181,2286,15022,-6834,-14225,-13441,-2517,-6645,-11866,-14498,-5472,9139,3469,8572,14047,13753,-14104,14738,-4516,15993,-12235,3695,4,-6316,-570,7379,15267,5907,11503,-7076,6772,12777,4677,-10142,-7476,14661,-9777,2187,14920,4078,-12359,-8739,11202,-14252,-7291,8094,9109,-9684,16228,878,-4252,-7094,2475
9156,2597,-9771,8011,15740,1384,13717,4888,-3199,-115,-4562,-12842,-7696,9371,2816,7351,3773,-9691,6083,-9124,-7917,6281,2959,12994,-10031,-12549,9358,-7502,2167,11062,-8028,7184,-10323,-7378,8514,-6065,-1663,-3119,-3277,-8274,2773,4516,-2391,12146,-9795,-1714,-9757,7432,-9592,-4455,-3745,-11061,-13920,-5442,9214,-5254,1929,6467,-10651,-10415,-3335,6784,10946,-1268,5803,2897,-12076
-502,13294,-15437,2143,-1881,5821,-14515,-2803,8548,10006,1478,-311,8518,-5567,15820,-1192,8644,14769,-10926,-12812,4067,-9079,-5237,-15921,-9684,-11049,-11618,-11567,-4628,7222,-4834,14602,7602,603,1944,-911,-10441,-12775,6389,-7521,10846,-2299,-12898,11970,12412,-4866,-681,15110,-12377,-10054,-3791,14283,14130,8841,-13524,4158,11956,8472,6286,-3184,16253,-5189,10433,-2764,-1083,7304,-816
12066,-12570,-9893,14787,6104,14389,7741,7602,-8908,-13571,2688,8693,11103,14309,-663,-13226,6054,-9297,1319,8663,287,-7577,-10617,3327,3435,12255,10362,12659,-14746,-14388,5281,11015,-12422,14986,3570,-1654,8438,-14365,-2075,-14220,12002,-12739,-14310,2144,13070,-9858,-13379,-7913,1902,13336,-9857,4084,-14381,16097,8861,13720,-9420,-977,13973,-13089,15141,-15746,-13461,11460,-9198,-5729,12935
5381,-14997,-11757,10278,8756,-13811,-8884,-4803,11656,14040,-8395,1074,16307,-15503,-3121,3111,8011,16344,-14725,11728,11565,-16263,6798,-14525,-762,4901,-12506,15281,13470,12340,1718,-627,3477,-888,10011,7914,-8016,11062,13210,9185,-10824,-4427,1469,13431,-5790,4822,-7884,-4067,-15335,12053,-13356,13994,9762,-7105,-14273,6017,-9047,-13770,201,-7499,-13508,-14023,10479,8885,-1472,-2797,-2971
2867,5012,-14054,9549,9032,-15661,-5885,6731,10839,-2619,-10894,9507,945,13692,-11513,-10830,-8122,-11406,8543,11960,5458,10334,-1745,-11592,9749,8332,3631,3661,-12751,16220,-4138,6928,2086,-2478,-6156,5507,14063,118,5351,10561,-11217,10876,10174,8896,12801,-10788,-10705,7725,6143,10622,-7691,2545,4624,-10971,14804,-2985,-6448,-9033,-15782,-2071,-7889,6575,-3583,2941,14037,10868,392
-4872,-317,1582,6362,-8220,-14956,-9711,1483,5098,-12760,-811,-15139,-12234,-9988,-7234,14552,-6288,-9914,-962,4801,3459,-11011,5984,-4996,2304,15388,-14445,-1462,-2273,-11089,11106,4927,-3655,6703,-13318,946,19,9656,8642,-14821,-5355,-4361,2356,1280,10789,-16177,9615,14533,-7238,5810,-13180,14377,-2544,1382,13884,-6473,-5157,15546,13894,2569,11778,-11618,-14148,6358,-14286,14949,6845
