40,
68,
-6627,-6280,-15928,1889,-15538,8385,9163,14425,-10349,-11113,-14124,6651,-3000,4270,-12163,127,-3838,2649,11716,-1456,2253,3455,-3481,5782,-16315,-5519,-680,1857,3992,7726,10642,-3553,11451,5798,15623,-4385,-8012,7623,-9828,1370,9677,1908,12593,-9857,-7598,-12443,13173,12483,8937,15227,-1744,3341,-12734,12995,-4937,-12609,12626,-4721,15968,-1251,9710,-4363,-3013,14720,-15447,693,2486,-10493
-2773,7925,15307,2041,15694,6282,1965,-10236,-9069,11396,-6142,9969,-7594,-8624,15776,9315,-12635,1192,8819,-4981,-7031,10373,6426,-2719,11436,4068,5534,4142,13651,-16178,-6372,12380,11250,-2357,-3664,-15628,5276,-12592,2810,1551,10587,1894,1453,-4816,-14382,4436,3789,9473,14168,-16020,4367,14248,-6406,7622,5522,4154,11057,-3,12003,6888,-14915,-6306,8829,-847,6394,7344,-12733,-39
-14726,-10186,1780,-7796,5824,-65,8435,1507,-13379,-14727,3245,-866,11967,16356,-6044,-15866,-5411,-15952,-2547,10485,-15289,-4872,-3897,1436,14911,-2929,5848,15445,12992,-14357,-283,-15342,-12583,-12684,2651,7265,7425,8284,-6738,-15750,14118,3984,12935,6851,-2899,1236,-10743,-10246,10140,-15409,4672,3952,-3532,4202,-3747,2749,-6622,-16147,-2440,9378,-11539,14398,-9891,-11960,4758,-377,-12778,-8393
2822,1213,-10106,5484,-9678,-8441,6115,8979,5960,-8680,-10984,-2046,11525,83,16304,14342,-6855,-16311,-3093,9252,22,5200,-8183,-5804,-94,-14004,-6545,-9753,7135,6900,1152,-15833,-9966,811,-10751,14740,4821,11866,-3001,9549,-9006,-15517,-7612,7681,11463,1963,-9105,-14286,3185,14386,15531,-4318,2547,10998,-3828,7383,9915,15348,-6290,-6652,719,-8789,-13983,-11068,1717,5775,-1010,-9800
13197,-16143,-21,-7383,-9662,3158,15179,-871,-8067,-1866,-7677,640,1789,16262,-7196,-2483,3217,-14870,-11128,-654,13201,13348,-3210,1846,11051,-1751,-12837,-12563,5188,-13243,6205,4218,-1603,-14344,10783,-11508,179,11859,6384,13113,-15289,-6857,-2945,13574,-1255,-5736,-11359,12879,-11061,15957,13207,-12805,-4827,-7468,-15489,15798,-4037,7462,7147,8704,4548,6476,15097,3895,9481,15503,15438,5279
16316,-15427,-4571,9957,-652,2352,-1898,16021,-3831,-1539,12721,-16004,6028,-12382,-6630,3667,-11599,-14444,14435,-9993,4074,4696,10678,-8831,13311,1955,8339,-8395,-5851,-5052,14011,-3521,-5022,4177,8097,-15584,-10628,-9501,-14284,14615,-11094,16227,-12060,6011,-7805,-14669,-7517,8034,14486,-14546,477,-13445,-3628,4963,6343,-2057,-3878,-5819,9573,-2111,-2732,7667,6559,2662,2652,-272,5809,7066
-9449,7396,2409,15238,15182,-8255,-4324,-8549,-3484,-9175,-13670,6302,3506,4565,8361,10708,-1354,6194,-4230,6793,4219,-4024,-1479,4236,-14631,15851,-10543,5651,5819,12920,-8523,8027,1023,13597,-3897,-575,-2106,14866,14554,-16035,10438,-11863,10953,16036,-8051,6214,-5974,-6833,3674,219,-3754,11989,2021,12323,7141,9309,7862,9270,6199,1525,4390,11176,3607,-4795,5098,12854,-8892,-2375
-13723,5017,-2859,4408,-4036,-9037,-9427,11667,-464,-3747,-6764,-15230,2733,-7945,-5955,-13900,12006,-3593,-6091,-11570,11877,12424,-2775,-10871,-2257,-242,-14676,4854,10559,-8498,1615,1143,7717,1752,7305,14930,-11243,904,11716,-5673,2010,-2244,-4883,11535,-2056,7533,-8918,-9615,1043,-2372,1374,16299,-5057,1763,2844,15916,5456,11327,-14866,-3197,158,-2415,9391,10841,-1596,11455,11751,-10239
-3454,4881,11869,10648,3438,8718,11984,-16168,-941,7772,-4646,-11325,7845,14392,-9021,-4005,10085,11168,-10537,11408,4402,-12770,-8347,-10678,-3890,-11081,4534,13296,11056,-9564,-16187,15997,-12803,-8585,5668,-6403,-12134,7935,-8387,-3612,11305,6835,7823,1415,12044,5494,-9929,8210,-16057,4850,-15001,12829,-3015,8944,1859,10461,8332,14019,14564,-10772,16205,6847,-6221,-8291,12332,-8161,-9572,10857
-15663,-3030,-7558,9227,14003,7528,3591,-6821,10359,6395,812,14854,14604,9624,-2995,14907,-12632,-8070,-8601,2603,-5160,-1172,-12146,-1173,10246,-6102,-7677,12150,15419,2069,-55,-15800,-444,-2996,3568,-6464,13763,-636,10119,-7174,-2177,9986,-14650,-6522,-11373,9511,2260,-3302,10172,-5440,10452,-12490,-14123,-8317,2552,14789,-1072,-340,11736,9981,5540,5896,-6376,6946,11962,8023,-6469,-9358
-9518,-7507,4496,-11935,630,-201,-4128,16021,9262,15836,2043,14268,2703,11941,-12665,-4222,14573,12135,-8009,-705,7507,6155,-7989,1448,8745,2715,5148,10073,4928,11137,1347,13020,1677,-1662,13848,-9728,3501,9655,2745,-9676,-2078,-8242,-14533,-4797,16098,10921,6333,8050,-7690,-10538,-9219,13714,-14928,-738,12231,-1145,-10366,-6921,4865,6857,-293,12945,16342,-3848,959,12171,6918,4278
-7776,5054,-3290,-15776,6926,-3057,-1434,6179,-5362,-15925,-9667,-11411,3570,-12170,-14729,-1134,-392,14598,-1808,-14853,-9320,-15850,10377,6438,-2511,803,14046,6967,11232,-11661,-3375,-15319,13253,13314,-13191,-559,-3999,-15492,-8273,16356,-11726,9703,13073,3916,15208,9149,8518,-12992,2268,-2532,-1097,7893,4628,-15525,-1508,1772,-10592,-705,1384,-9072,-10514,-7462,14715,14165,-1085,13510,-1681,-14844
-2327,10862,-8076,-15068,855,3637,13608,-16369,1151,-5037,15038,1638,-8547,-10410,8413,-2991,-15351,-2279,-7186,-8095,-6264,-1956,14857,-5202,-9258,5991,-14074,2293,-3311,-13358,6526,-1975,-13194,-14114,-8735,-14408,-12819,-3798,-2616,-6054,-7189,-15502,-12285,-5474,5188,-11242,14653,11843,11122,6954,-11513,-10129,-16123,7617,-10852,15840,654,-577,-11739,-15666,-10401,4340,-9352,-6490,5426,-9419,-12985,-6390
3874,-14215,-12267,-255,-8108,-4761,-3044,-13476,-6295,-4722,-7246,974,4815,13050,9338,1465,95,-16118,15922,11277,-2497,4995,-11369,-14409,2565,6571,-1751,-5239,-14578,-9123,-14265,-1588,444,-9998,-12834,5387,-4570,-11862,-13391,12261,-12009,12708,-10201,12510,15752,1106,3050,3041,-9128,-10339,-13154,-1857,13146,13256,-7364,-2481,-639,-1222,-6303,-5224,10376,-9202,-9091,2886,-813,-182,10723,-3095
-15480,-7882,3035,14708,-6028,364,-10357,14572,-9320,9969,1220,-14449,-3907,-12102,9555,14571,4769,-8210,-15611,-7317,-7241,-8575,-6653,10912,-13375,12857,4908,2793,13698,-10530,-2662,-12471,13973,-9995,2322,-12096,-5666,-13495,-6390,9088,-4556,-5326,-6290,14525,-15928,12164,-13523,-13661,3184,-7878,9305,-16273,9301,6995,12430,4621,653,-9519,10279,-5533,-2345,4495,8672,16296,6210,-10329,-10927,7800
-12204,9747,6549,-1790,-9964,-3633,16202,1155,7195,12204,2448,5935,-12528,3188,-4611,-16225,-6211,-4636,2407,6152,11952,6681,-9573,-13330,-15221,-276,5969,11128,9558,7103,-530,-1595,-8006,6447,8836,-1419,-7305,1953,7696,25,-14415,-3059,-15995,-3612,-4124,-12053,-16013,-8718,820,4755,13068,12827,-10498,5047,9510,8642,12151,11326,-9901,16260,-14253,9488,12847,10111,-9721,-13466,-6640,-5682
9302,-11082,-2748,8478,5528,-3965,1558,-2519,-8836,-10824,-1597,-14276,-15905,902,7655,-1697,3023,3387,6998,2005,-1507,-5713,10800,10786,2146,-13722,-7520,-10952,10721,-4311,-10943,-1160,-12722,8704,7226,-5021,8097,-6482,-1580,4684,1877,11641,-15632,3560,-15048,13529,416,1345,-4665,6728,13313,-2965,2439,-10442,3209,-13995,13912,-15910,14589,-12993,15838,13059,-12487,2227,-7073,-3329,10982,9109
-13576,-10736,7446,-7478,3480,-6298,15449,-10981,-8603,4888,-12998,-2044,5944,-13548,-8880,-3890,14160,-16243,12765,-1440,-337,1766,-8890,-2299,11884,508,10415,-14120,-15011,-11989,-14455,15996,7722,7527,13419,-12938,-10995,15801,15160,10982,8445,5436,5433,7887,-977,14413,1846,-14104,-11606,-8119,-11607,11592,13084,-9543,7466,-3581,-5183,9471,-9375,2592,1752,14268,-9615,11186,12408,-392,-14130,10574
3558,-8244,8655,612,13442,11730,1316,-9656,5086,5445,-8680,-8626,-14449,-3334,-8220,-5732,-447,13536,11212,-9327,-9234,-10296,-9449,10080,-8257,-12113,-9975,-10158,16216,3541,-3545,7739,2578,-2455,10445,742,2847,-4710,-6524,14368,14422,1164,-9843,9353,-8392,9168,6640,-11256,12523,3128,10662,13099,4560,-8846,-13756,6249,-2146,8229,-14465,-15969,-2347,-9024,303,9592,13998,-15529,-9077,5088
10971,2922,15699,-11291,7698,-1513,-13952,-8364,-12069,-12449,-12155,16066,8593,1762,8271,3624,10732,6438,-9883,14569,-15360,15728,-5981,-6996,13478,-4891,10226,-2613,9706,9229,14917,-12661,-7242,4859,-7586,-624,-13683,15467,5238,8208,-7522,15884,-12541,8103,2225,-9023,-13903,-71,4601,-12365,13620,13801,13898,10400,-1542,-8938,3778,10185,-5047,2428,6057,10489,13811,-10321,-3702,3110,-3695,-9191
14972,6224,8451,-14760,-791,1817,-14690,4975,9843,5352,-3549,-14486,-11746,-1894,7178,-14834,11626,-6654,-7652,-5426,-11983,12584,4275,13122,6979,8508,-9463,-4028,-8304,-14467,-9457,7247,-12868,-4345,3792,-12955,4762,7607,15353,13462,-15402,4926,8331,-7313,-12941,13046,4651,16354,-2976,12702,-10036,5201,7014,3097,12796,-3729,-2526,4225,-5031,11121,-8399,-8377,3652,1372,-15614,663,534,-8288
-4418,15508,-1949,-1179,2923,-5937,-13787,10038,16299,15310,-14940,-6834,15027,6775,-13952,-9702,13076,-12218,-4872,1430,-1568,-12386,-12609,7249,1136,15274,-3173,9778,5523,-14069,12175,13112,8188,-14048,-13234,-3411,13205,-13418,12059,5274,-6830,12040,8955,-9427,15437,10756,-7449,1089,4852,11323,7187,-7475,-4116,15813,-12980,6421,5753,-16275,5186,14705,7271,2591,14282,-22,11698,-16136,-15750,-12947
-136,1137,-8080,-15603,-6089,-7987,-2518,4729,11829,-10002,-4487,7787,-4139,-11188,16299,15586,-9505,15628,9534,1838,12608,-13066,1731,-10868,-15882,-12825,-10806,6243,30,696,-8965,15504,1815,-9173,-1755,-10524,10,1476,-1482,-10466,-7295,5996,2628,13895,-12673,13586,4028,-16327,-12072,-11002,-6237,-9900,-7875,12781,15595,15493,10463,10075,6715,-8472,9903,-2748,3564,-16055,7019,-2128,-16235,-6047
5036,-4368,6793,-175,-747,-11218,5219,-13537,-12515,-14131,-5717,14211,14986,11560,-8316,-12121,-3631,7682,-6502,-1730,9298,-10347,-14640,-11826,2536,-11300,-7095,-14799,5148,523,-1762,3568,-5653,6913,14713,3338,-4643,2083,419,14559,1865,7116,-15063,-1831,-13740,-13341,-5695,-9789,3999,-3180,-9074,11999,4079,-4724,-8363,15333,1250,-6851,-3901,-5136,6939,-8209,15394,9853,6411,5352,-7941,-5185
4744,3278,1552,-11394,-10856,-14425,4464,9302,-7284,-4612,588,10436,-12156,-12644,-12883,1243,12129,-5952,-5027,-14691,-6772,6946,-11090,13841,5066,7078,2082,-5875,12302,-8300,15869,-3292,15294,1926,-13965,6983,13203,-13187,-3088,82,-2228,4014,15840,2220,-14853,-11972,13618,11719,-8057,3609,-442,-415,-8144,13695,-2634,15909,-7628,7300,-2271,-6418,-3836,6335,-2360,7527,11482,-5336,2171,12467
13309,3227,-5386,11239,2669,-11932,-12715,8164,3708,12363,-8416,-4349,3676,6356,-10025,-9317,3975,10580,4040,-5199,-2522,4331,8478,2544,-5523,-5032,-3120,-13702,-8637,-8904,326,-2004,-10494,11057,3177,9940,-1291,11397,-13483,4731,9186,14377,-5890,-4304,1345,-6744,-5621,-9374,-12029,-2279,-13788,-9594,545,12079,-1338,12907,-9996,-5004,4011,6732,-6931,-7337,16031,-510,12712,882,196,12897
-9073,7577,-124,-2880,11268,7559,-13205,-12047,-6616,15564,-6825,10261,-4568,-9493,-13642,-4608,9440,-5669,9398,-1158,-8665,14232,12018,-9422,-1358,8079,10598,-9111,-12299,-13709,-16260,-9746,316,-6714,-5368,11152,-14632,-12243,-765,3952,-887,-6259,6519,-13063,-7890,-4840,4709,3174,-2916,-4524,4541,-3426,-9117,-14246,437,2349,10514,14290,7884,-13821,-11305,3806,-3548,-6684,-14837,15680,6248,14999
-1013,2698,-14856,-8249,-8816,1679,-4779,-10153,1143,-7326,10154,-2427,-1435,-13229,10474,-6081,-645,-3513,-9318,12653,13974,5636,9799,-7364,-14660,-8150,12039,-11577,-10963,-1527,11143,-3445,-1907,-9534,-7948,2286,10615,10307,16005,-10246,10427,-537,5772,8763,4073,-13714,-12364,2990,9476,9764,-5526,-14682,5244,6381,-12168,14055,-16264,-12512,13729,-10682,2880,-2975,-2150,6117,8445,14076,9151,10393
-15821,-7544,4405,11848,-14368,6890,-11621,12722,-701,14365,-4636,-5669,-2252,-13187,-4830,10970,11451,1753,-4496,15042,-2438,14017,9037,1773,7897,6400,13368,3421,-15299,-11966,4282,6031,-5201,3166,-15369,-4249,12308,-6299,2298,9030,-15043,3662,-7647,16108,-10275,-9011,-8847,-4290,4624,-12697,15255,6432,169,8728,11828,13783,11712,-3460,9072,-3677,-6717,-13212,13461,5290,5486,-14574,13132,4215
-5603,-4652,14367,-15705,-11998,-1167,11835,-3708,4208,-2111,-5447,5556,-12155,6124,-6381,-8303,9965,-6871,-9248,12150,15435,15780,11700,-4213,2738,-2557,3924,8195,-3441,-6523,-4819,777,3780,-15815,-836,-9772,-12895,-7113,-12859,5805,967,-6966,441,5465,-9055,15389,-1192,9900,-13394,-4397,-12495,2794,-1112,7132,-2797,7175,-4787,-11301,7503,3148,-15728,-11334,12696,-4898,-9292,-11607,9786,3611
-8647,13553,3867,336,9833,-1361,-12895,-15479,-13702,-5888,-1805,-4764,4158,15640,-6590,15148,13499,-9917,6238,3745,-6314,1960,2829,-575,-7064,14208,10697,14013,10799,-16383,-5876,-72,-2724,-7475,-14024,-2793,1936,-12319,10212,-10747,-8826,-13997,-14283,-9048,5691,-7426,-2549,4907,11326,-1130,7212,743,-13673,-14275,-2238,-10609,14458,13557,8465,14366,7247,-7801,-11158,-12777,5089,906,6842,-2326
-8486,12749,-4002,3434,-3733,-412,14396,12566,-7019,-6306,15752,-5350,-7838,15874,-11043,-6487,-15728,-11725,-11115,-6658,-6019,-11699,5470,10489,-6929,-6315,-7319,-7009,-10791,-3102,-4934,-1797,8498,-11588,6471,-7788,4117,12901,-7087,-10357,-14225,14637,3180,-7344,-2393,8022,2277,-5477,-10807,-2283,-3421,5462,14553,3066,-15130,-10657,14283,-9454,-3241,10652,10008,-5728,-12290,-1519,13306,15036,2085,9660
8348,16316,10463,-14969,-277,-5959,12633,10897,-1950,14642,-1946,-11026,-15732,-15908,14923,-9439,15883,6739,568,196,686,-10392,-5262,-5609,-8754,-5860,8137,4338,-12672,10832,13339,9850,-8875,-8385,6160,14375,-8107,-8301,-4122,-11125,-6964,-8531,-3262,-14304,10556,-7480,14098,-12256,10767,4447,-14234,6761,8708,1123,-254,9559,-3685,-5748,12199,-8481,-12743,-5780,1856,-2811,6421,-3487,6449,-9880
9323,-12507,-669,13708,-16267,10075,-15646,-1982,1081,10303,13158,-15378,13955,9892,12799,14983,-5947,11184,8977,1134,-12755,15749,13590,78,-7359,7448,-11179,-8826,-4239,11012,1191,-6862,7635,-6252,2344,6846,3130,-3276,9790,-1680,6510,-1669,-5536,2994,-15229,-15120,15373,-6508,-5476,-725,-10460,-8493,-9719,-14744,9836,-14322,1208,13734,-434,-3313,-14787,13905,-16265,11605,8349,-5253,14516,2359
-7072,7558,3743,-9047,9300,-11744,1464,-6038,-2836,-1959,6059,10751,-1230,-12186,6207,12584,-1487,-4001,-15827,-4921,-1175,2724,-9794,4823,-13092,-12895,-9859,3307,5091,-6426,-2757,13058,13534,14427,-14296,8916,-7803,-10462,-3641,13780,-12515,-2085,-14744,15810,-12970,3514,7055,8742,11797,10715,-13112,8193,-3972,-10766,-14854,-876,-14689,13720,-12864,-14771,13191,12712,-2267,3820,-5667,-4081,14675,-5431
11316,-2564,-16099,12200,12365,-2513,-9390,11466,-1158,-8804,305,2394,-10963,-10946,11525,-7268,3225,-7644,1422,8590,-11158,-6702,735,-6340,-9401,3910,14623,-7145,-5725,9111,-3559,12604,12266,9522,-8849,6776,619,765,3783,-5427,718,6875,-6815,10515,-5227,-6615,-9660,3516,6531,-15962,-13391,15962,-9050,-7451,330,6980,2024,-3684,3635,11140,11138,-12470,-7313,-7429,9068,-4721,11438,-12783
1295,-8861,-11785,-882,-13777,7656,-11028,6526,3872,-6866,4137,13602,6097,3185,-14798,-9353,14831,-9393,-7937,-5315,-10689,14320,-11939,4629,7816,-4399,15482,-9224,-6927,-12695,16020,-14702,-2141,-15630,-4133,-11534,-9068,-15423,11721,-13366,-240,13237,3788,-10737,-13206,1104,6869,-9415,-8984,-3879,7684,5685,-4464,3890,-7894,-456,2938,-7753,8051,1538,-15088,5039,3568,543,13992,12609,208,-13753
-14568,-9673,5688,7100,8746,-9256,2703,11973,-2484,-14214,10399,14204,-3063,-6160,13380,13782,-11203,-13158,-10666,4016,14551,-2076,-5465,-14339,-142,-1937,11129,-9255,-13683,-8643,15760,7188,13859,3551,738,10892,-16249,-8736,125,-4016,2585,-15734,15282,4115,-15939,10064,-5878,-10180,-16099,12611,7616,5198,-2307,12314,-1434,4713,7518,-485,-716,13755,-782,-6040,-15810,15261,5007,3756,-10,13459
5588,1197,-12787,8156,-2099,6143,16126,-9904,4047,7589,12546,-15241,-15289,-2657,3424,-1225,9008,-1507,-14813,-5154,14087,10624,-4306,7299,10964,16108,-9346,764,-7311,-11757,9545,15196,-6091,11975,-8604,-6903,720,7449,9271,2623,-4540,-2222,883,15465,-7901,6461,-3797,11771,2791,7838,-6576,-4354,14526,11839,-1064,-802,-12029,-6358,15424,-6404,6104,-9644,13543,4891,11522,-11864,-5508,-12946
15437,8921,-12458,-10579,-16175,12975,-14210,5494,-13195,3827,-4056,7818,-8145,-1760,-6724,-2268,7111,171,11643,-11130,3302,12957,-11121,15630,-9085,-9483,-13827,-15891,787,9203,-3131,-6594,-5439,-5125,8338,-14032,11724,4248,12464,-13004,-10292,-238,14512,7564,8403,-14176,-8081,5432,-9919,9881,-7788,-732,-15064,10142,14567,2244,-6413,-10763,5228,4886,-1936,-13788,-8293,14397,10159,4913,-11310,-10031
