40,
69,
-953,-4150,10675,-5492,-6241,-12712,-8019,-7496,2881,6853,-8994,16182,-11531,4444,7642,5274,-955,-7647,14274,-2353,-11936,15213,-15801,4752,4897,7376,-4312,2672,15057,16222,11681,3201,-15178,-4552,-5656,-8599,13372,11637,9888,12091,6366,-2656,11241,7680,4100,-12779,9612,-9217,11463,3958,-5798,-11069,15661,9916,-15122,-7168,9421,-3176,-2473,3423,10589,-9279,-9505,-12399,985,-2239,14738,-4287,-1596
12523,-10245,-7823,11069,-215,14791,2543,-4554,-5951,-12358,8478,8612,-3802,-9412,3548,10548,3008,-7967,8857,13517,-13796,-12678,-1019,3685,-3206,6444,-7687,-4337,13492,-10826,7889,5548,12998,12864,835,5780,7892,-8920,-11536,-5374,15890,-11497,-6469,-7561,-11210,-6272,-6030,-6510,-9694,-8861,1207,-10570,-14904,14724,-11413,-10763,13056,2524,9246,-1402,13150,-8827,8285,4512,-5930,10654,6081,-5639,-16034
-10985,15569,1536,-6709,-7256,9409,-2281,-8849,4824,534,-4363,-6949,15588,-8437,6562,-12074,-4088,-5651,11381,-1749,15107,3459,-10819,-13996,1321,4608,-671,11163,4743,-9128,-7362,16031,325,13498,-7647,14861,596,7088,10303,721,11226,-5421,4798,-7278,-13317,9691,14390,14292,7643,-2933,11299,2895,11755,1524,11698,-2387,12836,11856,-10221,7178,12267,-12034,14107,-15864,-8389,2431,-6812,-13830,10108
12103,-12100,-11527,6713,-7468,5351,12993,5310,16148,4861,1178,-13,-5180,862,-10392,-6066,15003,-2944,-1540,754,-9983,4208,2938,-6133,1257,14750,12249,3658,1806,4928,4475,-5869,-15509,-6382,3611,-7120,-9138,-8267,8906,-2328,-4574,-7958,5473,-6818,-2735,-9838,-685,-15547,11607,5338,-5671,3491,-15071,14955,2647,-11892,-609,10145,4923,-1960,14767,-9310,-13686,-327,1073,2329,10578,4846,9398
-5514,-14214,15661,6365,-11111,-2072,6348,-6350,-4178,-4396,-6591,7101,-7990,-6477,-8218,-3985,-4324,-6561,10208,-11101,3976,4536,2180,-11270,5161,2098,-9963,-8238,-13771,11302,-6517,8917,-15871,15720,-16243,12802,951,-14664,-14478,-657,-10521,6034,14775,-6035,3263,4906,-1655,1600,-16347,-407,1187,-8972,-9129,8511,5713,-62,-2714,-11163,2595,-4588,-11621,9997,8457,12329,7937,-11720,8879,-9782,7737
4298,9920,-1297,-14929,-12410,-14341,11287,-9589,11198,4616,6904,317,10385,3873,10656,1671,-3869,2634,-5885,9107,-3380,-4141,-14773,15322,11719,9719,-2058,10545,4431,10152,-1975,-3948,-7549,-6013,-6067,-2187,-6531,-896,8062,-7385,2464,-11731,-5505,3964,1659,-5045,3696,-12550,-8283,-14756,15966,-9427,-7789,14901,-13766,940,-5942,5242,-12834,9549,14934,-13069,-14232,3962,-3172,-5641,10004,127,-10583
-16205,5963,-51,-7942,8516,-13982,11650,10727,15523,16093,-3714,-3203,-1485,7546,8087,14730,-9603,8577,-4964,14971,13878,832,-12073,8517,9976,-12592,-769,-14122,-12896,1765,-6216,16271,3294,8425,6999,-13618,1454,-13924,-5150,511,-6525,-6681,-1638,-9625,5094,9284,-7634,-532,-1155,16276,-4698,6881,-2718,14383,-7982,-13591,-2171,-731,-7037,14492,-3568,-5976,13724,3082,-11271,-12624,-2674,15298,11861
5630,-15553,8421,132,10155,-15486,-11953,-4414,-13688,-766,-204,8898,15372,10319,-13910,10048,14655,15142,13740,9107,-5660,15626,8882,14619,5439,-10092,13918,-14285,-6486,-154,-6537,-6016,5265,7795,-6049,4569,3129,-7210,-7466,15542,13859,11966,14256,-15694,3546,16066,4899,-11582,805,-12079,13558,-8314,6149,12509,-2419,-2498,-10552,14343,16345,10857,8267,-530,-4773,-8540,-8664,-10577,-3110,14249,2710
-8412,5233,-5056,-14782,-3139,-14182,14961,4443,15288,-4890,-12154,-4641,2942,-3105,6297,-14567,10524,-14299,-10832,-9283,10947,14162,13474,-13309,7667,-293,-15628,2042,10447,5553,-5075,-8961,-11818,-1545,13289,-10770,15140,9993,226,14819,-11124,4667,-16237,-12313,5950,14661,14637,3007,-4708,4514,6465,-2659,-6014,-4324,583,-10118,10299,6446,-1045,-6366,10808,6258,13566,-10047,-6608,-10893,14854,10769,9097
-13546,-6526,-12673,14354,7613,11025,-11663,-14199,-8544,-12721,1864,-5819,9845,7671,3364,-1820,13129,-1343,-3238,-2968,-14674,2661,-7822,-379,8386,-1827,16307,-2211,-7491,-12124,-62,-3597,-11692,-7390,8813,-6718,6870,7747,11998,-8343,-14418,16050,-5522,12827,2124,5927,-10717,3471,3563,2584,4580,-4593,5752,148,-13195,-1849,5103,5216,2363,-12756,-2810,-14708,-4337,3276,-217,15019,9829,4801,12202
1647,9151,4844,5602,7412,13246,-6183,-16263,6941,-10101,3058,5212,-5343,6804,-14160,-5722,-8479,-10810,10920,-7589,10559,15191,15730,-4886,-14346,-14402,-4955,956,5474,8373,9644,15395,6631,-2382,-1189,-7974,679,-4242,6696,13406,-8199,-16167,-13070,4433,15182,-3286,9212,-5354,-7165,-14665,-9893,-11970,14157,-5640,-153,9700,4308,10212,-10781,-884,-15063,-8999,3261,13897,-14581,-4686,6973,194,14884
1037,15009,-892,1874,-443,-8269,-15131,-7846,7142,709,11832,-15452,12373,1016,-4991,-5711,10518,-8292,-12646,-12188,-15482,3334,-11242,12373,-4622,8274,11597,-6057,-2465,7677,14623,1457,4222,9928,-4869,-15439,4630,11639,-14155,-15551,11711,7112,13704,-8653,-9542,-15503,1812,11660,2243,3038,-4548,8416,9934,4764,5018,10135,745,-11701,2220,16235,-6584,-10174,9240,2070,16042,-8186,2153,46,10161
7012,8829,9249,-9624,-11467,6831,-15985,-8034,-6926,9154,-580,3354,2992,5261,10509,-11104,9230,-4393,14866,14257,6223,10734,-15692,12773,-2142,9065,2107,6307,13668,547,-15646,-12204,10858,5017,-549,882,12110,8015,-3946,-8506,-7741,3245,-3421,8153,-10809,-11134,5050,45,-1677,14080,-15474,-257,5591,16188,-12157,3829,14179,11946,-5785,-9091,-8455,7952,12173,11789,13289,-2182,13091,524,9257
-7815,5431,-14007,10686,-3202,5809,5406,-11071,15049,-12872,15106,-6639,12105,-12671,-10114,14111,15124,-1347,-5029,13941,7948,3110,-319,4961,16049,13161,2394,-9525,6499,1007,14074,10627,15430,-5814,-11252,15546,-12500,10439,5705,-2103,-1142,6738,-6196,-1315,14476,-9734,5540,7150,825,3998,5381,15618,-15958,-7780,11731,-15391,-7030,-1280,-1137,13580,-2240,-2742,-15840,13230,-9618,11074,-1932,-4232,-2226
-1083,9149,4142,14330,-10263,-3512,13916,-13822,-15957,13608,15663,8473,-8264,7070,-1885,-3658,-14085,-14507,-1001,3064,-15975,553,7225,-15803,13058,5060,9838,-12836,429,-13121,1647,15982,1685,-474,-8244,8451,14618,-10546,-6221,-6900,14506,-3690,1647,15156,16376,-2084,-3441,-8277,13027,6374,-4399,14909,-8796,351,-15416,-8057,5818,-6883,8532,-11587,-12800,-13235,-12001,4920,10598,-16190,-15597,3170,15299
-11043,-11754,4209,-7351,11896,11667,1688,15981,10559,-12785,18,-5730,-15643,8218,-11035,-1188,12994,-14737,5299,14390,15022,-4821,-4114,-13750,13416,-1491,969,-7742,-14309,13012,-13903,-462,-6280,-5383,-3556,546,-1661,-10865,1375,5203,-13828,7771,-7378,-15929,-15351,-3342,-10221,-15581,5331,5009,2835,-3658,-16316,5850,6656,-5329,14337,2358,-2217,12934,-15737,10690,-5500,-10294,-12630,-5825,-2161,3147,1697
371,1057,-8833,10425,-8009,-9393,-265,-6857,-12877,-1451,12044,10005,-13820,3400,-12306,1851,8298,-1528,-5989,-7340,7847,-16243,10082,-1991,-13027,3764,14766,13034,7502,13491,6492,-8300,-8956,638,-5558,-5593,-869,1179,-15866,2439,-8082,8047,4649,190,-883,-4268,13564,1270,-2443,-6764,9406,13591,-7222,13060,4096,-5653,8084,1656,6415,1796,-10526,-7195,8193,-8087,-3783,11406,479,7729,-7189
-10405,-6321,-8745,12158,-4162,1378,10687,3172,-14778,-8675,13473,12745,-5317,-8030,-658,9227,13279,-11944,-15579,3448,8149,-11945,4055,-11125,14199,-7004,-15885,3397,4502,2868,-9555,-10604,-5062,7106,15733,4420,-2792,-10458,-3057,-3680,1608,16035,6472,6448,-6938,1479,14829,-13327,-318,-3495,-4015,-15749,-8860,14586,-4184,-9200,-7600,-13576,-14636,-10846,-7522,16265,-763,7935,-4452,2427,-13190,9095,15940
-15271,5672,-360,4645,7984,-13685,-14634,1425,-5524,6412,12582,6636,-12366,-4327,13329,5364,-618,-3222,-1201,-2194,11729,-10371,8692,-9521,-14340,15288,10772,-11737,-10637,-4805,14,973,-14085,-13454,6394,11946,6179,3012,15921,-8848,16249,812,2751,-11426,8393,12264,1243,1791,-15397,12978,11956,-1770,-1075,9603,12638,-9290,-8344,3107,4809,5319,4749,14607,-10330,14256,-8359,2915,-6471,-14966,-6897
8431,3520,-1813,-12338,12407,-13291,-12693,-11738,12547,5068,8976,-6042,-15541,-4402,2975,-16016,6639,-9519,-14723,10536,-10485,-3350,-13512,14985,-3648,13889,15692,15654,-12960,9925,5060,-2386,-8911,10807,-13684,5476,-13790,-12362,7207,13301,6106,14290,5812,523,-4090,4600,6487,1433,-15703,-12801,-5429,279,1288,7762,280,15557,-4329,4361,10140,-16246,-6447,-5740,-4647,5766,6648,-15392,-541,9299,2881
-15224,8940,5522,-4758,4464,6677,11696,15832,9018,-2849,11888,2145,-8270,-7867,-4795,9538,3297,-6868,-2844,-698,-11457,-15161,11665,-13979,-4378,14230,-14092,-597,-15194,-15229,-5775,-9629,1944,1432,524,-14630,1528,-15281,2794,-13490,-10556,12431,-2327,12320,-6261,-10892,12104,-1367,-11922,1415,-8560,162,1882,862,-11139,12525,-4314,-1801,-2080,-7963,-14409,7791,-1945,5998,4253,11515,3598,10942,7027
2435,-8647,12474,-4258,-2153,7131,4570,-11006,-11208,9072,-9842,-12236,-5083,15127,14322,12733,-13020,16153,-5143,-6167,15338,-10851,3729,-15718,-8300,12076,14931,2098,-12343,-1757,-6333,-12680,6173,3668,-3454,-2088,-1496,-16190,-8315,-4943,12085,3807,-16336,1201,-15943,12090,-12488,-6983,8591,3647,6845,-12895,-7821,9837,6398,7794,9316,8133,7522,-9853,8289,11201,2274,-1205,-8535,4277,13901,-2159,-16284
-11395,7371,7722,-14456,11886,11226,-11324,-15035,334,-5128,-13361,-11287,-12772,-6421,-14906,-15780,689,-1570,-9269,-12755,13130,9253,-15845,16349,4621,-4372,11734,-557,1326,-3696,-4886,15480,-5831,1826,10229,10710,-6762,-10074,-3554,-10728,839,3796,-8137,1255,6416,13693,-661,-5815,-1739,-3575,-5272,-5180,-3062,5070,1752,3632,-14043,-4015,7877,2135,-3493,9449,7571,-1053,-10474,13779,4870,-11726,-14261
11610,-14371,-5228,7995,-14197,-8543,-4828,-15502,-5143,-11987,-8385,7487,-3812,16349,11265,-3961,11022,4891,-16160,-3252,-8853,5845,-9416,458,15319,-3748,9005,13808,951,-10653,-6253,-11561,-1082,-11019,-899,-13317,-14951,11321,-14864,699,5675,9358,-8387,-4386,7616,1183,-13960,-12488,10806,4587,6698,14899,-10743,11641,13899,-9597,-15244,-4186,-3544,3908,441,-3408,-11543,9211,4185,2899,-5821,5543,-13817
3569,-15514,14067,-12203,-11503,-10044,-2097,4325,-48,5586,-4718,-9408,8300,2207,-11701,4141,-13699,-15489,-15717,5761,-4964,-6334,-7601,10371,-2736,11703,4037,12089,6318,2638,-13933,14621,5370,5066,12129,-5511,7312,-1690,4267,3421,16066,12655,15754,9343,-10813,-5643,9536,-5307,-561,-3047,2646,3502,-5819,2341,14366,2979,-5190,-12081,6987,12311,10742,11119,-1925,-14105,5393,649,16284,-6824,-10717
-7070,-11713,6190,-9763,1994,-15890,12344,-3286,-16296,13380,14968,668,8947,-2249,5604,4269,-15795,-13680,10102,-1628,-11862,-11785,-2219,15678,-122,11284,9347,886,13296,5501,6719,-5638,-8180,8933,13085,4079,-4671,-5191,4018,-15726,-15041,-441,-15256,1051,-7747,10346,3670,10751,-2500,-11548,-9874,-15581,9488,8155,-10054,4861,4136,9436,-8214,-14563,5012,-16086,3850,-12626,-11893,-9648,12838,-13229,9009
-13037,-9230,-15012,2685,-2942,-8040,5754,-5332,-8384,12198,11940,-9034,6729,11339,-5388,13301,-2276,8357,-884,16222,-2923,-10540,-13378,961,13011,3497,14825,13232,-7605,9241,-10863,-7227,-1888,7417,-1887,-9835,3609,-13846,-3219,-15464,4964,-7392,4775,-3727,20,4766,6899,12447,-4659,-4514,8166,2330,-93,3323,635,13774,14918,3153,-6763,1286,-16004,233,8609,12589,-168,-9674,-8569,12233,12748
2079,-3672,10795,15688,2697,-5450,5961,3556,-4626,-3608,12586,15024,-2746,4079,4649,14777,-5163,-9815,14203,-5269,10616,-10114,3675,-6739,3654,-108,-15458,4469,-9557,-1693,-14983,1041,-14693,15160,7749,11647,-15846,11126,7944,6835,16040,-11618,-9251,-7322,3016,-2562,-4373,-11390,-3987,-3716,-9894,-3509,570,1450,7161,-14689,-8458,10775,-15880,-3241,15671,-12076,-7309,-4369,-8479,-11262,5540,4096,-6398
4241,560,-5992,11992,-13031,3795,4850,13014,-13052,8996,3606,9225,11424,12334,919,1447,256,1656,-4413,-15421,723,-14030,-5988,9711,-11113,-10494,3944,-16325,10581,-2516,14752,3232,7236,-2267,3770,10116,9438,15392,15644,-4350,-6714,-5415,-16063,-8267,-9372,-6095,-14381,16043,-15862,-460,-2053,-14540,7407,-10677,7261,6158,12091,14116,4012,16105,3278,-3808,-7354,940,-10180,12009,15558,-11818,-1822
2676,3485,6639,-4889,3049,-14746,5070,2120,-4340,-4421,1324,-7819,8900,13187,15048,701,8263,191,-7111,-13635,8295,9249,15535,-11115,-3691,14597,15904,-5516,12174,-9555,636,-3811,-3705,6491,8434,15008,-14670,6210,2967,-7559,-12504,5841,-8325,482,5298,5001,-8897,12662,7683,14387,3102,-12974,3717,1409,-15673,83,7305,-15938,2910,-14686,1236,-14203,3637,14354,-3905,-13770,4661,6989,-14276
16314,4654,-937,1998,12192,-4134,13007,8326,7268,-7249,15881,7205,10052,16162,6626,-15786,1772,12164,207,-9120,-1989,-16000,1428,-2577,-2901,-13310,-4227,-6731,-14069,-9705,-8807,-11823,-6397,-3719,14960,1756,11309,12249,11523,1835,1783,616,-8961,-14188,-14952,-12702,-8386,-10067,4000,10310,-8446,-1254,-13760,-1793,7109,2024,37,15958,-13666,4483,6443,9963,-9337,15663,8007,-12710,-15556,3819,10405
-16306,989,-6770,4347,7890,-6223,-2571,-5808,-14864,-1272,10003,15031,1429,15431,7598,-10213,11992,-11650,14641,2709,7475,-14639,12117,14592,-1048,11790,-9907,6119,3320,-7989,7253,-7987,-1149,5292,871,-16039,7924,-5806,-1612,-7878,-3201,-2241,14244,-10449,14819,12365,-5172,6315,-8351,-13193,2167,9122,13388,-14622,2602,10654,12965,-5626,-657,-10849,2583,-6970,-11110,7308,10482,-5686,15064,11807,14748
-2602,-2882,-8268,2509,-4903,1352,6169,-5864,2425,14274,3221,-12794,-14879,9123,-5212,7450,-8525,-228,-13470,314,-2860,-4216,4243,-1257,-4925,-4552,5553,-8908,-3464,3860,13980,6527,10691,12460,-10756,-2553,15300,7274,15229,-8933,-1834,6470,2557,3904,1388,-9521,5916,-4279,3298,-14401,16208,1757,-8498,-3309,12381,-4662,-15982,-14444,7219,11574,4789,6136,-6928,14351,-12525,15905,-15305,13776,14958
-376,-3483,2226,16050,-3482,-7387,-3108,-8432,-5363,-2416,11424,14670,-1878,11201,-2144,-1253,-2403,-311,11928,-12288,8374,-9269,13246,-15955,4087,3782,12119,15236,-16374,5072,12738,9798,13693,363,-6887,-14163,11913,3708,-9567,-11088,-16259,4109,15407,4202,-4319,-12351,1391,8480,10546,-6939,-10115,-3532,6156,10982,-14678,5590,-8967,-12665,-6121,9040,11708,-239,9972,-12538,-7359,2756,5734,-2252,-4376
11779,5834,3583,13206,2669,-4423,1259,12222,12747,-6488,-4321,10933,8883,-238,-16317,-11256,-12037,-1233,15523,16293,11620,-15768,7967,8388,-6030,3187,-14990,14210,-843,6717,1602,11384,-14312,-3063,-1937,14453,-870,9033,-13189,-779,-120,5790,10781,-11368,-5004,-1194,-15909,749,426,14594,-367,-14076,-6927,201,-4372,5405,5130,-9059,7751,9389,14272,-1668,12779,-195,-5081,16266,-13953,-306,-14051
-7193,10253,-7580,-3678,5369,-13096,-4457,-4492,-12426,12212,14439,13261,9538,-12624,-15404,-10879,-13024,-4523,-3469,-10320,-12610,3527,-3434,-12764,1807,-9348,6387,-7698,10782,3019,3840,13833,-6983,8680,-12342,-11523,9811,3237,1969,15489,4097,10514,-11405,-2580,13677,-7636,9955,-14185,7848,-1402,-6747,2820,2016,-1533,9031,356,5462,10899,-9636,3579,-15331,12053,-10500,3288,-1207,-4837,-2372,9639,-14231
-8572,-930,-13875,-3820,8957,3896,7589,8205,4138,5169,-6331,15933,-4607,-75,16050,-7308,7562,8970,-10397,-1666,1809,14515,-7009,-5233,-9050,2738,8830,-2501,4876,-6703,-6641,-15839,-235,13902,-165,2550,-8912,-7502,-1043,-8272,2870,-5344,-16231,-5121,11643,-7000,-15832,13734,7241,-10048,1980,11932,-10018,-13643,8294,-13703,3445,16242,-12522,-5137,2493,14175,11045,1268,-4109,7037,5258,15124,4018
-8238,14562,-11077,3876,-5393,12184,607,-1254,-7106,-1433,-3007,-11248,-9417,-6712,10768,-2004,-9491,-2842,818,-14986,4785,-2747,-12220,-4484,-10228,-1397,2634,-5718,-7291,1320,-971,-3241,5547,1499,-16343,6359,7267,769,1173,8567,-3282,6313,-3635,11024,5832,-5449,-11000,-9726,3410,-9565,-14473,14611,-12937,10127,-2148,3833,-7864,-223,-14239,15112,-8885,-10174,5414,-15749,-4648,-10151,5850,4271,13252
-13820,2885,11962,1488,-5730,-12322,-2352,8630,13116,-5779,14111,6041,9341,-13997,13557,7382,7124,-6190,-6562,-4949,12561,-13763,-15084,-3321,-13425,-696,-2210,12227,5764,7357,4028,-15802,-3623,12725,-10929,8926,-1012,-10145,3670,-244,-11939,11017,14753,-8929,2337,11537,13273,11562,-905,-6983,10834,13410,-739,-16322,-6199,3221,-13094,-2956,-8802,4508,-1468,-148,1472,-10651,-13389,6272,-1937,14784,12914
15384,13694,15716,-5712,-3185,9447,11629,-13908,5759,14927,-2558,-13134,462,-6325,-10243,-5238,-1526,-1877,-5547,-13958,-12982,-1121,-6457,-1718,-12674,946,-7240,-15985,3995,-5516,15015,-3800,-12610,-6231,-3854,-5637,13685,-2577,-6623,-9259,-15513,-4460,1720,5508,-198,1097,5065,14193,6785,-4433,4722,-16149,-7278,-670,-1631,11797,10118,3827,-11016,9929,-12354,5954,16121,12401,13963,-12557,8220,3118,-4771
