40,
70,
641,9201,-7057,-739,-14494,-6331,10480,7684,2391,4238,-12690,-1982,1906,11140,14033,-14761,-6380,15552,-10287,-10283,14279,11124,-15152,5848,6075,-15340,-7674,-8187,11404,-9072,-6854,2608,14688,9403,-12422,13035,12107,9969,-5004,8798,3119,-11449,-14303,-15592,13754,12505,-10515,-9345,-14185,734,3243,9911,4306,3223,832,8453,9949,15873,-1584,10894,-14671,-2239,14634,-13226,-2256,-12162,-2733,2713,9330,1744
11021,-15500,-14986,14902,2684,8422,-12752,11646,-3367,-311,1264,678,-10648,4173,-4032,-8120,-2769,-14328,-4369,2129,-9276,-7104,6151,-9125,12326,578,1840,15132,5701,-10511,-6349,9132,-10583,-9336,5195,12314,-7074,11954,-1403,11518,11831,2273,12155,7301,14121,-9845,5739,3596,13428,3306,14492,-4264,-10075,-1626,-4622,6324,4606,6301,11441,2366,15749,10394,1361,-2192,14635,12421,16358,-10004,-10430,103
-15823,-6648,-3892,8820,11842,-10999,842,-11640,14674,2346,8224,-10017,-962,8866,7948,-15744,-9683,8971,371,7238,-2534,5309,-10407,-2080,4170,-12680,-2439,-10539,13141,2913,1056,6539,-5017,-15225,-14497,10639,11508,15618,6692,10937,7105,-4413,1717,-13661,-1275,-5125,10808,13507,-13348,12748,15127,13076,-7451,4549,-8305,8458,-7702,2178,-7188,4252,-13556,-5108,-13041,3896,7092,2198,8256,12337,8656,-12243
9622,6235,-15659,-3565,15358,-7794,11418,-1753,-9046,-7625,1512,11190,7238,8958,7824,-13065,-13425,-3460,-1468,-1711,-2376,-207,-8425,12347,-8920,-13989,-10582,3932,-11121,-3802,13915,-10613,15322,11333,15197,-16161,-15991,-4807,-157,6050,-4359,3533,1258,909,-8814,944,-780,-5252,3459,-10927,2095,5730,-13427,4972,-1970,9566,7881,3678,1600,5637,7150,3252,-4454,14987,-10393,2928,-7427,-15034,-12218,-1070
-1317,1489,-11418,11689,2366,13896,-1419,-6780,6092,6663,13072,-13047,-3371,-7695,-5015,-9352,453,5131,15068,5902,-3944,-7166,5179,-4874,-3129,-7909,752,-14839,15814,-8387,5547,-5817,12643,-14672,7430,-5308,7373,10282,9299,8608,-7399,-1977,-5703,-14837,16215,-9501,13305,5633,-1063,-15911,-2282,-15675,-8427,-14476,1933,1862,37,15981,13806,4630,15569,8293,13807,-9437,11213,-8232,-11546,-12068,2130,9478
4642,-12946,-6368,-11657,-15442,11466,-15095,10165,-11860,-8794,14087,10780,-9436,-4090,-8676,-3890,-12353,-13782,-4989,-848,-11473,8176,3272,-7818,-9086,7882,-14746,-12616,-1450,-6117,14243,11343,-3343,-630,-15275,-5882,-8851,5961,458,-8166,13828,14151,3195,-10805,-7259,-7299,-4225,-5978,-12718,11936,-1741,-11197,-5855,-6418,-11842,3596,-1565,235,16001,-6317,-15679,-1983,16042,-9010,14247,7914,-10905,14184,-8075,4191
-15926,2317,1317,10486,-4260,-3376,6526,6883,5755,-10213,13969,13311,-3375,-3302,8690,2350,-1880,14932,10008,1243,11409,10771,11510,6667,8197,5100,-15951,16103,361,-11021,-6350,-7205,6350,-12005,10176,-927,6819,14240,-14442,14852,-10328,14844,15413,13317,1613,-670,5047,6861,149,-319,10629,11251,-15609,-7133,10895,-741,-10823,-11112,3132,8165,-5407,7832,-733,-12203,-7627,612,-10943,2863,10096,-1392
-576,14154,16311,-3763,-11131,-12313,14881,3911,-11586,4062,-1881,5652,15697,-9708,-11977,-12666,3085,-5014,-4866,4453,-9303,2793,13440,11523,-7215,7124,15158,13829,-8389,-9215,12317,-397,6291,-12720,10757,9498,5957,9941,13268,365,-6099,-12135,-15010,6215,-11888,12332,1855,5875,275,662,6473,-11197,-9727,-5027,-16074,13436,7618,5288,6839,10083,-16240,-1765,12294,-13872,-15729,8906,-16271,634,-8514,-3254
-9684,-3716,-5343,13945,-16363,5465,-7489,-11817,-10167,-5904,-10879,-5550,-4158,7643,-8195,14827,-13817,-7362,-8902,-8113,-10954,14597,-14478,-11166,-15616,-353,-3743,2620,-13434,11647,14127,-5219,-11284,-5261,12850,14032,834,-16094,3926,-11841,15103,1730,590,3923,2397,7216,-5525,4896,-8036,3442,-665,-3938,-4983,137,-1590,5297,-14956,15002,5906,2661,16143,-10133,-13369,-4550,6446,-9157,-4232,7892,-6869,-10250
6330,-10170,13838,7479,-3295,-11916,1743,-11602,-6899,2083,5726,15967,-14633,-15631,-12270,3648,1408,-9172,12325,3388,-8765,-2055,-4060,-15075,-15505,-4721,14840,2098,-4021,11391,6535,-6232,15901,11060,16134,3157,4021,9516,12736,-2935,6366,-617,10864,-6294,10190,5737,14968,-5980,-10419,-3742,-16353,8871,-4033,4556,14941,-3009,15186,-3834,4604,842,-4830,-14244,-2407,5370,-4553,-11443,-13520,5701,-2789,13404
-14584,-12042,11030,644,-3631,13131,-669,-14408,-13138,-392,14284,11049,-1552,-9707,246,-1064,-8028,969,-12990,5526,-1422,4436,1162,-10340,8383,-11779,-2198,6487,-5491,8637,-7312,6490,11752,-13789,4140,620,-5558,953,11272,3481,3335,13940,15323,405,15889,12034,2442,12346,-84,-13165,11272,11415,11626,-5517,8785,-9843,6759,-8536,14202,2961,-11244,-12501,291,3024,-4010,-8303,-188,2548,-14829,-1527
-10376,-10865,-6106,-2017,1951,16237,-3637,2042,2193,-7953,14530,-15378,1919,-970,10539,2925,-442,4875,12322,-14558,-4200,15520,-3433,-8087,-2956,-10191,-13193,-5204,15982,1468,-13991,-8169,-7168,6300,7201,-1201,-6849,2576,6636,7340,-15831,-10745,-11343,-12682,2993,-2162,-10678,3693,-5256,3963,10296,-10934,-10669,15538,15770,11996,-7306,8452,-10234,-13369,-14142,843,9944,2054,2698,-12386,-547,7623,-10269,-15279
4684,8608,-1340,-11421,-7953,-12609,-11351,-5250,-3862,973,801,-14130,-14731,8285,4263,11761,4705,-8074,-13878,11116,2573,-11298,-6269,2551,5409,-895,-9012,7523,11236,-8624,-15627,10761,-1772,-905,-11260,4875,5140,7687,13487,11555,11372,15010,-14206,3906,-1985,-14067,-11057,11388,-3886,-11060,-8240,-15484,-10004,13066,12647,11872,-7856,7029,-232,-13456,9456,-13790,-6179,-13238,1647,8744,12293,-519,14803,5599
12950,-4075,14253,12715,8228,-8120,-2908,13134,2759,-2122,16051,10692,-8632,14933,-4037,11429,-13713,14993,-12396,-795,-3817,-8628,-16181,8230,-2596,2670,11229,1727,15630,-9049,-11402,12622,-14396,-8438,-6194,-10523,-14572,-11381,14398,15688,12049,551,3539,2584,-3933,10860,3318,-11314,-4715,12269,15160,-14220,4870,-14898,5875,172,4653,14555,9206,-15377,-5734,-13188,-16174,5090,13594,1339,-16308,14953,1578,-3814
-11889,-9243,5803,12136,5721,-4666,14412,-5677,-2996,-1190,8212,-2658,6096,11321,6957,2220,-11509,-3689,-16090,5091,1274,11074,14690,12558,-7321,-6118,-6990,-10649,-14571,1412,2307,3102,-10784,-13839,-10877,-4834,12042,11578,10541,8925,13842,8183,1895,15468,-11992,-4522,12639,5863,-2666,-14861,13340,-7206,-7000,5603,-7724,714,-1834,2497,-14494,-6793,-14686,4749,-16294,5706,13342,-1311,9561,15525,13091,15654
393,15581,-15613,-5258,-2683,-15249,6408,-11373,-14975,2682,5673,13645,-14683,-12914,-2467,-16219,-12333,-493,-11439,-15761,507,-4441,-4977,-5348,-1662,13708,-12438,1151,-1495,4172,-9336,5116,-8827,9898,-11734,10883,-10056,-5758,9836,15347,13196,-2333,6550,13331,13991,-3600,13878,1871,16093,7113,9704,-4726,-648,4810,-10243,-3814,9078,-510,-1408,-10229,4344,-13895,3008,-14503,-6799,7229,-11015,5394,7322,-16227
-2980,4106,-456,-12535,14122,-6600,12820,927,8233,-10749,-9375,2568,-10193,13386,-13321,8561,-6668,-14227,-8012,15362,8109,-9856,14385,-3017,4411,13487,-14826,13998,-14279,-9613,7209,11040,8648,15309,-3151,11229,5413,10902,-14734,-8268,-2811,3243,290,16098,-14264,-7678,16222,1630,-12923,11200,-15473,-14802,-4875,-15028,-2248,-1362,512,7007,-2829,15967,7048,-8199,-15052,8663,-131,-7969,10031,-4005,9585,4174
-7385,-4148,10969,-6043,6661,8052,-11787,6832,4157,4171,9747,1202,3913,-6104,3820,7603,9775,8036,-10310,13496,-3742,-15298,13670,14327,841,8532,-9625,164,-8768,-7671,11544,-13757,14558,-15795,12895,-6480,-5329,-9963,-5101,9401,13042,3023,506,12665,-5394,648,6086,10589,-7114,669,-10285,16247,653,-10346,-892,8139,10588,14092,-3201,-8802,5634,8997,11379,1977,-316,-13000,-9960,13078,-13636,-1595
-15485,-14587,-5948,-9213,9320,6872,13561,10015,9073,8578,-13392,-9557,-2469,-16075,-14088,-10607,10124,-10945,-52,8906,-6927,-4531,-8805,-8665,4729,3358,54,7185,780,-14030,14308,-12658,-13958,-15603,-11482,-15841,-14968,-8780,8715,-554,-15900,-9416,8856,2195,14703,4893,15823,-16238,9568,8878,8057,9500,-13443,-5901,1532,-9463,3510,5516,-5854,8958,12495,-10039,-9934,-10971,-5138,-16112,-3532,6337,-6350,-8435
-13054,8576,-15014,-3750,-15802,-3189,2681,-3071,-7633,-1833,12724,-7913,10175,-10339,-7495,-9200,3258,-3419,-3844,-2766,4433,7481,-5900,14854,-13987,-7170,6818,-1695,10724,5274,7,14023,7287,7934,3643,7146,2498,-2480,-14784,4179,4971,14785,2374,8002,-66,2048,11811,-8114,-7002,-13222,7633,-6124,-8811,9737,-4633,15815,15967,12853,12147,5843,-8932,8125,11007,8359,11087,-15556,-7521,3642,-3217,-3366
13908,13576,2261,14710,15478,-16156,7702,-2377,-16038,-7088,3430,-6669,10445,3524,288,-11050,7783,-3359,-9523,12305,789,9595,8736,-13456,4282,-7259,-14644,-12163,9212,-4191,-2930,-1449,9847,4451,-8026,1117,-12772,-4347,5232,11242,-10945,-3015,7245,443,-8958,-194,4718,-10262,1146,12839,-5214,-12450,-6485,9399,-9350,-4251,11034,11477,8652,-13159,15895,8205,565,10164,6627,-11295,9199,669,-979,15598
-2797,8616,-1155,13154,12585,-9333,-4860,-72,-2349,-5995,-8002,-14944,-3302,9977,-105,-6078,-16273,6510,-14543,12157,6324,12495,-14493,9178,2214,15282,-1976,7472,5555,-1223,13170,-6878,-618,-5319,-16043,3405,14237,-7256,1800,2381,5388,-15101,9162,4221,-2388,-3910,11104,-2381,-8474,8915,8348,-14476,-10275,-8959,14161,8420,8097,-7724,-2809,-8311,-6072,5358,3395,8898,-6588,-13750,9666,-8503,10622,-5238
-867,-170,-8638,9990,-6042,-10129,-9581,-12128,13270,6213,12432,13509,-9737,-10421,-4764,6997,15371,-13298,8539,-12697,11685,-2385,15331,-1992,5750,2321,13182,-8525,3680,3057,-10515,9243,-9461,-4118,-6701,-7539,-4944,-5838,10970,-15980,11628,312,-1039,-6166,-1034,8987,7500,13081,5062,2824,5214,-2557,2636,-10902,8030,15072,9695,13457,-4676,8479,-14814,-10680,-11172,8976,16371,-14549,-14903,-12024,-16343,-16172
6890,-6949,11438,10799,-8174,7004,5524,-4949,3879,7754,-7672,-5249,8144,-5979,-3577,-2642,-7073,-9630,14073,460,-11296,-4929,15471,-2710,-603,7693,-13684,7530,2140,8709,-14783,11100,-5556,7092,6714,-16356,-5551,-12828,6675,8034,13396,-7092,6657,7994,-10025,420,11404,3930,7554,8094,5745,14904,-792,12178,3118,-2791,1257,9496,14011,8841,7577,-6055,3301,-957,-1757,11621,6592,-3560,-8900,2043
-15076,12290,6773,-16054,12430,-400,-16055,-1399,-1832,8148,-9582,118,3063,-4139,-3192,-9369,16187,-1232,-12235,7191,-4582,-9575,13425,-7746,-13749,-13485,4734,411,9922,-10505,-15519,-6049,12256,2367,-6386,8799,-9666,-1851,-13939,2746,3608,15154,11422,5724,-11018,11736,6467,-9609,3939,-2535,-9748,-1071,-13354,10465,10347,-12689,-11733,-13938,-2699,9096,13405,12854,-8883,-6736,-15119,4036,-12284,7734,-12534,-5170
-5038,-1976,5748,3410,-15096,-6082,2015,11680,-11442,-4566,-14654,11912,8556,1884,5065,-6380,7324,5394,10938,6148,-1832,3021,135,-1901,-7863,-6846,15419,6492,-12106,14511,10658,-14906,16318,5939,-6560,-6367,-1403,1356,10084,-1177,-5960,-4791,12850,-12987,-5256,-10847,4538,7031,2882,-9863,-6317,-13548,606,-14097,3527,-8830,-6805,-12846,-6598,-9610,14801,11049,3983,-14670,15780,-14593,-2047,-12887,-2605,13990
-15348,-10569,-7298,-8894,4913,-7346,-8457,6145,-13814,13298,-11357,-6972,-15042,-16126,13770,-9852,-6415,6749,4268,-483,6550,-15702,386,-7522,-8343,-8311,6349,10742,-13009,14724,-2856,2868,-1703,7600,-9015,-12280,9180,14622,12252,-5255,9285,8174,16357,16359,-15550,-7857,-8845,-2118,12305,9963,-6746,-15211,-3915,-6126,-12929,15734,-11261,-8144,-11762,-2281,1234,13888,-3803,7803,-29,-11890,8341,2875,16070,12837
-5629,-10402,-15787,-12158,-3399,9936,4580,-10263,-8405,-6054,12591,-2386,-8219,-1453,-10016,-10228,-2634,-2074,1712,-12281,-14108,12063,3244,12724,2580,1559,-15708,-564,11731,-13252,-10516,-1517,-11510,5256,-5495,7254,-14107,1851,3622,11855,11605,9531,7500,-7093,14716,-5206,-12043,-330,9511,-5235,-13899,-352,10657,-11020,10409,-11697,8060,-1274,3825,-8665,-15508,-14256,-3274,-9853,5311,-6766,7366,-11166,-9384,11714
3117,9115,-5443,2086,-12606,8301,-14474,-4036,16142,8063,15839,-12742,7784,11578,12810,3890,600,12652,-579,-6648,-1185,-7988,-12773,15543,-8960,3624,-12049,-2110,-8269,-13959,4958,-5063,-982,5665,-12784,15256,-6538,-13407,7917,-10076,-15775,-6958,-10101,-1503,-3571,4977,-13969,-5396,-4745,3270,-8520,-8979,6224,3974,5336,-13359,671,-6538,12198,4198,4084,-16282,-15297,-9052,-3149,-5185,2310,-11381,-14546,-8749
11929,6261,-4666,-12201,-8727,14297,-14194,-11000,-1988,8415,3234,10684,-9920,-9875,-3921,-10575,-3735,3871,4672,1098,4578,-8120,885,14748,7212,-172,-15762,2483,12626,-5627,-12033,-10537,11394,-7595,9712,1995,-5270,-12466,896,3996,11966,-176,7603,13720,-1503,-10708,-9230,-13475,-15747,279,-3161,-13684,9130,-8862,15970,2196,8963,-2726,-8920,-11735,-12087,12438,9109,-5163,-11863,3415,10837,87,-14911,-9075
4688,12345,-6065,180,-4185,5525,-10156,15875,4607,-3422,10971,-7652,-7161,-7171,-9371,11872,7540,-1505,93,6271,14316,-14774,5471,-4599,-8501,-8946,6535,-10030,9145,2199,13935,9201,3874,-15972,-9066,-4871,15001,-2231,8377,12457,8632,11626,2203,14739,-13593,-5984,-10136,-8084,-16228,1242,-2713,2257,6179,5744,-3622,-1668,-649,1569,-13897,1794,-8252,545,15990,1375,4281,-14152,2635,15367,-10391,5055
-8992,16075,-7385,231,2602,8692,-8619,5923,-2278,13148,12589,-8033,10134,-14167,3773,-3766,12001,-573,-4270,-7252,3817,14465,5320,-14077,16306,5508,-1655,-11936,-6386,12552,774,-8565,-5355,6483,515,1786,-3558,1185,-7744,-10549,-3447,-14860,4987,14438,-2482,-13734,8874,12263,-10303,11632,-2159,13952,-9286,-12374,2150,15807,4613,-7307,-4413,16029,-2692,-7848,11651,-4169,6902,-4246,-8005,-2678,47,-9091
-11468,-2073,-15723,4523,14944,-13078,-9197,-9395,-3004,-349,-7099,15368,4759,-8221,3604,8097,-27,687,7868,6501,5641,5361,10345,-2509,-11075,3351,-14570,-12892,8684,-11291,-11606,-10234,-4796,-4041,-2895,-741,15447,-3672,10602,14116,3653,15405,268,7611,14229,-9674,-4132,-11968,4559,130,13926,13702,-13571,-5367,1900,1392,-12715,11768,-8349,-11322,-12711,12387,11947,11764,15033,-14832,9675,1155,2622,-15483
-12800,-12627,8086,5871,-4405,-12075,7810,-14896,-9916,-2747,-2334,-11636,9793,-5213,-1370,-3532,7038,-10040,2581,15348,-2855,-12644,-13119,-3551,14996,13159,5504,-3596,15245,-734,969,-14082,-1665,-5455,-8373,-662,4498,-3512,11655,-6242,11171,16288,2269,-9980,-1460,-10959,-13564,-9794,7614,-4485,11403,8887,4628,-11460,-9949,-11704,-5810,-6343,10695,10921,197,-1933,13002,-14526,6455,12519,-3864,-4573,4829,12388
-7796,9660,13392,-5039,2491,6268,-15627,-8345,-8089,-13057,-9805,-4715,13975,-13646,-12837,-14813,1500,-2793,-226,-12158,-6449,-6790,-981,-16314,327,-15903,-5387,-16049,6479,-9229,10507,-8207,13691,-8650,5883,12160,-2665,-6360,-8086,11171,-13776,-4189,1388,-16260,-12107,2384,-10076,-16284,-10317,-6056,-15282,11405,-15797,6230,9465,14806,-8704,16003,-10339,-9053,16241,1360,4504,-6916,-15742,9574,14624,13598,8496,13583
-6314,8606,-3666,16200,-9746,3164,-11345,-13471,3561,15283,12684,14881,-13364,7826,-15267,9634,-1954,-11454,-10568,10063,5871,-4842,3162,13764,-12136,8642,5008,-12333,-5806,-9369,13080,-12473,1913,-3618,8537,-13507,3735,-15651,13306,-9017,-4941,-15753,-11636,15120,-7490,5449,16171,-350,6056,3822,7478,15738,-8667,11251,8590,-5185,2402,-16189,15484,-10242,9775,10062,-5444,-10876,9859,-10042,153,7286,-11847,15402
-12321,-1353,-803,-9548,-9197,-16234,1920,-16167,-16331,-12049,-1912,5351,4775,-7518,-12811,-6961,14559,477,6656,14703,8879,-9449,12019,5692,215,2969,13445,-5691,-7689,3574,-9273,11697,6579,3491,3953,14812,859,10956,10742,-11848,-11212,883,15708,-9182,729,-13050,15994,3159,-2242,-9149,6511,13158,-10215,13536,12865,15611,-13287,-10293,12992,16370,-1620,-2837,-7834,-7022,5432,-8304,15187,1751,-11832,-5151
-4046,-11880,6578,-11322,16319,-10203,12930,-9872,8036,11187,14149,-4373,-12527,-11804,-15316,1421,-13009,4993,14693,4338,-14697,10275,-3912,13867,13132,6079,-13678,2828,528,-15452,9571,-633,-4603,2392,-5278,-12523,-11415,1017,7022,-13702,-3385,-8070,-14334,-14674,9357,-5225,-12526,4312,-12115,-6782,3099,10194,9227,-16052,-7602,-11197,-4863,15098,-14274,-9510,5346,-9098,13430,-751,11820,13006,16125,10097,-7282,-2233
13217,-7094,2892,-3382,5973,-14758,15023,2296,14506,-3444,10700,-5124,-6427,12876,3139,-2941,3528,10455,5601,-12551,12166,-8604,-9215,2533,-10167,3059,-11448,-8998,-7277,12539,-2112,-14165,-14993,-5698,12309,12551,7507,733,-7069,1195,15918,10417,-2556,-10154,-13351,-11296,-7737,12990,-14738,-10488,16353,13672,6073,-4772,10771,-15367,-7930,8520,-6297,-9521,6648,-10719,-4421,-2492,-12759,-12452,4821,13615,4183,9022
5823,-15343,9447,4120,-3734,-15050,8597,14145,1189,14865,9514,-15400,5333,8048,12861,-16271,7651,4594,9330,6773,-15424,14291,-8046,-1482,14209,-9573,-6874,-22,11651,-9856,-8035,-13461,-14255,13208,7810,-11491,-4537,-13866,-16080,4258,-1434,14327,6111,11859,12964,8690,3249,12360,3904,8195,-478,14975,11837,-6269,5743,5008,15759,-12260,-15799,9502,6785,-180,5641,6521,-11281,-6779,-15974,13330,-14266,-15385
