40,
71,
-13855,7424,14984,-715,7810,-11634,10876,6339,4058,10259,-14481,4564,-9793,-11953,-3201,-3685,-8342,-4340,-6772,11961,-3834,9322,1898,15707,-6212,-7269,-13927,12711,13233,9263,-11341,-12716,-14666,11671,-3923,-6845,-4513,-2376,6165,-6579,12813,-3594,5738,-9239,-1852,1786,104,-4272,-7037,12037,-10490,13365,-7828,-2841,-14427,8410,4800,-14340,-14848,-3066,4994,13950,1481,-15673,-9587,-9104,5589,4727,3142,13125,-6673
6413,8073,7205,572,2207,16249,1883,-7197,10681,-1474,-6273,2240,-11334,-16195,5759,14630,-13069,-12838,-3367,-4505,4347,11878,-5633,10403,14953,15684,3921,-9571,-7588,1278,7222,-5313,-4438,-15831,-9221,12547,5748,-4945,5561,-1685,-9868,10899,5881,6360,-5925,-14224,-3236,-1857,2903,-7036,-3319,14352,7577,-6166,4748,-6760,11497,-10930,13686,14484,15754,3837,-10314,-8614,-15357,-4645,4853,-3075,-15265,9579,-3256
-10966,2894,3143,-12682,-4474,2614,15387,1817,-6923,-3104,-14314,-5203,9183,-1447,14247,1278,12780,-11261,3235,-5204,12548,-3757,-7426,-3798,-14395,-14820,11121,-11677,-10111,15579,16161,-7923,-9115,-7009,-4719,14978,2367,-4489,3998,5308,3929,-2586,-16189,1707,11335,13919,5352,1478,-1257,559,13175,-15648,-13590,-15618,-3175,10965,-10337,1377,-532,-9399,2719,5503,14511,-13716,-7310,15079,-6552,8896,11136,-8930,9292
-10515,15157,-5206,11523,-3672,4878,-11832,-7986,-4659,5774,9247,14596,4036,-11225,7341,-7987,4914,3586,-6448,12308,14995,-10654,7427,5180,-16147,-4071,-13949,7943,-1117,-7676,-5387,-3461,-8846,-12923,6166,-14734,-8839,3641,3982,1758,-14700,5294,1454,11213,-2099,-681,-10938,10058,-5917,-3482,-14365,-8528,-10463,2279,-13174,-15031,12957,-12609,13969,14951,2660,-155,10905,3873,6115,10027,-11623,4537,-9528,-5751,621
7433,11102,1402,-1771,16113,7894,-12886,8596,-13011,3450,4564,14809,6848,-2699,-14744,12158,-7565,-6597,-1484,-8951,-6773,-13606,7314,6943,-2194,8179,-10671,-10972,5146,-2204,6409,1411,14374,16251,-1150,-6630,7518,-10292,-881,2368,6393,-6668,-15787,15716,11994,-5897,11251,9545,-10208,-2566,-14016,-4064,6572,14255,3718,-3825,2501,-14158,6368,2230,-11735,-15635,8815,-2426,-12980,194,14355,13307,4360,-4579,-3511
-5381,-13090,-10401,441,2527,2944,-7659,-13598,-453,-12035,550,-3204,13902,-209,-13603,-15744,11203,-4425,10012,1408,-8158,11305,369,-7324,-1108,13821,-16145,2590,3756,9630,1564,4267,5034,-4489,4708,12783,12814,-2513,-8571,11472,-12699,6593,4427,6873,-3968,9207,11309,8278,-12434,8624,10347,-11439,11878,4200,79,12675,-1334,-14857,15695,-11560,14015,5301,-9756,-4318,598,8318,521,3550,-10706,-9120,4189
12732,10859,8575,-6325,-15088,7303,10633,-16372,12792,-11339,-719,-3599,-13987,-15288,-11715,-7438,-10661,15715,9342,10640,3850,15499,9075,7433,-334,12393,7793,-3067,-14697,-14426,13165,-373,7886,12418,-1842,-4106,-10487,-4066,11677,-4967,7674,-10830,2383,3191,-12035,-1060,-772,-707,4242,11121,-10656,-1680,8959,112,3482,-8471,-2307,12447,-9890,9194,14230,11807,-8450,-11542,-13387,-11360,-3790,-1006,-11395,2024,-6412
-1852,-1109,-10536,-13948,-9570,11787,6316,5900,680,9774,248,-8153,-3382,9886,5197,7132,-7280,-6328,3843,-257,-2461,15419,4361,13762,-12878,15860,-9286,-8907,6338,-8024,5677,-9027,-8008,14361,-6191,16034,-15265,1764,-10448,-4589,3326,-12693,16012,10483,-9368,-1655,3065,-9391,8178,12686,11792,6465,-2243,5595,15069,-1694,-5253,15273,-16283,2840,-12305,12317,10170,6768,10784,229,-1184,12946,-7315,838,13747
-5418,-5480,3066,3826,5932,8619,11570,-3616,6952,-11073,14153,5501,5662,-12151,4759,-9281,10904,-13936,-1981,-14378,2059,-9308,-8342,-1564,10522,14641,3130,2674,-16332,480,-9295,9177,-14418,-9350,-2879,-2216,2723,-13644,12137,-9904,-3538,8670,-4369,-4111,259,-11832,-4782,-3397,14493,9207,7897,4665,9560,-2517,-4992,13072,14217,-5468,-1188,9759,15209,-9445,15894,-10968,3953,-16361,1957,14544,-10715,-2691,11961
-13192,11110,8655,-4019,-13069,-8569,-4264,-2113,6511,13245,9161,-14310,-4096,2769,-5843,-11993,-15348,-7175,-6178,-2601,-5142,15826,-3745,-4257,1889,16188,-1659,354,13218,-13643,8147,15523,-11322,-12896,13361,-5979,6999,-6526,15035,10782,-3443,-12189,-10511,-9146,-13237,9496,7147,8726,6159,-10863,-415,-4217,-11270,-16256,-6718,1046,4745,10646,8505,-1678,4772,16230,1724,-2532,7861,-9035,-10501,-9284,-629,2605,-3337
1448,6108,-12737,760,15294,7787,50,10759,10169,-15547,14317,8332,2097,3970,-5760,12820,10726,5853,-13247,9070,-13706,-3261,-2089,10992,16306,15642,-6661,4445,-5776,6987,13593,-8071,-4760,8999,11148,-15643,4876,15165,-2779,8783,-15478,-10303,11590,16170,8589,-1421,-7166,12297,-6091,15920,1694,-16043,-711,8289,10261,-9165,5194,-4276,15501,-16354,13812,3478,-10737,-9631,-2178,-4620,6974,-14200,-12760,4278,-3100
-12640,-12876,-14907,-10186,13386,-7610,-12851,4162,-9690,15790,-10161,-2259,539,12123,-15771,-8982,-6088,4778,11406,5074,4258,-9280,-7356,-2279,1436,10370,-7504,-10648,5028,-10256,14796,-906,-4120,10306,190,13422,-2752,10591,2767,4889,3867,12737,-6232,8317,-12007,15971,11577,-11051,14690,7612,6615,-9166,5818,-6829,4796,-5416,-5138,-14983,1740,4050,7954,-15835,-10521,13080,-13659,-5648,-964,15150,2363,-11577,-391
10998,-11199,-5595,6738,-4470,2545,-2949,-1321,5237,-13285,-13487,6641,4906,823,3227,-2774,-2497,5441,-15440,10274,4243,7062,-2112,-9904,-7218,-9918,-2284,8033,-6617,-13940,-7739,6149,-15110,14350,-453,-15813,-1998,-6114,-10709,6591,14425,11932,-1666,3661,-15060,-15619,-10807,-3225,-12263,2384,11912,-9609,2695,-5478,8556,1820,4542,4861,3353,14419,12290,12433,-14777,-13475,12983,-10389,12666,7169,-6785,-7233,-10623
-513,12879,10086,-9156,12854,13757,-899,13685,-11354,1593,-3903,-10340,14351,12888,3708,-15470,-6774,7369,15008,-9793,-3057,-1698,-5368,10436,-14319,15975,11232,-9830,2517,-14598,5452,11940,-1113,-3883,-916,-9714,14903,-9700,9013,12736,7990,-5387,-15614,9365,7373,6267,10577,-7452,-15607,-15266,15002,5171,7387,-10374,-11202,7009,-14972,13562,-7434,-10268,11328,1865,-14442,14800,-9189,-14617,14651,6197,5328,10991,-434
-1519,12861,12201,-5112,-149,14299,-5810,-8390,12837,3001,1988,12875,-10992,1526,16345,7803,5354,-8295,5435,-12692,-6308,-14286,11199,-8787,-12154,-7617,-381,12199,-2184,12779,-1419,-8127,15761,-15735,888,1346,4667,-8720,4205,-8874,-1919,12687,146,-7174,11190,1778,-9754,-11605,15772,14518,1126,10757,7834,908,14655,-13102,15821,-11646,16328,13939,8952,7179,-594,3998,-15137,-7415,8783,-14350,-13651,-7447,416
-960,-13238,-5745,1930,13874,-320,-14905,-11405,-2486,-5790,-5579,2852,-12273,-6014,8836,-12573,2200,935,2686,13790,-6354,-3630,212,-12787,4765,-8411,-13963,7211,14724,1479,6806,14207,-4004,785,8338,12492,-2005,5323,2761,-4850,-3094,-11649,-6472,2639,7313,-5708,1390,15842,154,-9025,-10440,5727,3940,-10746,3389,-1476,-11933,14621,-8105,12124,10908,-13042,14283,-15760,4057,15696,5943,435,-635,1063,-7702
6608,3144,6937,-7624,13046,3997,-6073,-12963,-2867,2351,12284,5118,-12066,-5699,-14748,7393,-13816,7304,3649,10145,-1656,11083,12980,1532,14380,-13366,3379,-6660,-868,-13053,-15041,6708,4924,-15387,-11927,6634,-13129,-9936,9100,1144,8623,-11635,686,13366,12805,12826,-15757,-13013,8429,-1061,-14076,-6620,10660,-14073,-9486,11343,-13149,-16322,6840,-4127,-5184,1916,7925,-13092,-14896,-9687,12433,-10344,7191,1120,14762
8789,-2349,-1339,-1446,10295,4949,7420,13755,-1423,-944,-16246,-5230,7691,-9285,12719,8158,-2309,9971,-4765,-9569,-15644,-7956,-5308,14657,8193,-454,-5120,14067,-5948,-421,-11047,-4215,-4664,-12057,-11937,1485,14140,11394,2180,-8925,6623,-5561,-16054,14345,5913,-12616,-9902,3836,7107,-337,2832,13099,7391,-15971,6427,10231,2835,-3156,-6882,4671,10577,-2291,-9120,2989,-6825,3227,-7240,14952,-6207,1771,7786
12884,905,-4448,3586,-907,-7351,10912,-11614,-6754,-11563,3092,15185,16068,695,2041,-5435,5432,-1208,-573,-3372,964,-672,8463,10320,-9549,3497,-15868,-6304,4135,-10522,-5867,-14045,-9619,-3315,-12490,12040,-312,15165,-2714,-14841,-9969,-9042,4713,-3600,5387,-9522,-11688,-4831,-5238,-3337,9369,8426,-16249,8753,3733,-10880,5330,-7190,3179,8336,14176,-16169,-8108,625,6575,9847,15095,-1052,-2563,-1093,10027
-12361,-5381,-13490,-8300,-7197,-16377,1261,-12194,9486,10321,9468,-7692,13303,5686,11456,-9125,7415,2261,7020,10216,-10441,-12752,-3216,634,4944,11342,3072,-14671,-6628,10122,5469,-13343,-4904,-11499,-1270,6356,-13942,69,8927,8221,10284,13592,10309,10543,9989,4932,7047,3294,5431,8088,12487,12674,14812,1848,-10630,-9910,-11404,-15038,-14663,-2278,3309,2244,-9429,-11285,15904,-1150,2144,13115,14916,10205,3440
7431,9401,-5311,-14148,2602,6328,-12574,9101,16231,-4191,12323,14051,14360,8839,4982,2281,-10392,-9696,-10748,2374,7178,7718,-14844,8484,14368,1688,12947,11854,-14599,-12185,-9127,14890,-7864,12207,-14203,-2809,3414,-477,-1636,-16222,14916,1667,-14604,11390,-15376,11559,10555,-8883,12857,14498,-10559,-7607,-556,-10352,5252,-14229,15838,45,-13031,3941,4081,3021,1057,-1577,-2727,3177,9881,-13915,-6456,-11785,2462
-9805,-14043,82,-1600,4161,6725,-5135,-7834,-11575,-13736,7159,-10757,7810,-6567,-15774,-1487,1653,-6761,6278,-8490,2226,-15329,14219,-3650,13531,-8428,-2024,-7637,-7903,6433,5705,-7452,-12680,9864,6677,-14209,-5604,-15059,-7650,-6149,2299,-6466,7089,-4477,15632,-7644,-2269,1270,7605,14553,-3159,10713,-13109,7192,10914,-8287,2618,10427,-6319,-6939,-3243,10345,-4034,14175,14365,-11016,14087,-588,9816,-10838,2233
-869,8424,10708,5544,5273,12690,-15731,-1011,7289,10286,-14629,-13470,-2669,-8728,-2798,-11387,9187,-9912,-13400,-2091,15502,-12719,-5304,1834,-13785,4879,15108,-10833,14461,-2821,-1713,-3637,3704,-9271,-12054,10167,-11151,9171,-3871,4628,-14782,4931,-6609,-5084,-2034,-13567,1915,953,12231,6196,-5856,7718,-14750,4544,15689,5,10564,2061,-10528,-8687,-480,-10400,11625,14420,1243,16336,-14279,-6675,8141,10063,606
12499,-15754,10907,-2678,1036,10711,-15369,-4339,15366,3327,40,11135,4069,-10054,-5150,13669,15683,-3841,14866,-4517,2473,-1494,-13101,-1141,10436,14886,1082,-9240,-10691,11193,-14597,-13909,-3379,-16349,6327,-732,14808,-4809,12899,-15317,8647,-1132,-3778,-8852,-11580,3026,-4654,-10804,7155,-8943,-2864,-6895,8575,-8311,1392,-14062,-114,9295,-348,12698,-15448,3214,8063,2519,-6504,-12834,-564,-15527,-6013,-12615,-16042
-10302,-9257,-12028,10115,-2226,-4324,1185,-15009,15584,3514,-3094,-2560,-7708,8007,-9792,5316,12907,-5284,10748,11396,2196,8369,9021,-8328,13375,-8447,8851,10573,-13377,12697,11648,4584,1126,957,-11336,10680,-13399,14187,5783,-3879,11862,-6798,-2659,2317,152,-12705,13088,-6856,9989,8504,13268,-2390,-9718,5298,8637,-10773,11753,-785,425,16318,-13021,1880,3521,-13186,9666,-16114,-1956,8264,-15372,4163,4015
8385,-16216,-14088,-9964,6742,-9040,9600,14812,-2024,-4928,10617,13466,11603,-2435,-9899,9187,-8826,-11351,-2466,-4706,-3897,4269,9500,-14045,-1010,-3753,-6531,5559,1709,11816,9798,12890,1138,7667,2476,-8632,10912,11937,14986,-1722,-10903,11196,10360,9330,11247,-13087,7792,9239,-10567,-5456,-14997,-12393,11895,-4024,1425,-15347,8931,-7236,6609,14658,-4464,5882,14383,-10040,4130,-1421,-7568,-4557,-15933,13275,-12874
-8373,3875,14266,-5971,8273,1974,12642,-4670,7297,15950,15625,-1055,-12454,-951,-2729,-7870,10928,-2711,11313,13873,11013,7280,-3529,-14085,-15097,-14285,-1413,2485,6062,-5462,11868,-9361,12221,4655,4164,-8448,-12166,-6524,-8664,301,2633,14240,-8911,2152,10276,7966,-13243,8561,-14209,-9923,5931,-4532,7433,6696,3016,-3574,13888,-7635,-10847,-368,925,3727,5919,-16295,3810,3343,-14201,-5024,-324,-7173,-10087
8603,12347,-7921,-7168,137,3395,8397,-16023,-12571,5745,-11541,1310,-5870,3741,9537,15633,5728,-5335,10574,2771,1931,10204,13809,10543,14787,-1329,2602,-15493,5741,-15227,16114,-13503,-8874,9539,7618,-1997,11524,10359,-9411,-14363,-1191,2823,-11395,4594,-6129,3566,-11781,202,-14897,3113,-13626,-8430,-6459,-9452,-4904,9186,5365,-13684,-3355,2471,11583,-13020,-14218,10707,14901,15429,14556,-9001,8072,3119,-8126
988,-11209,-12840,-672,-1564,10451,9703,11312,-4931,-9097,-8889,-8280,353,453,5201,7802,-9674,-12043,-10027,-9341,-11554,-14559,-15491,8501,-4597,-7738,-7647,-13995,11929,15214,3436,10508,5010,10717,-14066,9046,10868,8894,10781,10052,9835,14027,8066,2379,2262,-9139,7376,-9684,-12191,1285,-10089,-1691,11162,1513,98,-2416,-6855,-6339,-12420,7854,4994,9173,-7888,3465,-892,10947,13069,-6647,6683,15306,11046
10454,-14478,-85,268,6029,7887,-3711,12404,1940,-5970,-3938,-4382,6462,10969,-7245,-5990,15702,13297,-11101,2757,-10609,4502,-4793,4866,-9077,4308,10761,9614,-9043,-16048,12453,-3567,4804,143,7556,12789,2749,-15575,4209,15628,14226,4761,-2709,7519,14128,-4267,1816,13173,11799,-13337,685,6079,-8372,-4384,-799,-131,-12747,16189,14398,-9068,-12838,4164,11080,-8934,5405,172,-5406,-4114,-11070,-678,987
-2508,5942,-10262,1283,-12026,10949,-15099,9823,6916,-5358,12584,2655,15606,1775,-1089,7227,-9441,-14230,5574,-13238,-7664,809,-9366,-3027,6967,14031,3802,-5968,-7164,16165,-3018,-153,14208,1299,-5545,-3090,-3604,-1082,-13712,-5709,-8594,-9262,9487,15563,1732,3069,-10704,15356,3091,11813,-3278,-14194,8904,15654,2341,12238,-13423,-5615,-8109,10181,14824,-1586,3929,4577,15987,-4445,-3187,4800,-2871,1582,10881
15427,7547,-5906,-13302,2746,-1468,-6439,-3381,-11339,2263,9176,-124,8472,4166,-12731,-11063,-11808,15218,-32,3151,-8941,-2916,6447,-13493,6631,-10102,13540,-15556,-8702,-16018,3111,8915,-14284,10689,15584,-1450,-272,5927,-13387,-15254,-8319,-12659,-1072,1861,11370,-10975,-7761,-2584,4329,-134,1996,-11603,8903,10248,-4579,-1754,-4272,16285,14287,15370,-1718,11320,-341,-7688,-12041,-12388,621,486,7969,6744,1022
-3513,2440,8591,5730,-5836,5568,-7997,6620,6874,9688,-6562,2757,-5544,285,1928,16011,-4065,-13913,15059,-4209,-5635,-9996,-14875,11944,-9430,-6437,3208,-1013,9313,-14291,-13515,-12743,-7139,-3068,6751,11477,7446,-9400,11863,9880,11383,3514,-4676,-13212,6263,9514,-13342,-12387,7297,-13069,14017,5309,-12248,16227,-3898,-16217,-11246,-14699,-12429,-5235,-10354,3427,9895,4123,7419,3176,16275,7511,11523,1992,9583
-2030,-16282,-14581,3565,10144,-4864,2083,9330,8221,-13558,-4896,-10844,-14520,10947,15168,-9928,11296,14278,3358,-2036,-9422,-4495,13365,-15055,-3501,1618,-10422,-1035,-2402,-7627,-9095,-1285,13957,13127,-9254,12361,-6776,15343,-15853,-15263,2314,-14928,2654,3016,-13072,-6872,5514,3365,14653,-13868,15405,-2062,-1691,8148,-1605,-12516,-1552,-11643,5252,-11189,-4463,-9750,-3288,2486,-3745,-6353,-23,-2237,13168,-9694,-4916
2884,-3693,-13625,13417,7995,7135,11068,-11281,-4624,7181,823,-733,-921,12374,-12845,-13020,-13642,-7844,-14933,-13138,1292,-16133,-2996,-5723,14803,11482,118,7121,10737,-13067,12903,90,-8299,4576,-4131,-4705,13790,-16309,-4739,-2652,-8882,6121,6082,12976,1622,-15680,4466,13895,-8885,15237,123,-632,15700,8586,10953,-11288,5571,-2130,-16340,-3042,12998,-9279,-16236,4892,-11234,-8465,-3012,-5000,5612,7207,6376
-4036,-14458,-4197,3406,-11029,-11355,-7293,-1147,6699,-8119,15590,-1364,12612,14810,-2453,13582,-961,-12779,5504,-3999,-5919,-2568,16063,-13339,-1169,-2411,8126,-6385,-8692,13469,11553,11894,922,-16094,-2941,10478,-4536,10471,-13864,-5550,10237,-13736,-12050,-1867,11015,6529,10179,-6271,14495,-14426,10870,8243,-13257,9663,-6289,2156,-5937,-8121,12147,2811,13913,-962,8413,-6052,11958,8838,-4127,3619,3049,12082,-5070
2623,9449,10438,9741,-5353,6936,13789,5503,14075,-9696,-8629,-5320,990,-13011,8845,9821,3968,-5512,-8454,-6735,1593,1514,5150,2922,15075,-8011,-13016,-15837,-3791,7733,7182,-12416,-13756,10393,-13593,-5468,11295,1023,10119,-1127,15174,-9089,2110,-2633,16108,-14573,660,957,14228,14072,-11875,-1614,-8363,10423,-3974,15815,15821,-14836,14132,6763,-13669,-11135,-14172,-620,-5941,-10322,-14490,-14312,2705,7398,157
488,6062,2249,10120,15523,-10305,5039,12545,11971,-11937,-852,-304,906,10000,-10311,8683,6776,12243,12065,6340,-15481,9675,6285,7549,-3252,-394,-14493,2863,6967,6439,-13189,-3266,-8602,-13661,-9306,15555,1244,-4390,-2586,8002,5419,12869,8096,11842,-12714,-9975,13867,12179,-15643,-16096,6588,-7864,5705,-5880,-6286,13306,8862,-3382,-5576,-4034,-15454,7210,-6458,9401,-9198,-4916,12109,14191,15180,-15947,13575
13062,-13774,3227,-5573,1878,-709,-3147,-12243,-950,-10601,14690,16324,-10745,12736,-617,14006,13399,-414,-14532,-2590,-16205,2382,11020,7881,4197,-14930,931,14528,15915,15578,-7545,2056,11269,15111,-15846,-1157,-16281,95,11755,-5762,4299,-13445,-2459,-14118,15959,193,-9766,-12470,-10667,-15660,15412,-12140,-5926,2020,-6881,-15178,-6490,1947,4567,10038,9786,2133,-1740,12168,-5420,-8578,-4057,-2149,-10917,3311,-6027
15232,-13527,-11035,-1410,15887,6425,-961,2055,-5250,3678,-734,10148,-1134,-4341,4455,-4964,-6096,-1093,8973,81,9762,-15195,2404,-4649,4812,-3129,-9187,-9775,3979,15979,16308,10309,14622,9235,9750,-13541,7558,16143,14563,1492,-2725,-5450,6370,5714,-14401,11605,6992,4467,1522,8895,-713,5096,9675,6829,15896,1667,-9758,-12368,-2041,2895,13969,-8396,8302,-2871,9963,-4737,-4218,-15171,13747,-7497,-13518
