40,
72,
-9497,-8529,3591,11879,-6200,15244,-7477,-16171,14402,-11099,-7060,-11450,1170,-8281,4995,15577,12760,10690,-2450,2122,939,-14803,4417,5821,-14634,-8212,-3133,1083,10104,5718,12590,5178,-12781,10860,-2119,-2553,8771,-15304,8666,13511,-8005,-2147,13638,-13724,-15910,9755,-503,-14175,12612,13885,15346,-1767,-12464,-2668,12524,6162,5057,-9847,1734,9861,14072,-11979,-14864,-1015,3478,-13919,-13592,12541,-2353,-11897,-9140,-3899
-7303,6409,-1809,3712,-12232,2331,14345,13625,2877,-16205,6068,1982,10205,-7698,-15052,11396,-11053,15962,-10422,1489,-15676,14248,-7961,14940,13836,13557,3412,408,1334,-3418,-12710,-3436,10791,-9377,12789,-14933,12013,12030,969,-12,-11849,11925,4106,-9126,3738,-1683,-13451,-8928,10878,-1473,10784,-7268,-9185,-7055,1883,-11767,-13578,-13782,-13746,7265,7843,8677,5381,-8418,7968,12065,-2086,-9110,4155,-7109,-12123,-7283
9505,-7256,4085,-1873,-4841,-11365,-9734,-5367,1560,-3721,6244,3485,11842,-8109,10651,-14380,-782,-5715,-9764,-5240,3183,8578,9726,6700,249,13837,-12115,-13074,-6064,-15253,9850,2162,-12964,13718,-3088,-2509,-4122,15936,9256,-407,6000,9695,5455,-8298,-12547,6723,-6439,-2835,14249,7916,-5608,6296,-500,6260,-14525,-15537,-8800,5679,-6631,-14436,8586,-12324,-4290,4030,-13881,7104,-13545,-15797,16384,8667,4370,2263
11193,-2112,11836,-7000,13897,14198,-6989,-7471,-9728,8515,3981,-10517,7605,-13055,-5292,12217,543,3099,14706,13956,-4110,-6561,-12048,18,3823,-5526,-14042,7900,-13259,6648,11157,14916,11990,-8535,-150,-1623,14112,-8417,-14517,-7523,6506,-10650,900,-12828,821,-3435,-9262,3090,-6850,-16367,-3254,-2436,13355,-8042,-6697,-14145,12822,11351,-9372,-1155,3619,6675,-13890,-12592,10165,-10399,-5264,-13034,11189,-5851,-4989,-11327
520,7079,-11290,-3536,1650,-81,4511,-14292,13239,-2672,2678,3347,9225,-15127,-527,-11251,5964,-5950,-5238,8975,-3638,-5038,15150,9539,15356,3008,-8445,2748,-1174,-11301,-15238,-5604,13805,16329,-388,16313,648,7196,-8185,-6608,-15833,1163,12129,-10614,16044,-11570,-15272,-16266,-539,4957,12912,-12867,11361,-8096,12642,-6662,-1202,-235,14358,8643,-6196,-13634,-12140,-2147,-15269,4773,-11017,6315,-4557,14283,-8662,2942
-11983,-12549,341,-7507,7452,-8510,4135,12953,-14772,6964,-15764,2556,-12035,-9642,10730,5162,10488,11446,-11681,-10002,13874,-9575,15659,-12731,-9846,-6997,-6172,9630,2513,-10208,4513,13429,-4926,10491,14251,-1151,5132,-1009,1769,-1939,3534,8131,12189,-9527,10191,-10783,5403,-1694,-2628,-3706,-3960,-5589,980,-11727,-4618,2156,-12874,-15615,16093,4622,-15137,-3090,-11376,-5052,-9245,-3533,-7885,12392,-11487,5196,-11319,5247
864,2454,-15712,-10247,-6600,-15330,-7839,6288,1427,-7002,3972,-6903,3445,-14639,2565,10498,14674,-2109,-7147,1699,-2471,14412,-5679,3910,14092,16342,-9101,-4185,2071,4559,-263,1331,-13553,12861,5557,-5523,563,8851,11677,-8834,-15965,12637,5573,14244,-16081,15984,579,-16078,848,-8371,11681,5255,-3558,-8241,-9907,4510,-5464,2897,-11455,5721,7045,117,-5592,-12947,-702,-8821,4341,9273,-102,-15948,3135,-3608
5040,-5651,15531,-3745,-2190,11729,-16136,14002,14989,-14220,12840,11311,4125,15578,-1657,1272,9387,-12795,10466,1595,-13091,1898,10647,14364,-2308,-1664,11716,3937,1486,-847,12738,6748,-7344,2810,4801,9879,-5110,-14966,-15296,4314,-15667,7718,14120,897,-6910,14269,10679,10524,-10006,11433,1264,7208,-3598,11470,872,2346,1779,13526,3936,10160,-4344,-15954,-14176,-7826,-11428,8447,9256,8763,6068,6834,-8412,10046
9301,7811,-2209,15636,14570,-824,1370,-15495,2490,-11196,14989,-6523,-904,-5167,-13240,1762,10606,-7794,3735,6747,-14940,2229,-4179,-14967,-6185,5417,6480,5329,5653,13111,8339,2269,-10196,-2047,-2141,15904,1493,14116,5160,12654,-1800,8534,-835,10124,10095,-11671,-10328,8501,-3828,-16097,11082,-592,6506,-14391,9364,-13314,-9975,13745,-7874,-4768,6270,-12981,-15223,-7181,-10455,15174,16130,-9062,-11319,9514,13781,2642
2711,11004,-12368,6994,1084,-11593,-15425,3616,-12269,-11835,-13745,-6410,-5471,-6088,9522,-10956,3201,-9872,12383,9880,6843,11869,-12429,-11309,2621,-5344,-9340,34,-1339,-6615,-3048,13584,7069,14109,12985,-10064,-12186,8609,-12124,15246,-15980,15744,1950,-10548,-10231,11463,11477,8124,16353,5980,-902,-526,1157,7972,-15889,8220,-12505,-14014,-1348,9669,322,-7198,-10180,4757,-4941,-12058,7732,16047,12402,-4098,-2807,-1662
9970,14980,2869,4218,1469,12614,15756,9089,-14518,16153,-6903,6537,-16241,13489,8684,733,-2407,-38,4054,6598,1051,-9462,-9092,12426,10966,10132,15319,3648,-1437,-5424,-1393,7038,-6191,15105,3417,8237,14758,5801,1026,7112,-11776,-3003,8403,-3114,-7621,-1411,963,-8222,-7020,9642,1596,14394,11708,-6092,11434,6314,15142,8854,2898,9144,-6033,14971,-12558,-5737,9259,-6870,-4577,-2065,-14576,13689,3735,-14544
-4584,13310,15266,-4027,7695,13497,12905,-11437,-7908,13673,-1735,-3239,12200,3728,-4517,-10427,15471,-3379,13267,-13315,-13492,-11738,4716,12623,11607,541,13520,-16089,16035,635,-15458,-1090,-12229,6651,9868,9892,-12739,-7518,-5120,-12916,1570,-2228,-3521,1137,4555,-4440,15270,-12660,7663,12701,2000,-11668,2615,-5968,15959,7391,-5369,-9659,-15564,-7678,14278,4091,-4165,7617,-10325,1855,9834,14795,15234,-12394,-11683,13910
14607,-9923,6079,-3587,-1091,9965,1033,14724,-12596,4942,9905,7906,-10079,11023,15683,15906,561,8806,16088,9707,-12964,13629,-30,7116,-6380,-14728,-4401,-14122,8498,7255,-1355,-3128,11167,6496,-8591,8368,-14107,342,4659,12454,-11246,16005,-4160,-885,299,-4552,-3294,15194,1452,14422,5031,13796,-13268,-15018,-9099,-6048,-6108,-3535,12387,11573,-13864,-7005,-5391,-15708,-6791,16022,-8429,6397,-5491,4147,-6847,619
13613,5198,-11108,12895,-4968,-11559,8394,-1219,-14809,-5921,-14373,-1325,-3194,-13925,-12589,-3487,7343,3529,-14121,460,-10702,16092,14879,4948,-4243,11280,-15147,15745,10347,476,-8531,10061,11344,9353,722,9389,6966,14337,6368,1697,10038,11442,8948,4419,13651,12448,11099,-13231,-10321,6699,15675,-9651,-5998,9813,-4561,4296,4923,-5332,-4579,8569,-6824,-12006,-2018,15775,-2273,2603,324,5338,-7853,3755,-12924,-10031
-2984,8208,-13672,11145,-1401,9037,-5167,9906,16151,-16359,9565,-12397,13740,11010,-9630,10248,-118,1517,-12314,-9305,-2553,8654,9459,6462,11487,-8247,-11431,-4268,-11104,12999,6827,11164,-10659,-6463,-13444,-560,11252,7642,12872,-7280,-13949,-1777,5164,9884,5276,-3768,9865,13975,15537,-13814,14088,-11198,9700,-9021,-3336,-13252,-14754,940,-7878,1628,-6941,15824,2068,15051,12413,-10083,7056,-3392,-4436,13443,-3648,15926
-14856,-7799,-13770,4541,-7040,-9940,10100,11133,-9258,2986,11214,-11717,-3429,5198,-11326,-9242,11124,8300,-2072,2178,-12872,15176,-5284,13280,9288,-10827,13941,11527,-1054,-860,-15358,10555,13599,-10657,-12315,4531,-15090,-1049,-5944,8330,11322,-5877,-16383,-4899,-7793,-16176,-4819,-6000,16134,5175,2033,12880,1569,-9075,-1142,4201,-11825,-15990,15554,-14109,7366,-4822,-9981,-15665,5966,-4126,14623,-4805,12146,-10229,-290,-1599
-6067,-10072,-11495,-5051,4949,3740,8098,9405,-9249,-3518,14187,9359,1460,-15643,6881,-5727,7786,674,-12358,6858,11096,-9006,13759,-12530,5136,-2917,12073,5075,-1393,727,12479,15126,-2932,1715,16351,11360,12923,3721,16203,11998,-7576,3967,8550,3692,14124,6249,-2020,-5368,-14392,-9507,-15824,7653,3544,-12606,-1254,15083,738,6184,11102,2100,-8889,-8578,-7561,-8728,-5528,-14278,-12540,-5718,-6010,10965,-8842,-7347
13342,6055,-13658,15763,-10947,-10359,12965,-7043,7657,-1655,1208,8136,-2902,9881,-13359,-9377,9223,-16013,-10663,-5340,-3239,12195,15827,-8191,-16096,-6003,-15805,15204,537,76,-1706,15528,-101,-8687,10652,11252,-2785,2174,-4410,-4590,-12128,9079,15320,-15675,-10055,-10227,7602,146,-15484,-8915,-3008,-10284,-6857,-3607,-2778,-8377,1604,-13727,8500,7874,11048,4555,5467,1108,5192,-6365,8242,-3528,2344,-605,12996,-14975
-10557,-2313,-14468,3762,3131,-6108,-1054,8821,11334,-2155,12281,-9715,-7492,5460,1320,-7671,11299,7361,11547,13907,-10933,4395,127,-8589,15560,-15579,-2604,2898,3456,14395,-3721,7061,-13750,413,10963,-1917,-9408,1929,360,-12167,-1185,-658,15936,-9933,-7146,-8870,11852,-11176,13655,-13681,13535,-4297,-1061,15937,-5929,-12683,-8165,-9016,9391,8043,4493,6774,13204,8601,15984,-449,10023,-14426,15559,832,-14027,11029
-4630,2545,-3654,-7965,8768,4630,-12793,-1941,-1140,-4502,-8174,8148,-5666,-4958,-9897,12403,10612,-11181,-1332,-14466,-2610,4868,-15931,12035,15342,-13239,6211,7904,107,-7325,-11405,1574,6489,-5977,-745,-4470,5222,1080,-9056,280,4973,9940,9877,-5948,6564,11719,9618,3648,-12671,13994,13092,-10819,11270,9730,5693,-14882,-5458,4936,-14014,-12300,-9478,12233,6853,-6589,1809,-9345,11684,-15586,-14411,5087,5241,-4021
15668,3874,-14713,10184,11871,-15970,-8077,-3037,9016,4308,11193,-15075,-11397,-1318,16205,5914,9033,-4757,-6319,-14951,4403,5997,-6155,-12215,11685,3311,-6862,5827,11019,9779,8744,-14624,616,-13528,8966,15720,14073,-7933,-10271,13907,-10106,6945,2472,13956,3815,14712,-13357,-8248,5147,-3631,9737,-6099,-12693,14656,-8254,2398,-12858,-5886,-4678,15652,-14729,7880,-15031,-899,16285,10326,4292,4410,14329,12652,2604,10244
-7160,2065,-7065,-761,-13196,-16364,12452,13407,12843,1658,8593,-2623,15807,9240,8023,255,12194,5566,-11139,7492,10083,14253,15369,-10905,8758,-1962,-15017,10216,-5013,-8531,1445,-6290,-9758,-5365,-5239,13201,-7030,613,12185,-14427,2060,13185,-15394,-5628,4011,-1903,-11532,1104,-5834,-11599,-13296,-1947,8954,4096,-8391,-1662,6820,-11568,7595,2310,-15332,-10148,-13606,3381,2618,-8997,-4921,-10198,-2423,-8918,-14998,6069
-15483,14232,8057,3648,-11981,12952,-8734,-3365,674,-15857,-7511,12150,-5896,13409,-13880,12258,-5292,13332,2438,7279,3873,14110,4197,13003,490,8540,3149,-10423,-15950,2738,934,220,-6011,13649,13987,-581,-15199,-4637,4519,-5956,2706,15086,12325,10055,1878,-3354,15935,-5758,12152,-7185,-15035,12258,7180,15864,14026,-8061,6136,2383,1602,-12301,7768,5906,-1552,15018,-4884,14904,-1665,-12549,479,-10821,16341,-1549
9428,13576,-3072,3952,-11152,-4015,11152,-10775,7136,-6819,4453,-4662,12880,-5109,2767,-8659,-16291,-7145,5175,9560,-2575,7519,11356,11171,7495,-7535,-8371,9865,-12788,-10010,-13492,-11794,15357,-11034,12075,-4153,-10502,8299,16280,-2203,-7694,11904,12911,1722,-7719,-11559,4476,15074,5425,696,15607,-2619,6617,-14458,152,-13428,15167,-532,-2901,-4722,-1966,8560,9992,-14882,14077,6402,-12960,-11346,-15742,-8645,-4978,13635
13060,11975,-6558,6482,7905,11078,-9832,-2083,6009,-2789,14866,14807,11090,3310,10671,5751,-13038,6138,7507,9282,10924,-12168,-10793,1581,16009,-5626,6231,-11719,-3860,-10775,8394,8121,-3565,14874,-10424,9070,-2216,-2460,-6216,10486,86,2224,14502,-1512,-589,12768,-10112,4147,-2189,4579,15562,-12420,10235,11444,10478,-4354,10380,-6886,3155,-693,12615,-3513,-3264,-13150,42,-15543,11830,-10953,-5385,-3253,12616,11808
7567,-922,-10568,3472,12941,9314,-4234,7750,-1945,4030,-921,11383,11338,-1845,11783,4850,15925,-5942,-3075,-9623,8363,-874,13988,-16374,13663,-11745,-14218,9175,-11535,15881,15346,-857,6035,1660,7019,-2837,-6469,-14197,-456,-7691,-7040,-2743,-2744,13209,-8736,6673,14149,-1652,7656,-12706,-6210,-9707,-7866,9691,6654,15311,-11695,8867,-3659,-1130,6909,13548,-9777,-614,-10877,-11550,-6965,10380,-11447,-9938,-15132,9580
-12207,-9461,-2943,12855,7834,-5831,5254,10312,-263,-11381,4152,9210,13890,876,-284,7256,11582,10757,-4874,-6417,5935,-11419,-8679,11176,8171,-1206,13733,14658,-2624,-1209,-3890,-13522,989,-6596,14641,9726,7652,-10798,16254,16046,-2939,-14826,3774,13621,7656,-7978,-895,-6584,-3525,-2448,5032,-5609,-4198,15022,-5857,-13326,-10142,-2571,3527,-11357,-8175,-12166,-9211,11506,689,-3748,-14198,8347,2789,16064,-3406,-1671
-14976,-13035,371,-3281,-11888,16335,7535,13853,2566,-524,-2246,-730,3360,-518,4289,16186,-6467,-9848,-5087,-6869,-13281,-2724,-15198,10209,-4572,-6214,11099,11657,-2509,-9185,-15212,12012,-4652,-7879,12604,11948,-2600,8787,-14309,10550,2492,-10288,-10342,11003,10526,15809,6742,-7159,-4602,10022,7198,-12066,-1582,12750,15370,6758,-6524,-16348,-12750,4014,14484,-3587,5656,-10856,-8496,5189,4041,10162,-3113,4436,-1869,9909
8774,-7474,7290,-7954,-3074,3907,-15361,-2225,-15906,-11930,-12818,15738,2433,-14356,12180,4481,9144,-14723,1175,13737,-14814,13081,-2609,-11161,8137,7794,15716,12422,3065,-2051,-4552,-6178,-2403,-143,-14960,-13512,-14153,13482,-8180,9685,6542,10318,2565,14676,10810,-16321,-11430,11891,-370,-5123,6940,-15169,-15990,4295,-15257,4218,9092,2707,11070,-8675,766,-15145,-6643,9357,3236,-9599,10788,-6836,14681,-11373,-14804,13859
-3439,-1307,10137,-171,5320,8886,-10602,-11572,7119,3679,-1096,-10234,-7697,-6892,-8236,8796,9033,-6466,3532,14230,7577,9483,14719,2453,-9068,-13419,2046,4472,13964,-2805,-5121,7599,-14188,12338,-1140,472,-2426,7008,11351,-4284,13480,-6264,-3112,-12695,10750,-13719,29,-9128,1307,8378,113,-15130,16248,-13508,13385,-2722,-12822,8193,453,7354,-7834,-15642,-2699,11157,10329,-10452,-566,-13790,-4074,4150,9933,12539
-4099,9221,11692,-8315,-1234,-10869,-10474,16374,-2739,3316,-8907,11811,-7487,-6854,10431,277,895,-8415,15151,-9193,13115,-12600,6729,-3212,12501,12640,1410,-8429,13726,1667,-14901,-12052,8945,-4589,-7230,-15818,-7419,9191,479,-13455,-8614,-11742,13419,14010,13578,637,13038,5986,-689,16002,10848,-12820,3765,-4581,-3219,-6192,1041,14432,3273,-12501,-10192,2968,7971,678,-12644,-7755,8767,14882,-446,1975,-4602,16301
-6853,-4179,-15022,-11071,15263,1527,4084,12920,-12066,-6968,-5489,8064,-11922,-12341,-2613,-13767,-12920,-4623,15412,-4523,-3733,-6340,2454,10553,-14855,13947,15010,14663,15785,7449,5617,-15237,-8848,-9530,-14384,2772,10684,-9958,7571,1663,-6650,1195,-9432,5897,-14367,-12981,13686,8804,-13879,7774,-3995,-12889,-10481,1809,-10193,-3695,-7865,-11835,13929,-2040,16021,6160,13179,8531,-12995,-8847,-5436,-14358,10602,-10636,10651,-2803
3868,-4185,118,2761,-6860,1439,-1128,11842,-7088,7866,4494,-7221,-5324,-6014,7169,501,-3298,5853,-10052,-5144,5152,10000,-12526,-2948,-15322,3118,-6814,-12941,3575,-13665,-8187,13712,-5691,-8194,-4978,13727,11716,3819,-15140,12967,13424,4358,1791,14590,-4301,-5730,-3758,3490,-10463,6121,14045,-7345,11480,2186,3008,10674,-16016,-3496,-5359,4254,-13038,-11148,-11822,5051,6791,-11282,11825,-1850,-5372,7705,-4538,4220
-953,-9003,7740,-15962,-7435,1889,12799,-14878,-2265,-3826,-15340,15860,-8779,-7262,824,-16173,14880,-12883,-7772,-14620,-7207,12359,-9249,-1966,16372,6849,-6713,-5573,11501,-15098,-8950,3166,15181,15174,-11259,-4585,7596,-2113,-8319,-1031,-3585,6623,-14943,10867,12211,-2489,-4641,9665,1207,-12121,-12779,9225,11788,-3375,15610,13437,15458,-15249,-13939,5228,8663,-1102,-12347,-5611,-992,-9732,-2328,-12561,417,-5267,4377,-3902
7075,-7388,9304,-10890,5003,-11314,-3813,4075,-10414,3185,13886,-5120,-10412,8236,-3055,-10034,14459,-5324,5279,7282,-13617,-11776,-15782,4033,11750,-12868,-7740,-1638,-11239,-212,-255,3466,-10445,13033,9955,-9032,11790,2968,-2954,-16026,-5655,8773,12558,-6788,-3744,13872,-5483,-13759,-13030,-8682,13691,-3597,4,-5951,6117,12207,-5707,16323,-6642,4817,15175,6058,-1664,15768,9361,-4789,6147,-13818,-15004,1107,15382,11483
-15907,-6771,-7317,1105,-11939,-912,3328,-16333,13732,7105,-8603,3918,8485,-200,828,6344,-5102,-663,-9055,12576,4116,2207,-11208,-1901,-4739,1733,16350,504,8791,-13609,12312,-6677,246,-10636,7818,-6012,-1768,5383,-15600,7934,2909,-12275,-7268,-6259,7741,8106,15171,-4538,8088,7158,1034,-870,10049,-7457,-8989,2125,-8773,-7432,396,-2365,-13229,8270,8099,-14661,-6721,-13722,14153,2555,10805,-8309,2943,11543
12044,7217,16364,5331,5906,-6190,-8881,15869,6554,15253,8464,2284,6976,-10355,-8701,-3933,-14742,-11086,-15262,-2728,16034,-5269,4383,-10964,4090,9925,6678,6347,3567,10795,13409,7783,-15572,-12555,-2003,6144,-4868,-254,7558,7704,10651,-12845,16151,-11971,-11784,-15809,189,-2691,-11145,4982,458,14719,11478,-10828,3191,13737,-8247,-5935,15122,-7472,11526,11295,6492,-8298,-15863,-14644,-13688,849,9412,10428,-13467,4922
11846,-14857,8466,-276,5914,6243,-13364,2151,-929,3082,-10220,-2632,-3269,-2215,-9580,-3130,13378,-13031,3909,-14720,-3738,7941,-5793,10745,5549,-7714,-524,1038,10456,-12167,-28,7057,8728,6847,-14347,7709,-15306,11102,1426,1554,243,14310,-12408,13322,-2260,-14391,-11975,14538,16094,-9701,-37,-14691,-10236,-15365,-9815,14257,2213,-8707,-12061,12943,3896,-4923,-15673,4673,-12524,3057,15320,-14661,6167,-12512,3623,5387
-1673,-3819,5763,-11075,12142,13358,8054,-4121,-4889,4220,9275,-708,-6591,10314,-11089,846,-9238,12660,-370,5725,4217,-3716,-1509,-11389,9470,2259,-13890,-11754,-2863,16044,-6859,-12451,15144,15374,652,7746,-9082,-8722,2272,-5737,-1217,-13002,4538,-15147,-14867,5045,12729,-12736,9215,4459,-6897,7790,4306,5759,-15090,-2366,-739,-1505,-6516,15158,15982,4432,-8020,9221,13134,12558,-8813,-11207,14108,-9595,14690,11715
13496,4542,6675,15371,-5358,13351,-11728,8106,10989,208,11352,15381,-8881,-12290,6460,6696,3882,-1229,11383,5565,9541,6389,-4887,-1278,15902,850,-5921,-11413,-3093,-14348,15617,1604,16138,8245,-6945,13686,7009,-14783,16016,13430,5585,-15469,-11508,9116,14871,1321,11707,15455,-15781,13599,-4927,14465,-4182,-9806,1757,-6398,10651,-15040,-11110,13393,1766,-14328,-2159,8619,8413,1773,-738,1799,-10960,14325,6380,-4361
