40,
73,
12809,13564,1327,4156,-15140,3519,-10188,12732,-4316,-7217,8292,-11816,8042,-6815,5882,-8458,-14956,-11494,6551,-2603,-9866,-13792,-10589,14134,6261,8937,-11305,-14707,5131,-12889,-9913,9171,-13136,11097,10048,13581,-13702,-1827,14784,-13170,-16331,6390,-574,5359,8375,-12981,-3320,3516,3342,-9537,-3816,-9369,7551,-6679,-1205,-4869,10868,1531,-3961,-3999,14905,-10463,-2362,13818,-4489,3974,6293,11790,6027,790,4155,2125,-11531
11383,-391,2063,-8187,-7070,12334,-9166,10507,-5619,-11990,-6759,-1331,-245,7106,15928,16326,14472,-12094,13373,-1522,-1831,15176,-16362,12040,13119,11791,15699,-924,-7159,1788,-1165,12881,9036,14606,13570,-8952,5153,-16098,5855,-9317,-1978,14304,11744,10801,-8581,14453,-598,2441,-3769,-5881,4516,2063,-2655,1780,-7104,-6435,3603,-7269,12663,-3091,12545,10430,11687,9740,13787,5311,-6607,1353,-11608,-197,-8562,9428,-15076
2875,-13565,-187,-6828,-11951,-8609,-116,16358,-1413,2165,846,-5312,-1088,-6718,6256,-8861,-9377,3700,-9387,-1364,11397,7403,-4354,10819,-9192,5944,8866,13662,10256,11360,14987,-13168,-4899,4056,-1744,2806,-5605,-2063,-8873,-10996,-669,-13771,11106,-2895,-9082,-8814,-5005,-14333,10075,11134,-15330,-11511,-5444,9390,-5449,-2160,-6202,-5914,12391,1474,-1015,7639,-7345,9226,-619,2510,8183,655,15107,11840,-13506,8717,-11668
1293,119,-4823,-6507,15944,13387,3412,-13901,700,-11392,-10267,-10489,-9159,-3063,-6151,-3912,3643,8265,-9420,3903,-9107,-15550,1072,-12689,-13059,-11278,6348,-15890,-15229,-13361,-14572,-8431,8372,-9975,9925,12216,11718,4554,-16283,-2641,140,10228,-11016,10055,2507,14035,7554,14234,-9302,-10857,-3454,-1626,-4787,11505,-7369,11893,-9362,-5127,4484,14728,-3429,1841,2877,11649,-15514,12966,6519,11355,-12263,-5512,-13824,4263,5307
-159,-1780,-11603,8248,-963,-7293,5835,-13638,-12506,4683,-12715,-438,11001,12281,-12526,-4780,7244,10405,-14043,3743,-15677,-11883,-747,-14325,6041,5295,-9969,16232,15667,11371,-1675,-9242,14317,5303,-8708,5829,-12294,-1870,-11852,-12166,-3857,15254,-6772,4078,4860,15259,7720,4880,-14184,-15316,-2757,15001,2453,-11082,-8003,1620,-6041,4515,-11572,14726,-7007,-8794,5502,-9604,-14514,6097,-8072,-14233,-11032,-14863,11884,10661,-7624
7478,1376,11675,-2160,-2049,-6196,-3437,-1095,2258,-5268,-14113,4519,-5643,-14462,9794,-2317,9270,6144,9571,-9790,-14225,-9955,-11362,7509,4975,13012,-9591,-11067,-14541,-13794,-5249,-13224,-1393,3270,-8790,2790,-7146,-9698,-12250,-6247,14269,9079,12905,-1251,-2836,1254,-9971,9331,-14570,-15147,-11363,-12523,-8677,2142,-14893,6991,-11331,-2488,-9280,-8055,3125,-8110,3897,12516,11612,-6038,-8386,10845,4264,-10467,11360,5183,585
-7423,16095,1844,-14188,12847,6529,-11581,-6386,9490,6532,9826,-11904,-3555,6721,8117,-3638,-3981,-11105,-3400,802,5189,9569,58,8013,-9342,11111,-12303,14929,-8602,16200,-4368,14548,-9916,15799,7788,1328,-2861,8102,14346,-8230,-14849,-15258,-13668,14336,-3256,-9775,-1645,4162,-13626,1131,-2417,-1809,-9726,14458,-12482,-14850,356,9284,-16098,-9483,-1091,6808,13328,-10453,8406,6154,8448,-626,-5532,5235,-12944,13904,14527
-13355,-6404,758,13300,-14629,6924,7218,-7313,1499,-12016,16371,-6725,12075,-3781,-15046,-11908,-60,-720,15564,-12287,13983,-9450,126,4410,-8824,-3555,-15736,15119,16048,-336,-16307,-9423,11770,-14530,1489,15082,6697,-8772,11131,-9267,-11762,-10066,-1802,-15956,-11734,757,1805,-16262,-1365,-10264,596,13736,-3099,2213,415,-10023,-6963,7254,14612,11072,-12658,6341,820,11902,16007,-4346,-9259,-2959,-3221,14557,307,516,-15612
2707,7168,4087,-1594,11069,-740,6342,12430,-1606,-4403,9971,519,-2865,480,-7061,-846,-3855,-14506,10314,2192,-5187,16230,1379,-4166,6394,12491,-13932,-78,-11182,10735,-14248,-1719,-242,15626,-14948,-2206,9119,821,-1269,-1685,14682,15312,10425,-10882,11750,14965,14765,2661,12906,13789,11195,-7235,-12824,580,2415,-12766,-9465,-215,-12971,-9987,9074,-10847,7843,11208,-13968,10592,-13808,10276,9256,3257,6567,3863,-537
10707,14715,7782,12647,-11055,-15635,-14131,-10102,-15332,-5003,-3588,10616,-3447,-9829,8713,-11829,11357,-6219,5087,5059,-12550,-8061,-2121,-5930,2252,250,6474,4337,6884,12195,-4415,6132,928,-8261,13183,-11482,-9094,14220,15194,-6239,-12390,-14748,-16268,-3938,1137,5030,15482,-5012,1104,-2661,-3277,6150,-3232,4481,-4289,-8753,6052,-7079,-8756,-15205,-7522,13251,12513,-1354,796,-4295,-1321,2780,-13301,-11632,-6781,-7460,-12613
15011,2301,-1850,-8428,-1232,-5764,10238,1615,-4837,-12433,-15055,4801,1937,12511,-2234,4422,-9992,-12985,16073,-2297,11283,2076,13258,-903,-13041,4024,15046,-5003,-8440,-12156,-5174,1296,10150,-2255,8600,-10165,-4350,-7707,-7940,12983,2324,-9349,-13939,2621,1678,15816,-460,-9272,1004,15507,-16017,-13429,3763,802,5414,-15757,-2883,723,13730,4828,-5386,4623,-6517,9351,-6078,14835,-12353,-7624,2295,1897,-5258,-299,10155
9917,8669,4825,-15518,16380,4680,9545,-16022,-1310,-13,9093,12881,-14705,10250,6889,9639,16334,14227,1805,12975,-6077,-7960,-4439,-8287,1847,10166,-9031,15136,33,-7167,-13045,-7339,-13425,2630,-13662,10071,16127,-12541,12015,-14899,-8906,-5740,-5595,4713,7904,-5963,13387,7523,8456,4269,8933,15672,-6075,-3515,-6986,-12682,-1887,1081,527,-2687,11292,-7683,4891,7487,734,4514,6676,-2904,5519,13756,13752,14966,-2034
-14921,-10798,6179,5217,-9475,-2105,-3702,-5799,4357,7701,16144,10596,13003,5654,-16026,-9895,-10322,-9304,12742,5825,-13432,3831,-16070,5734,-13692,7498,10396,-9406,14038,2347,-15885,2219,-513,-13360,4205,-10601,5438,4618,14892,4145,-4249,8383,7449,8646,8499,-1964,9323,-12857,14106,559,14619,2628,-11690,-9057,12539,2452,-14885,1651,13845,1120,6543,15798,-7283,7288,-7670,-10739,12160,-12706,-984,1614,-8860,6864,13142
6507,8888,16284,-2910,6641,-5483,-14389,9256,14980,1828,11415,-6605,5987,-16011,-8487,-11472,-11143,6702,7069,8288,-12452,6804,-8888,-681,15579,-13123,-1241,4304,15252,-14272,14928,8763,-13176,-9101,-5428,-7778,7580,-5502,-7099,-8875,15116,2295,-11784,14093,6637,-7077,-9722,358,11928,-7450,-9309,6931,-5277,5473,-6888,-12711,5004,12834,15787,-2573,5852,15082,-12427,-13414,-16222,-16328,-7211,3826,3451,-7653,-12216,-3005,7272
14776,10562,-4705,-13752,3633,11018,-8188,-246,11667,-3020,-654,14121,-12190,-15561,-12770,-929,329,16332,-8489,-5491,4697,-1251,-4610,1233,12351,14629,4582,-4908,7547,-6121,3353,12298,-10188,9142,-947,4473,-5810,-10779,-4778,3827,-5984,-13088,-12392,-8786,-15852,7652,-12135,-11207,-7748,-16104,-9858,15138,4098,-12025,-3110,15858,7184,-11289,8912,-3454,2617,494,2804,-9544,12618,-4068,11133,4655,4839,-10271,-4236,1663,-2836
-3353,-8891,-14759,15325,5745,11224,-15070,6255,-2477,7790,6324,8081,13034,1497,10579,-1838,-157,14714,-4222,7656,-15299,-14128,8753,14129,13784,-4299,-9665,9313,-14875,11111,-12812,11570,-4558,2421,10608,-6226,10283,-2107,-5430,-10645,-11106,6742,-931,4037,13943,2604,11514,5132,-5880,650,7869,-3828,15255,3869,9337,-290,5010,13504,-4576,-10372,787,10493,-15089,16173,-5106,-11049,-12479,6756,1550,-310,-3747,-12498,11478
-8244,11161,4681,-11521,14706,15574,-8307,-2826,8388,7506,-15395,-11932,-15435,-3398,-11407,547,4859,4857,2061,-6650,-9248,16169,-2253,10754,10549,13094,-12717,6724,9424,6008,13174,1490,4795,-2864,-2311,12062,14284,-1477,8272,-10715,5214,568,4308,7516,-6088,9643,-8144,-8408,5951,-5110,-11461,13562,-7000,8146,-5573,3046,47,-2274,10455,6325,-6009,-10175,1576,6158,194,12144,-14733,-6057,9703,14394,13356,2488,-4301
15678,799,9894,13014,-11019,-832,-6769,37,-13286,2159,-1615,13264,-6867,11833,-3725,-1869,2764,-12289,-12857,7530,-4521,-9724,14949,11803,-8709,-966,8783,-10856,-7020,-3433,3956,-2480,-2788,-6305,-12568,-8779,-1286,8200,12362,12390,-10428,5529,-5423,11946,698,-4381,-10193,15052,6373,14059,-11586,-1488,10923,3857,-5521,2882,4546,-15699,-7117,6339,5327,-7621,865,5380,7704,12727,-15141,-4143,-4386,-2493,6918,-3965,217
7981,13950,-5021,-11661,-5056,-14242,-2530,-4194,12247,4698,-13285,-2401,10426,14961,-14646,-14398,2721,-14140,4261,5041,7144,5155,-14862,-3095,5929,-5921,-13851,12317,732,2943,1010,-4996,-51,-5859,12207,311,9680,-13520,9491,-2888,-16381,-1794,13091,10958,9569,-5543,-9099,-6361,11059,1757,-5739,12358,14637,12838,-12435,-7242,15316,-12569,1795,13681,-11323,-4013,-11932,-15864,-5454,-15592,-9994,-5613,-5587,11706,1847,8352,-8119
10888,11291,3831,-14403,5590,549,14898,9971,-1715,7157,-10083,-1905,-14040,-8263,-6596,13208,12950,-10925,6298,-2442,5397,2361,-8836,-3731,9387,-12860,-7298,12101,-11642,6628,16067,14482,-5929,-8892,356,10719,-13298,2556,-13997,-13985,-9754,-1879,6012,-15385,-6578,1918,15899,7924,2310,-13250,-11613,11285,-3814,-12547,14911,-6388,12826,4377,16366,6412,10706,4428,4105,9859,-8284,-9955,-3381,-10318,-13453,-13461,13885,-10743,-13608
-4947,-14943,7843,-15003,11052,12233,-1008,-16121,-850,-6717,12350,10830,13353,-14504,10768,-4372,7274,13413,10103,-16294,16248,-14640,-10842,-2640,-10867,2709,10126,-15648,-13986,14058,8143,5859,3013,-1015,11366,-14875,8170,69,10343,-13024,-7654,2649,8365,13578,2792,-5195,9496,15555,-4450,15206,-927,9633,-10906,1995,-7782,6781,-4155,-11668,-2947,9483,14091,-2005,8055,11676,10337,-3099,7008,12278,8088,5538,12138,10677,-2258
11381,-52,-718,-9779,538,14820,1087,5986,-3398,-6828,11823,-979,14059,-14536,-4083,-12933,8691,13434,13122,-507,-15071,-5366,13798,-8580,-2592,14156,15768,8714,8096,10046,10530,14284,1234,-4262,-2212,272,14175,-203,-16187,15493,196,6295,-14882,-10374,-1119,-3765,-10566,5279,-13677,-16221,-37,-622,15790,-10053,-14040,-11878,12418,-3957,11326,-9369,10013,-10143,-15403,11512,14087,8974,-14599,-11203,12441,-10906,-2249,11084,-1269
1577,15637,373,-3632,-2149,9846,-5991,-2263,1710,-8100,6021,-6603,-5655,10856,-124,10829,-1330,-12308,-11236,-7518,-9852,11109,-4493,15110,-8561,-13735,809,-7409,13416,-8990,15402,-13196,8438,-10330,-14672,8526,-7620,5601,-10907,8697,-11261,-8231,1630,-7202,-14574,-6038,-11247,9503,-4458,11654,12900,2639,13379,-9165,958,8515,4586,-764,-9665,-14508,-11914,-3357,-170,-15189,-2136,9418,8414,9604,-8293,-831,15225,-14736,-14701
14501,-15197,4117,9492,3944,-10919,8881,-5275,8311,11952,3258,-10539,8590,-14541,-14780,2524,9633,14671,-12788,-5450,6508,-14841,-6247,-8782,7991,9158,7055,15207,13167,7085,15364,3151,1690,-14846,9967,398,87,6779,-14625,-16241,-12833,11003,13322,-11831,-14071,14546,-12427,-12522,4821,9627,10500,11330,-6809,13203,-6027,14445,-16282,14539,-532,-5771,-14633,14733,-13425,1351,-8662,-4613,-11056,7859,-11922,-627,-2991,-4818,14761
81,14129,-12294,1049,-10818,5666,-7227,-3622,-7608,-15099,10081,-15137,-805,-7010,1470,-8219,12486,-3124,-13345,424,12086,-9733,-14839,-14888,-6321,-13351,2749,-1409,4729,11774,-6266,-10658,125,-2391,7839,-15600,-14539,-10706,13142,9429,-8201,11560,-4801,15959,7069,16159,-2971,59,2532,6686,-336,-15076,11694,-7342,-180,12901,-3203,2845,-9185,-12444,-2543,11491,-15998,284,12195,-12250,-13888,-15397,-15476,-5556,7455,15152,14353
9148,227,8189,-4576,-10444,-10903,-8903,9270,6149,-11149,9901,-5846,9372,-13286,2489,12170,-12307,-15342,-14244,-3089,-15190,15143,-14459,16125,5914,-4250,-438,-488,7169,-391,13465,6006,-16120,-3979,-11698,-12945,7439,-16147,-14297,-12637,6378,-4789,15504,4231,2265,8513,2634,-8742,2573,6853,-1836,3543,-4606,14312,11964,-1025,4169,-2704,-11922,360,10788,-2181,8306,5123,13895,-8304,-11103,-1277,-8501,8600,-11715,-511,-11736
4422,-3807,-3259,13896,6394,3008,-9763,-668,5008,6339,3649,12411,-12715,4380,13259,5779,-5928,13745,-13489,3201,-9043,12337,-11066,3519,-8744,2550,-11271,16118,-11679,-9578,3153,6338,-11562,-12797,4886,-10582,-2810,8818,-16095,-13259,5240,-13348,14706,-8105,14605,-14209,-6007,16382,14541,-3373,16204,5273,5509,10824,8668,-14415,9781,15643,9589,905,-8029,-13801,6908,3359,-5346,-15158,-1410,11074,-7932,9215,1125,-2300,4068
4533,-8702,9471,12937,13599,-7206,-8907,10456,-13293,13655,11547,10932,-5636,3683,-11065,-11864,-14802,-6324,2943,8196,-10883,-6056,-11255,573,-14946,-5511,-4406,-429,-15629,12448,11640,4619,402,-1435,-12542,-9523,2657,-9699,5774,10069,13719,3442,231,11184,5811,2264,-3033,-456,-4246,-8773,-1226,-1196,2143,399,5045,-12401,-2025,-1202,6411,4280,2007,5476,14611,-10953,554,1731,-10058,-7205,1790,-12167,4479,8358,-15037
-3201,390,-3904,14291,-8391,1194,4734,-5786,7153,16358,2640,-12249,3314,14001,-8038,-6945,-13436,4910,-1454,4262,-6116,-7343,8592,-15256,-10883,-11383,7276,-5632,154,-11207,13971,-8877,15279,11654,-665,-11393,5766,10259,14771,4942,-12485,-2691,8578,-12649,-3118,-10850,-10568,-15417,7210,-11657,522,-13127,387,5821,4272,-4297,-2440,2494,5690,-244,-15446,5320,9196,10191,-3898,14036,-2334,-5202,-14544,1883,-6907,-5501,1095
-12303,-14334,-4619,-12480,-12648,12193,-4278,-13695,10431,734,5393,-9153,-4601,1479,4836,11629,-13614,1625,4418,-209,-10381,5252,-7630,11312,-226,1513,-5912,-13065,-10116,8455,9381,12094,-7998,14517,-6337,14651,12078,-4908,12710,-10850,14334,81,9620,-2378,-681,-10379,1944,1279,-8159,-1036,4909,-15166,-6405,-13213,-8082,6489,-6989,6299,-7989,7970,-6587,4870,15223,-9525,5188,-4173,9382,-12382,993,-1929,8475,15589,13562
1241,15679,-9236,-8774,-15003,-12387,6288,-4311,11967,-2782,-11326,-10752,-9390,16173,-1765,-13101,5129,13677,145,942,-4031,7401,-13683,-6657,12212,4528,4157,-2510,3480,-11109,-10125,-8079,76,-3178,-9502,10930,15,10049,-1456,-885,-8500,2053,-13366,3112,-4393,12726,4812,-2284,8788,5795,-5497,16006,6133,12244,-514,7955,1485,-12793,7439,11613,12914,8358,-6270,-2745,-11578,6933,-10406,-15709,13034,5617,-12814,16352,-10871
-3687,-10832,1719,6536,2158,-8389,-1126,7584,-13876,12206,11633,14676,3026,-10736,8246,1250,-5269,11061,5652,-13153,15388,-15460,10775,8020,10629,-11593,-16059,-10293,8454,-2018,-15912,3255,14571,9926,-9461,7714,10275,-11055,-14102,-7533,-1811,-3803,6459,-12794,-16068,15375,-4763,-2447,-5541,-3334,16059,-6791,-10008,-11958,7007,-1726,16199,-13606,10529,1247,14606,14057,-2894,10439,-4545,-16320,5768,13714,-11888,12457,3785,5213,12158
15658,-5549,-14122,10167,-11012,-9669,5752,6169,-5193,1485,11257,15348,-6689,4070,9833,2365,-13519,-1253,-4884,-4497,-525,10446,-10699,9683,566,-640,16155,-1248,14876,-6392,9559,-15792,-2438,8029,-4311,-10819,-7851,2632,-9472,-12694,1375,2089,1690,13452,15368,1828,8919,-15036,-4060,15390,10403,-15724,-7383,-6087,-12327,-3704,-187,-8910,-1866,16019,4370,903,-10972,6715,-10456,-362,2116,-2994,2891,-7082,3015,5401,4491
7826,-4534,1346,10115,-13222,6075,15007,-2702,2631,7606,-4336,-13201,-2249,9386,1625,6071,-8039,-14434,5256,14811,-15166,6412,10790,-3771,-9928,11868,-3390,-4655,6106,10360,11822,11940,2029,15810,-11520,2784,-2654,12842,-10955,-5269,-544,-10061,6257,5741,6960,-7577,10969,-11162,14613,-4840,2175,3569,8638,743,-6554,-2562,-7215,11313,-15500,-16326,5565,1445,-6223,-3210,9622,2921,-2544,-9344,8203,-3195,3203,-7084,9929
14608,9755,11242,-62,3560,-13114,6809,9071,8620,-2536,5163,4020,-14762,-1005,8709,-9713,-906,-3169,6166,-14878,-14977,-1648,14511,-13994,1914,-12177,5396,7177,-7565,-10353,-9327,-11714,10511,-8475,-7049,9520,-11858,-12025,1035,-11117,-5778,9051,-2569,4944,-16088,6041,7624,1929,12835,698,-4144,3221,-3831,-14602,3086,14632,-14193,-6789,-15508,-7045,7096,9783,-14117,2528,15770,11983,-9837,12328,-11561,-2175,10248,3077,-8387
-1465,-13783,4467,1889,12986,13593,-8979,11223,6140,5813,1945,8265,-921,13532,7800,-11486,15458,4560,-9598,-2903,-7999,5647,5819,-14083,-13833,16286,902,16046,-4436,16331,4446,11717,13296,8318,9148,-3015,15752,8306,-3770,-1421,-4416,-13373,-11181,-10686,-4940,-923,11261,11849,1635,-14324,-10345,-15321,8275,4866,-13641,718,2126,7810,-15311,15553,2620,14972,957,11994,-13710,-15779,-8102,2543,1204,3435,15518,-4211,-1546
-1454,-1360,-692,-3774,-6006,4768,6772,8076,-6816,-2172,-6631,-7916,-8460,-11638,-16144,8610,-5483,12230,13138,10104,52,6171,-6094,6355,12192,8227,-15783,14111,5183,5230,10402,-7524,-13562,-13763,13101,10433,-2517,-3247,12518,-14009,16011,-2883,3150,-14558,-9591,13690,10346,15361,-12789,-1706,-10732,13958,-66,-4410,-791,3249,1924,14809,13196,4443,-14425,8358,13832,4369,-14936,751,-7346,-3034,-5992,11933,15734,2693,3838
12893,15074,-16340,-11468,-9088,9960,-14600,2677,-8090,2975,-6298,-14287,-5368,8493,-7548,-16044,-10090,12776,-6420,1651,-8861,-11265,-4480,-9740,-5414,-11529,15314,-14035,6782,13718,-3048,10217,-228,-13858,-4542,-2416,15566,-15732,14989,-12315,1963,-9349,-13005,8918,-9129,11308,-4686,12627,13571,-14694,8751,-799,748,12812,-1524,7648,-15841,-611,11435,-6307,-10613,11715,8745,-3252,-15936,-5191,12531,5899,12152,-6718,-6278,-5892,-16262
-13509,-9346,10753,1382,-9408,8365,7041,1817,-9627,-5266,-9665,12307,8183,1023,11446,13454,6862,10478,2271,-13254,-4805,10566,670,6408,9518,12136,7253,-6807,9890,14981,-8700,10006,-3539,10556,2825,-3879,11764,-6286,-6919,-7089,-14645,13363,-15648,-5827,5643,2497,-10679,-14784,-2078,796,-1699,12621,10548,1662,10322,3210,-1378,2744,9710,1039,-8141,9022,-209,-7766,14782,-10662,6574,-12431,-7438,-15285,-498,15622,10534
-4687,-4659,3590,-824,-1478,-6554,2584,11424,2532,8492,-15010,781,2897,-13489,11240,-7340,-5724,1661,-9947,290,-10115,-10795,1236,-13356,-13752,6633,-6482,10157,11941,-13053,-4768,7008,14178,-10526,-10052,1658,2147,-631,-4790,925,6746,-3062,-7,8616,-3163,-13367,-8192,-1858,-5997,-7657,-12583,-486,-14934,-5464,15122,-6760,12095,4898,-1565,5762,4183,3339,14151,2407,1967,-15187,-1001,2590,9801,-3191,5780,14127,-14976
