40,
74,
-9833,14469,5917,-8324,15220,3677,-7600,-15828,12730,-1866,-3114,-8701,1681,5747,12235,9927,8425,-1840,-8522,-5239,-5822,13818,-2282,8750,-10255,-1261,-9452,-12916,1305,1752,11543,8163,-6867,-10497,-4296,11351,-15706,-4921,-3166,2844,-10073,3436,8558,1483,-15112,-8094,14964,-9252,5660,-10203,15074,3000,-13287,-8546,9842,-2378,-6009,-13399,3013,6770,-2839,14234,-11247,2820,12577,-14818,11376,-7712,-368,-4819,-2282,4346,-11237,6413
-4778,-4545,-11968,3579,-15414,415,12276,13598,13505,11388,-7233,-9840,-5496,-7626,15858,10633,10242,4625,-3137,-10874,4597,-11552,-9899,9293,1827,-9221,11379,-3629,10198,-14428,-11106,3958,-87,8907,10475,11742,10828,14426,2137,-13826,7015,-13611,-10440,5187,-979,-12725,-8926,13579,9465,10590,12605,3030,-2131,-14316,838,-10648,9187,-5396,3377,-3227,-7847,5756,-2348,-14460,2157,7796,11064,-15581,-3832,1462,-6647,13168,-11038,10777
6714,-11688,-5953,-12275,-11924,-12816,15270,-145,-15040,14370,3433,-8171,-8978,-10184,14514,8152,-8367,9653,-7091,-8959,16096,-13827,-15281,-5870,3614,-13944,-9199,-15763,-9316,-13279,-2011,1884,3197,-14664,-11838,-3329,4079,2292,7342,-14329,10807,-9691,-1723,-5151,-3670,11151,5326,-13864,66,15199,10321,7718,13581,-10929,8596,-6176,-592,9435,-4788,1774,-5347,14097,4992,1843,5519,14273,-8801,-15969,1155,4462,10195,2542,14069,-4860
6925,13458,15920,6228,-1083,10643,-8892,3445,-9838,-4578,-15767,-8054,-2077,11624,-4319,10115,-3066,2680,14049,15164,-11046,521,-5424,-11799,2262,4100,-8786,2412,-577,-12613,7902,-13774,1730,1437,-13466,-5324,4640,-14366,12176,4690,12950,-9970,5585,-14572,-11913,-12124,11578,4173,1886,-437,-16112,-2800,15423,-14805,8894,-13548,-1564,-7861,-10269,-14732,-13713,6988,-6514,-16017,-13819,-2807,-224,3267,-11554,-11268,13767,6125,8461,7636
14776,8173,-14546,6415,2756,13740,9108,11581,16360,3462,-13854,1371,-3926,4594,9216,-15046,-15424,-3992,4596,9797,15648,-4746,-15571,10367,5930,15008,12327,10689,15060,7342,9503,5199,4850,6582,-11994,-10057,5398,15703,-4841,16300,3308,9513,-2950,-5950,-3187,-2671,-1523,-8060,-2084,-4266,-13424,-12609,-9272,-1522,2074,12748,3372,7635,-5011,14790,-5653,1469,14022,-12344,-14726,-14871,12618,-4087,15546,15455,-8228,-8879,14706,-15649
-46,-2470,-9642,2822,10531,-473,10851,9783,10066,-4925,-13333,1721,9526,-6669,3344,-5696,9746,-11776,-2860,-2700,1441,-12730,10046,-11582,3083,-1638,-9823,15622,6567,7552,5069,-9525,4300,3087,3731,13089,-268,8112,8160,6865,-11408,10715,-11672,-1952,14330,-8199,12367,-7185,11004,-10125,12447,1508,2718,1507,-10175,-534,-12061,11413,-7895,5741,-13403,8244,-1174,-14214,13016,-3011,-12634,-6709,-5546,3868,-6702,3006,-13972,-13165
15278,3281,-10960,13283,-12284,2001,2957,9347,-9091,-2356,11233,13817,-15776,4693,59,5489,3205,-12113,-10052,7493,-6118,-15957,2019,-14797,-292,6115,7557,-6395,-3159,14739,-8414,7308,4592,6315,-8549,-2665,-550,-8460,-13779,9776,-9374,-14329,9816,10181,-15308,5245,-8434,2066,10981,-7707,-15683,-4070,2603,-10117,-8736,1483,-12022,-15720,-342,-15256,-1560,-9539,8308,1759,-7943,-2648,-8736,-4723,9408,3797,6479,1131,-2584,5969
1590,13151,8351,-6185,8478,11938,-6634,5183,11201,-7202,-7422,-3982,15296,6802,-12742,8242,9170,-3210,8777,-15054,14654,132,8176,6134,3858,-14912,4980,-5549,-4706,3761,-650,13777,10583,-2239,7397,-13108,-8226,-15659,7378,1788,-10301,16086,-13377,16169,3737,-15573,7859,-12056,-2506,7076,2020,-8268,1603,-8757,7236,13153,-1439,-5429,2813,-12037,-12535,15462,7047,6050,-2167,16149,-1550,-14121,-5722,-10095,3722,-7362,-8807,13808
7854,4784,-10419,-10678,-2296,5544,7388,-2742,15919,-15090,-3660,-12046,14301,-5619,-9260,9062,-3629,7880,-13447,-8371,12526,10299,3268,2732,3282,5578,-8154,-13437,-13976,3877,2862,14473,6496,14773,909,1099,7451,-12022,-13611,-12294,-4031,14170,-11341,-8030,-3226,2037,-7420,-9402,12893,14678,4716,15866,-11484,-11606,1426,11492,7479,-3324,-7452,-10820,-5949,-13541,10525,-4630,-7354,-6785,-3189,9496,12828,7304,3692,5593,9860,5733
837,8563,-10921,-15874,737,-10017,-9761,6851,14738,5062,5288,-846,-7278,-6852,16218,161,15225,-5634,2967,12669,-1746,3291,-13464,-5640,-2185,-4618,-1334,-16077,16077,-9126,-9446,-9093,-10633,-560,9865,15802,-6147,719,-7511,5164,-13134,-1159,15996,8577,5613,-4441,3953,-16098,4883,14763,-9611,2288,7737,-2876,-15299,-3227,-6325,15002,5870,8890,14454,3402,13314,-14746,15379,-11702,-8799,-13770,-1652,13456,11119,-5739,2506,9536
1892,3835,-236,-2251,11484,-6953,-14196,16127,8577,-8634,4952,-9458,-8454,-8769,-1508,3145,2019,8027,3726,-10102,6736,-9955,-7548,2114,8105,2160,13873,12007,2053,-12500,9767,-14906,8188,9890,11648,4517,-9733,-6022,-1758,8968,14508,5056,-236,-13590,13341,-9880,11508,6185,-612,-11181,4839,-12426,9687,6161,-1341,-1205,14934,14378,13751,-5843,-5562,-878,11145,-2550,-13373,15193,5694,3190,-3056,12808,8885,4376,3530,15280
-7565,-7250,1950,-1452,2296,5223,-8090,14297,-14114,-10423,-11566,15039,-13425,-9390,13334,2815,-14402,-6001,-8205,-14282,11106,6629,-7431,13155,6418,15475,450,15819,6882,11752,15028,-6989,-2656,10653,-8199,9100,12580,6253,-4448,-15612,5336,-4074,11341,16095,-6545,-1116,-15008,-8079,-5563,-11465,15080,-15255,-15911,-5502,-15121,3132,12165,1155,4863,5498,-13111,7104,-12045,-3852,1164,-2978,9468,-7821,-16202,-12607,-14225,-6386,-15475,16372
3375,-515,13115,15607,-10674,-9643,-5563,-14357,-9373,10041,-1935,7132,-10521,14166,-7300,-14032,-6142,8662,-13657,-2369,-11173,-5400,569,11274,14857,-5479,-15561,12238,-7546,4869,6687,-8614,11351,-12442,6368,116,8006,9396,7745,3017,10297,9921,15036,1789,12080,-15381,-7962,-879,-11622,-11304,-8867,-6613,-7790,-145,-15698,5755,-8758,-7481,-9476,9105,-5880,-11809,94,-5865,-7095,-8096,941,-15838,7408,-15945,-14917,-7568,8429,6315
-268,8974,15698,-14595,-12007,16071,-7059,3422,-7193,-14932,-6065,3759,-12660,12992,-12737,-7077,-2130,14753,-14064,888,11650,-2092,-10194,10312,-9225,2119,16342,-8120,-4169,16317,565,9631,11159,15893,12162,-6585,3181,-15430,-15784,-1054,-2158,-1635,-1338,-11622,-4176,-10136,3031,15861,-8061,6342,14238,9462,110,-536,-13357,-13692,-4891,-4645,5749,16357,-12480,-6033,12759,-9544,15146,1613,2445,-10471,1181,10171,14692,-13642,-9823,10998
-5335,5823,-12776,-604,-8683,-856,-15049,1436,11413,15470,6903,-14214,12643,-15708,6839,15051,-11324,-15321,11323,11258,6467,-12449,15425,11446,-12748,3373,-5294,11380,-14160,2765,-4824,-10727,-3253,5484,-14498,11735,-5604,15930,9466,5841,13572,-120,9715,-15897,6309,15976,-1109,-10327,1334,1229,2518,15190,2284,14948,-2269,-239,12953,7143,-10982,1877,15174,14942,-14026,14625,9227,5750,2643,7180,-15948,-6524,-11448,1145,7503,10772
227,1466,-13198,15982,5049,7706,8776,-2849,7248,-14848,-5003,-7240,3091,10466,2081,4183,14458,12590,3204,9671,6320,5371,-8342,5170,15650,-9123,-14838,11770,-16303,-400,15462,14664,-4688,13499,13165,4576,-11243,1654,-851,7105,5057,-8424,2872,-2934,-2042,16141,-7541,2184,-6379,-10804,4286,-5923,-10189,16207,-13229,-13334,-12674,2447,-10822,2298,-13070,3876,863,7739,339,-8791,-11800,15258,-14364,-14368,4864,-12177,-4528,3317
3604,9827,7260,-13800,-5399,-9391,1700,15713,8462,-7285,5426,-5774,616,15330,14873,8328,15519,-13425,-7278,499,-7781,-2613,-8082,-15224,3857,-5686,8064,-7428,-10106,4847,-1154,-5938,-3287,-3926,9413,-4054,11955,-14245,-13941,12563,8759,10478,-2829,-9714,4271,4826,-3985,-8054,-9366,-6956,1760,-14594,-13238,-5774,10704,-7543,-9816,5715,-2018,-6953,12189,-15840,8037,-2139,-13940,-5989,-6504,-6895,8730,-13441,-9997,-935,12656,6287
-14894,15020,-4539,14964,1042,11882,6471,-13317,14221,1775,6690,9432,8833,5892,-5496,-10025,-10327,4112,-9067,1248,3380,15456,949,12844,15639,1466,-8385,-6739,2882,-6393,-11632,-10415,440,14525,-5099,9543,-16029,5493,4202,-4151,-11508,6827,7077,-8139,-408,15024,-4268,14671,-12311,11876,-4296,5823,7329,-7304,-9837,9470,896,1906,10885,-6185,7650,11984,14312,8507,-954,10587,-7460,15289,-11137,7886,14316,-9240,-12423,2192
-1580,10197,3923,-4270,-16358,-12968,5350,-4190,-12973,-2825,-8031,16383,-4644,-10995,12282,3490,-11401,9328,-2111,-1607,-14636,-14682,3168,12987,117,-11269,-8098,4704,-13342,8655,6012,-14083,15895,-16019,-13328,-14145,-16144,12914,-14323,14842,12608,8967,411,-7040,-3950,-16226,8442,-1640,13197,11567,13647,15063,-6374,11195,-6800,-5628,9173,13205,-9293,9335,-5631,-11876,15113,14770,15467,-10193,16064,7949,1561,15723,8326,11347,-8004,-12069
-13383,14317,-5895,13101,5987,-13628,-8944,7319,-15740,-12709,11356,9745,8953,-4219,844,-9387,-4799,8768,4490,-6883,12460,-15000,-927,6515,-14343,5471,-1545,11654,-447,-9093,-1582,2719,12074,-9698,-9798,10178,732,-907,-11514,6935,-11142,-493,-7558,-1677,-5400,5186,-10422,4169,-5622,-25,-8729,-6291,3533,-2101,-3844,9873,-9434,-8998,15545,-5863,-15115,9208,-9898,-8557,-9233,-176,-13521,-7850,15013,7334,15793,6937,-14450,3378
12398,-14131,-10672,-8880,-4264,-2120,12587,16111,-697,3704,-15558,-9169,4411,-2149,13944,-11158,-8245,-5812,-5227,-2209,-15584,13328,-6273,14877,10164,-9384,-12464,2781,1115,-7251,-11959,-4187,1960,-6198,-13460,-1119,1037,-4779,-12243,8683,3417,7491,-2016,-4039,9068,-2296,-3037,3362,3862,-16022,-10470,-8752,-14202,9892,8195,-5642,-10468,-8623,-951,-5197,-927,4702,10717,-15528,12423,-12264,-16154,753,669,3237,7219,-13849,12727,-9055
-15455,-3551,-12817,-5138,7157,15383,2000,15992,-702,-2771,-11959,1146,12717,-12337,7167,-4569,9435,4815,-12512,7659,1410,5056,6617,-6517,6677,-10990,749,-10490,4017,11150,-4754,7244,13881,9932,-5467,-12884,7594,-15366,5194,-5313,-10952,-13481,3245,4201,13774,-16230,9290,15193,8174,2220,-12773,-15150,4271,15364,956,2887,-14241,8488,-15578,-9437,-16222,15457,-8941,-11889,-14483,6632,-13907,-12016,-6150,12684,-13791,8213,8382,4944
-10951,583,-7770,9164,8265,-237,7348,14334,-4280,11861,3385,5737,14536,14399,-56,-733,-4794,-7785,-9803,-12789,6557,-5897,965,-9659,-12261,-5215,-4041,2618,12522,6810,-14008,5089,-1360,10994,-10905,15874,14944,-6181,-14428,15533,-7790,9731,-2961,-7176,-3583,3449,-12776,-2654,8118,-13570,-6803,9589,-4722,-6033,-13171,13990,6204,-4185,12404,-10975,-13933,-13245,8049,1283,-14742,-12713,6228,3676,8898,16273,9032,8566,2815,-15539
14640,-11796,14772,-15852,3877,4272,-11913,-15850,3580,5964,-4223,-3975,1027,11674,-14210,12171,6018,9875,-5492,-5452,11595,-8098,1235,13523,-1751,15788,11815,-5140,6084,8818,13275,-4875,4752,-2063,-6040,-7786,4967,9429,-5945,-8068,13917,4900,1135,3769,-4754,10894,6761,-14194,13911,-3782,687,-788,13220,7396,11328,-5795,12911,-7698,12500,8643,-2712,-2642,-6730,2375,-7365,11897,-3079,-12894,4604,1408,-7802,-2640,-6834,12546
14651,11047,-6382,11248,-720,-11547,11424,2626,-15285,-4945,11417,-12649,-1757,-12832,-2643,4165,2719,14474,-11971,-11285,11749,-11202,-249,-3534,906,-15868,-5208,-13704,-11559,292,-10352,-789,2019,14561,1273,-8609,10410,-1915,-8031,-15528,10683,4648,-9015,2682,6381,15097,740,15737,11872,-5493,15295,-11418,-16090,8894,15768,14865,10239,8383,-16273,12808,-239,9244,5950,-12717,-774,-11508,10032,10053,2049,-11287,-15853,-11777,15020,-8048
-3664,-13258,-14085,13399,425,-6009,-16188,-8191,-8051,-14686,4045,-10008,-15633,13398,-3976,16274,-13472,-7337,-11910,6007,-11202,3789,11444,9839,11076,-4603,-8158,-16192,-7521,7991,-15740,14822,6992,2658,5862,7586,-11134,505,-7957,11655,-7425,9635,12403,13071,-831,15033,-14593,-12275,-8251,-12300,34,7911,11998,-13404,-2464,4259,9451,9685,11246,-4933,-11944,-14747,-6101,14168,16269,13785,-1177,1510,767,5006,8108,7148,2432,11796
-5626,9013,-14277,-10200,3533,-9333,-15824,7576,-7263,-10181,-5723,5338,-14624,4010,11739,-1492,8374,2329,15197,9011,16196,-13787,7764,4975,-15898,-10049,-8377,-1721,2036,2647,12540,15635,3742,6107,-4132,13148,-13839,-7747,4576,-7378,-9190,6981,14755,-14585,3760,6264,14364,-904,3887,9722,7524,-1770,-7350,-1376,-319,-2500,-15422,-5885,3477,12429,-6561,10311,-15092,-4106,-15867,6984,-7973,12080,-7289,-3088,2513,-15872,-192,3627
3371,-12356,15613,541,1628,-5286,-14440,16235,1504,12824,2420,-3659,-1041,-9079,-4820,12929,10444,14022,-2459,-10662,11578,1783,12728,8397,-6344,-12608,4258,-3694,-5705,-10127,-13004,-9510,-6935,-7461,-8592,-13166,-8650,3223,-10926,-15943,10184,9606,-11817,16112,-11445,11211,2129,-6669,4191,13993,-5983,677,5757,11756,15708,-13745,-9768,-4199,6060,3333,6872,-9733,-5319,11793,-12050,4722,-2080,-1935,15975,16268,-962,13426,-510,5969
-16258,-4088,3462,-10678,4500,1707,-15660,-12993,11480,5796,-12528,7414,15417,4095,-3081,10808,9892,14286,12335,10793,-15988,10614,-69,15385,-3409,10941,8094,276,-14974,14678,3809,12012,-5599,-4622,5852,3638,-3982,14186,-7193,-13248,-8024,-2279,908,-12724,-8676,-7436,-9225,2261,-12002,-4301,-3858,-9288,-7912,14769,-6903,5696,1979,858,-3520,-14882,-8506,-10076,14662,3577,7844,-5753,1207,-6131,-2027,-1473,1667,-8475,-9630,7574
-9341,-4561,6441,-12531,8932,-5768,4063,-15329,5804,-8547,-8668,1836,8090,1939,2747,-12833,13800,-10008,-7885,-10105,-8589,4971,-13358,15990,11200,6939,1717,-16111,8161,-6869,12664,11600,-11253,-2465,-13496,13147,-9283,5242,7948,7051,15171,9634,819,-1031,1240,-10126,-285,15005,-6884,-516,-4532,3212,-1284,2387,1674,-14997,15723,8767,6444,4263,4390,11565,12774,-13247,345,-15249,14805,6557,2007,9410,-902,4594,-6795,-11904
2918,11483,15782,-10585,14953,13432,11449,8153,9140,-4082,-731,-5466,3644,-861,1628,-12512,7179,-6413,-11104,-12816,15101,10230,-13202,6163,366,14960,-9057,10400,-6992,9376,-296,2563,15619,-8078,12867,2855,468,-13383,-9801,15859,4348,-10033,15740,-4300,13424,5886,-7969,11198,-16180,1715,14554,13052,11688,14247,10778,-10446,1084,-1368,2373,-4910,15236,-13063,-9757,-15720,-4975,1351,14124,9076,-8262,3868,-6471,-4248,-3761,-7887
-14579,-5889,4811,13769,976,2908,12865,10427,2762,4808,-12495,-8489,-14207,3103,7410,-15530,2872,-7009,-15101,13527,-3212,10804,3471,1220,-12691,14443,-14761,-3946,1026,-3546,6332,15151,-10674,5378,8571,-4038,-7553,-14776,-5950,-9342,4690,5944,-12795,1818,2238,-14202,-15044,10106,5889,3202,3460,-12029,-1462,1744,10898,-11406,11906,7209,13735,-13286,4048,-4651,6343,6793,-9025,-8530,15519,-13046,10561,-14565,3477,-3833,-13304,3748
5197,-16192,-11243,-889,-3002,4773,3176,-3653,10692,-16052,-10719,-1703,7357,886,10204,15723,12546,-6534,7908,-9188,9059,13445,-1990,3890,166,-1451,9160,4611,-8021,-10278,-2454,-2210,8791,-9795,-4299,-10820,-998,1812,1230,-14479,12447,623,4786,14812,-3674,13237,123,-87,-101,-2513,-1121,-7015,15017,-3119,2912,13501,-12482,-11182,8661,-1617,4027,11391,-15696,1306,-15404,-715,7678,1131,-1613,14657,9224,-7600,13204,4056
7981,12883,-11482,10682,-4550,8312,1722,5452,9716,8858,8917,-14481,-14874,-11772,-8747,5250,-15393,-13532,3459,4742,5057,13620,-14026,-7776,-14250,-7700,-14628,-6490,-9193,-15320,2554,-2855,8343,548,-3462,-397,4595,-12423,-8038,-7279,15050,3516,8251,-3,-876,16116,-7865,-1315,16376,4420,-10050,-3330,-7704,5625,-10790,-16172,-8494,-1063,11186,12019,-13869,2330,298,14203,-6348,-1819,-4596,-14056,14502,-1631,2622,-14929,11023,14920
-14578,11734,5261,3497,-14761,-6954,-5571,4265,10154,1217,-5076,7756,-5875,12168,-1559,9919,1683,-8178,7992,5230,1121,-14766,-488,16068,2826,13251,13945,15259,10630,-941,-2230,-8096,9543,13946,-518,3194,2972,-3961,5922,-190,8932,-6282,-15655,9802,1385,2412,-1924,-7255,-6488,-8219,-1335,2300,-16033,14419,15626,-14598,7166,5516,5413,4031,12778,-14094,-7868,6525,-11327,2357,13802,1847,6651,8588,13179,3875,8907,6690
4052,3509,-10433,15935,5845,-2306,-3305,-12286,-1294,8076,2124,11174,6527,9897,253,-14350,15815,15951,3453,-7616,9285,5343,14862,12193,15946,-14985,-11809,-12785,12711,-14712,-9200,1847,1416,-6993,-1182,10393,9696,-2182,-11116,13272,5446,-6680,-13108,-15566,-2928,-6526,15984,-3692,-3965,5729,12624,-11439,-12646,13447,-2114,-9984,-7794,-339,-8908,-8076,13457,-4426,12339,-16138,13084,-13948,-15068,10520,-7529,5894,784,1058,13698,-14073
15111,13785,8440,14747,-9444,-12602,-1530,-8201,5022,14062,2783,12755,4102,-7738,-11588,3282,7257,-2324,-15140,11662,4765,-12677,14509,-8994,-6409,15143,-5845,-5034,-1205,-2351,-11012,-8352,4858,7996,-5094,-2092,-13933,7558,15783,932,-10261,-3626,-4319,9590,-15826,-13039,3711,11648,7683,-10862,-15744,14447,-5964,-9409,-1077,8408,5856,4117,13603,2154,10247,-8862,13007,536,16332,-7999,2280,11453,-539,13727,10771,-15357,-3671,-8893
-9989,15970,-8444,-16134,11167,13648,2086,-13874,13250,-5795,15597,11807,-5373,-9614,-13483,2587,16151,-5811,1524,13165,10594,14882,-5224,3823,-10958,15387,-8555,195,-1336,12317,4451,-2822,10827,3573,8338,-12936,-10426,11219,3594,5999,-8636,3554,-13450,7306,2247,1270,8467,-14988,16157,-4914,7558,4630,14747,13481,6393,-5865,-7941,-14854,-7355,-15972,-14371,-8876,8208,-5353,-3283,-7488,1686,-10472,15154,14157,5136,-1635,10501,-10069
4110,-3340,-10036,2555,13165,840,13579,12849,11761,-4465,11695,13007,12663,-2607,11711,-14572,-12683,-8075,857,8508,-10148,-10775,9187,-1223,7303,-13103,-59,9785,12921,-832,6383,12794,-6847,3385,-6966,-4889,9352,7296,-3759,-2315,14890,-6031,11192,4004,14029,8483,-10886,4289,-10741,-9591,12003,1972,3178,-12808,13273,11763,-1098,13955,14866,-14221,13844,11069,11858,-414,15236,6289,14235,-7096,825,-4720,-6548,6059,-12482,13300
9122,11229,4494,-11855,-803,-1662,3660,3323,5708,-16356,-5252,3707,-160,16052,4856,10123,3415,15698,14188,-6572,-3442,9137,-1078,-13348,-14252,-12617,6788,11647,-15034,-2631,8011,-8075,-7755,2922,-9569,-8484,13886,3088,13684,-11663,-14890,12336,362,14858,-14828,13906,16249,7900,-2623,11076,-6409,-13321,9463,13596,975,-5636,6921,11558,2494,-9601,6012,10384,-12882,-14193,2899,-3511,-6604,-14422,-9437,-12180,12311,10204,-16233,14316
