40,
75,
-13558,-13005,10245,-14385,11739,-5568,-374,-8293,1787,2321,453,-221,13033,14832,10159,15133,-9870,2529,-10593,-15665,-2723,7939,-7133,10756,-10358,4313,2376,11002,-13982,11036,9645,-6587,788,-2978,16220,9268,11446,10875,-4587,7191,8504,-10273,-11250,12547,12892,7497,-5807,1631,14730,-6605,-2016,-4105,2520,15484,-11197,-13660,6176,9156,5756,3796,-14863,-13391,6613,-7313,-10099,-5347,8157,11225,-977,14923,-1702,-663,-5957,16116,-13320
642,621,6158,6599,13681,2584,1319,11694,-11342,8785,15136,-4014,-543,12921,-5954,-310,-10311,5635,4694,-15873,7494,10499,-11943,8654,7942,4954,-1799,-5479,10910,-8973,12853,-2887,5574,-12052,8518,14907,14080,16019,3861,1854,-14935,7964,-10790,-13962,-8911,1345,11933,11572,7336,-11706,-16325,-11542,-6759,3798,-8248,10594,16015,-5145,-12276,-15623,-9750,-3878,-6487,-16231,-5633,-10670,-5159,-13352,15826,-1328,-8347,12045,-6252,3689,-8847
-701,4719,2117,-8756,-6339,-14486,-9739,-8142,-4813,10459,12763,931,2581,-10935,-5051,3104,-14148,-2909,-5221,-2467,8596,-3280,5738,-5649,15484,-15433,3441,-12748,7008,-263,-7015,-14498,15128,-1888,12745,-7488,5113,828,11455,-72,-2391,8023,-5357,10660,-15551,12949,9223,15752,3237,-2981,-11081,6118,-2796,-9454,-6881,13410,-30,6680,1951,8713,-9771,10877,-6234,6505,6874,13807,14030,-4548,6900,-7101,-7788,2366,4003,-8029,-14346
9778,5715,-5592,-6268,387,7439,4385,-8570,258,-5328,-6354,-5109,5406,-15641,6318,6852,13053,-5909,2582,6035,-1167,331,11952,6058,-6293,-1276,3224,9885,-10701,-2389,9591,5502,-6203,8988,-15236,9470,6235,-2032,-14870,-5758,-15962,-15273,-8,-13738,9196,16337,1724,-8052,673,2468,-10024,14243,3384,16095,458,-4314,-4702,3689,3447,-7582,3524,9611,2012,16089,-5578,-6604,-15010,3141,829,-10127,-10613,14129,-14300,4700,10651
-12728,15536,6249,-7051,15054,-4877,12132,7280,-2910,7665,10687,6689,-13443,-4513,-6628,9556,-4490,-922,-12795,-5512,-9230,12009,10489,-6719,13277,-4529,-1248,15541,457,10876,8405,-2497,7378,-3205,-11635,-4742,-10692,-15882,-698,-14219,-8395,-8813,14838,14106,815,-4837,-2297,-5416,-1374,4027,2373,-8795,-10896,5922,5005,3166,-12566,10331,-12105,-2083,4931,2018,-11649,-8344,3859,-6044,-13201,-3044,-15751,-10712,12120,5775,-7012,10554,-938
-9230,-11544,15494,-10021,-9685,6181,5422,-6968,-12346,14804,-7463,5028,-4738,15960,-5870,-8787,-6500,-2860,-13942,-10145,12628,69,6435,11838,-12841,-12164,15758,4366,8729,-663,-4900,-14450,14518,3827,-14656,-15770,2367,623,15052,-2960,-7572,5529,-10608,-2177,6321,-4000,6584,-14990,1522,4659,-12069,10932,-10213,-14500,12260,3573,8238,1390,15878,-14696,8681,11504,9665,-213,10006,-5789,-8659,14010,-15729,-316,-15201,6801,4590,4050,4951
6857,-15054,-12906,-3125,-8633,-7244,4803,12404,-6181,13457,4131,-6798,1871,-14608,559,6823,6550,15920,9861,-8983,16273,11219,-3797,4341,14269,11567,-9667,-13099,6412,15688,8411,-7908,-13772,-8167,-708,-8569,-12051,-2552,-42,-1586,10983,2836,13510,1187,-10957,-12487,-4111,7285,12442,5671,-15270,-10935,3467,4009,-33,-807,-9684,-11335,-4939,12827,171,-11398,16188,-1841,-12485,-2503,-1898,318,-2173,-1521,-6469,-831,-12974,5212,5616
6945,-4912,10534,15846,14845,-10131,-10015,-9130,-11734,9702,-1258,8577,7088,2465,3134,9449,913,8090,5446,-4487,-16019,15129,9390,860,876,6975,-15399,-15804,-3968,11819,-11047,-5701,-13232,-3303,-7924,-11168,-14318,-9038,1490,6716,-11246,14279,16128,-210,-5404,-6396,2792,-6344,-12914,3147,-8662,2245,12376,12877,10376,-7370,-15262,-1077,10801,13968,-2513,-12423,-7076,5771,-8688,-16254,-10239,7758,3690,5980,-1069,7252,12473,6665,4944
16038,-1793,-1555,1888,-4086,-1099,3960,-3280,-12971,-254,8766,-10735,13674,434,6052,-7507,15050,-1904,6575,9221,12351,-15228,11692,15789,-5681,-6984,-8946,13953,5287,-11410,-12948,-11401,7777,-6893,10381,435,-852,-15919,-2209,-1077,16365,13161,9567,-1547,7694,-2176,15135,-5514,11660,11389,8401,-7555,-14577,-2820,3467,-1562,11159,14737,-15390,9367,-1280,11376,-10838,-2040,9531,11836,9775,6602,-4490,-15405,9044,-15321,12105,13182,1244
1453,-3996,-1446,1638,-1263,432,7403,-4400,-7049,15274,2720,-3105,7315,-3538,-5574,-4479,9441,6673,4858,6684,-3368,8497,3956,-13321,9387,11409,-12617,-12815,-677,9700,5993,12563,7941,-5054,9447,2237,4444,-3722,-4813,-3918,11760,-8098,8378,104,2162,-6381,-208,9646,15477,301,5526,-2695,14578,-9114,-4506,-10984,5408,16303,-10773,5363,10402,-5258,-4784,3559,1061,-4925,-11581,-13529,-5549,-5389,14256,-15192,-11167,-1130,6110
-6397,-8302,-8364,-12096,-6271,9519,10880,10541,2066,10248,-5577,45,1760,14112,-3083,9171,-4918,6684,5504,-1945,1391,1751,-3217,15080,5587,-12692,-2694,-2246,-5874,3676,10468,-3195,-5013,-13888,7199,6975,-16353,10770,-7120,-11769,9880,-15833,-11886,6597,14905,-15195,10447,481,-10310,-12082,-5473,15753,15979,11928,-2875,7161,14905,-9874,6611,-6465,-5210,13776,11805,15347,7047,1549,1674,11555,8747,-3089,14247,-2694,40,2802,2190
-6244,-2487,6923,-5316,8587,3357,15861,3250,-5852,6685,13375,-1085,10662,15881,2002,-15185,552,-11479,6677,-13398,-3833,-15727,15627,-1470,-11860,-12950,15252,15660,-2926,-7085,-5087,12522,-13642,-14966,11315,5651,-1661,-1207,-8026,8363,11206,8235,-7281,7017,-13869,6575,7293,6971,12559,10086,2366,8308,372,-10999,3828,8873,-9300,-13312,-6794,8358,-7925,-939,-986,2740,6642,11731,-7477,-7257,14089,-293,-14882,-13952,-12481,-2489,4334
15068,14584,2997,-6570,-7922,-10286,-7610,14880,-395,4160,-16037,6780,346,5056,-5746,16249,7432,-13094,-5010,-4895,7462,8204,15217,-8391,-8078,-15490,-10859,5945,-5488,-5566,-7368,13964,4752,-4334,-11339,-11919,11458,-8639,15342,-3280,15058,5699,-10448,-6812,-2230,843,-2972,9618,-7344,5465,-10022,-14019,10864,6263,1926,12769,8536,-7691,610,13941,3664,630,3754,10429,-10531,4140,9399,-12060,-2934,-4741,-6740,-15969,-4696,11947,-10259
-3535,13447,-8658,-574,15398,-9931,1344,4393,-3961,-2746,13486,2605,-6233,-13503,4440,2470,15820,-7843,-1219,-13688,1115,-5785,-11909,-10884,5328,-11759,12416,-2624,3318,12836,8705,-8312,-12856,-4670,-13525,-15830,-14000,-3573,-2692,2945,8353,9121,-1308,-2872,-4194,-5309,-9768,-13399,4432,170,-9718,2181,5200,-7296,-14778,4087,4133,-13874,-11657,-4883,1504,11889,-8187,15157,-10716,7867,-10931,5049,13207,16066,4456,11444,11094,2751,-6817
12609,-4302,11690,15736,-3815,-2328,-13094,-1957,6639,-789,-4714,-11251,3601,-1285,14691,-8840,-16239,-13918,1320,-2934,3632,-7663,-15151,-9804,9190,4662,-232,-9794,3998,-13929,-13771,-10476,-9126,-570,-16108,-10259,-7168,14440,3198,3954,-3685,-13829,-8254,12225,135,-4564,-4206,-13585,-4995,-1863,-1364,-2244,-195,-8807,-11569,-3419,5904,2016,-1298,-3415,-2400,-10819,-13732,-11280,5561,-4987,-12331,-3549,7354,-10327,-5118,-10542,-6470,9336,5859
-11075,10986,14264,-753,9156,4460,2838,4158,11700,-9150,-13549,8280,-8888,-3851,9817,-921,12168,-9172,11153,12135,-3834,9245,-8908,-14636,-10681,15754,3479,10537,13871,5670,5921,-2654,10681,6447,11572,-2008,2079,717,-8840,13744,11074,-10561,-3692,10623,10070,-8940,-13510,15731,8088,-2380,-3993,-16374,6257,3058,6410,12501,12967,12494,-2821,-9222,15157,-353,14458,6797,6072,6335,3964,2723,10920,-12843,-11826,4357,-13977,-13721,-1170
-6407,-12249,-1212,1585,-5506,-15384,10281,-1373,-9429,-15547,-13422,10344,7128,-4120,-6834,-15597,-8811,-10515,-14406,-6541,-3049,3188,-10689,6253,-9178,10127,743,2425,14890,-6915,2042,10035,-2629,11239,4405,496,9975,-4853,13585,-15990,6166,3360,8833,4266,-12464,-11629,-2434,10344,2757,-10448,-8417,12251,5924,9857,-11867,-4180,-12438,10557,16298,7187,2773,-234,-9317,-6406,1376,-14231,11769,-2835,14872,-12605,14371,-6729,-14956,-5769,-7175
-6246,2068,-12856,-1944,-9752,-5050,-14254,-10685,7702,4165,-3015,-15734,-6197,5110,-8236,6372,2944,-15218,-16099,-15751,-2618,-9750,2628,-7072,14945,10594,14628,-12512,2209,-13043,983,-1005,14149,-3829,-4180,-6885,8088,3546,14855,920,-10545,9131,-3130,16006,-13055,-14332,-6641,-10336,4459,-2083,10930,-13143,16298,3713,350,1702,-2501,-4130,-13666,6725,3276,-6365,7684,-2321,12634,-4058,5264,-15541,13200,2540,-7599,3029,11863,-13028,14719
3586,3941,11993,9700,-1060,7397,-4863,13952,-9109,-2962,14933,-7026,-3892,-8694,-15915,-12410,11454,14332,-16187,11394,-3258,-4474,-4650,-15394,-7238,2133,-8503,10658,8370,-7921,6745,10611,-492,10578,14180,-26,11608,-15934,4582,-4236,-299,8347,7350,-7922,-13726,-13666,9029,-14012,-11378,-5571,8012,2522,14119,-9060,-1113,-6081,-10054,5438,-5794,-3646,-6723,7088,12229,8696,6730,-10715,-5679,-5956,1304,-12898,-228,-7082,15871,9362,12696
-5616,524,-10353,-9754,-7746,-213,-14826,8526,-1886,11661,70,-10408,10871,-10610,-1069,6399,-12357,-14782,-7758,14421,8163,12716,-6690,5796,10109,-5704,9248,4964,-2089,11376,-6412,-3757,-7474,9389,8602,-7204,-9440,-9886,-3471,-15475,15229,-963,228,-11297,15253,-259,2455,-6257,-12548,-9096,13801,13815,14289,-12268,6792,14194,-2289,-16075,-7727,-8709,-12773,13101,11642,-251,-5754,15032,1220,-11068,-10475,8664,-7898,-4928,8080,-5095,-11815
-13676,-1111,-10512,7345,9412,9398,2299,4195,-16211,-3676,15740,-1104,-16317,-7289,-128,5056,-1420,9021,-7295,3632,-14259,8329,-7330,11154,-5369,4708,-10927,1397,12848,11265,-12341,-6128,-9079,9148,-13101,11881,-6312,3033,9395,-11851,13803,8755,9989,8095,-13037,-8632,5127,13040,776,-11958,-14108,16327,5826,-6154,4375,-10890,-1149,10691,13867,819,-11086,-9691,-2703,7764,-9173,-5304,15038,-2167,8013,-15671,-9064,-7406,1738,-769,4710
-9454,-9665,9945,12848,-11817,-6369,852,-2018,-3352,-10202,7790,-15476,3860,-11882,-15997,-7288,-5626,3062,16154,12400,1599,-2721,232,-11305,2632,-826,4786,-7727,-15216,7649,5950,15864,-12387,12843,-5153,-3878,-14621,-11397,1629,4154,-13210,2719,13629,2822,5913,-11544,-11229,9926,-5469,16041,-14589,3057,-14453,-11440,4822,-8703,-7655,5564,11010,-10957,-23,186,-3021,4982,8491,-12867,5760,-1060,-1129,-4003,10710,-3329,2058,5163,-6969
1624,15481,8871,-472,13424,9183,-6337,13231,-2873,10091,12565,6682,-5194,15381,-8494,-527,-11470,-4956,-15353,5012,9524,-3348,-10809,-9441,5636,8740,-16318,-4539,-12139,10058,13676,13203,-5781,-13581,4214,9476,-3030,-6366,-10839,15758,1165,13491,-15920,-671,-14471,12927,-3084,-1201,-15041,7718,4787,3414,-6546,7859,-4568,-1361,-11569,3413,2745,-4060,15814,-8210,-15213,-2512,15679,-14309,-11413,5166,-12941,-315,13691,-8893,-12673,-6132,-13861
9022,13071,-6892,-10004,-13813,-3664,10725,-8414,4869,-1550,-4100,1935,7757,7977,8305,7153,-5541,-2782,-10127,-12746,5515,-10390,-12027,7680,2953,3603,-9335,-9239,-8218,16298,11319,13811,10021,15944,-8184,-2870,-14793,7454,-8613,7399,-13081,9016,10103,-14109,6482,10177,12067,3155,6575,-3185,7747,4189,5134,-4367,-10617,117,-11589,15144,12862,-8559,-5313,-9717,-6177,-13663,2292,5303,-13952,-7986,-15781,12528,-10507,-6907,264,13026,-3309
12894,2125,15680,10424,9422,16074,9255,-13253,1989,-7915,178,-5323,9653,-13134,14196,-2667,-4469,15467,-9682,-11631,5374,4501,9337,-11805,3480,-8745,15382,14238,-7977,555,-15934,2783,4363,13747,-5765,-4517,-7879,-14315,11369,368,-9774,12638,4068,741,-14627,13026,-4041,-4814,-6172,1062,8770,5212,5838,4052,6695,-15975,-4587,2349,14139,-13396,-1107,4560,-6976,-3759,-5888,-4262,-9090,14022,-12811,-3646,-5463,-9026,5681,-15375,-7984
-4673,1670,14363,-7155,-11542,-5678,13636,-4289,2456,-14095,-15172,-4214,8492,8438,-10567,-3939,10658,-15857,11837,4256,-8220,-9618,13095,15034,1336,3116,5662,-10565,-5309,-3562,-14992,8941,13797,-13788,-15730,-5128,-8006,9703,13270,-4015,8448,-12937,11785,10691,3453,-2192,10079,7066,-3151,13080,15513,-15194,-12178,-8886,4675,-12453,12305,-871,7974,-16378,4031,4150,3688,5716,12258,7648,13404,-11399,10874,-1484,14886,-4644,-4134,8969,1969
15087,-4136,-15344,16008,-15000,2929,33,-5115,14102,-11763,-12256,11443,4338,-4834,4108,-9643,-11514,3144,4484,-4212,-14928,1663,-1260,-9906,814,2898,8629,-10223,6599,-11557,928,-12697,10641,-9832,-2956,-10098,11324,4126,-730,14395,1809,-5639,6853,-7312,-15949,5721,11113,-9206,-8121,-12105,-6618,9808,14689,-6788,11635,15775,-897,-2909,-13498,9159,-13456,1625,1540,15793,441,-6142,14907,-15455,-2710,-6890,-9259,-10698,-3917,-6251,-9821
9736,-11499,-14472,5072,1146,-15469,-14873,3533,-11627,5722,-4823,2301,4977,-10704,14513,15288,5722,13097,9679,3767,-8258,9351,5492,12629,16067,13693,6116,14598,10039,-6445,4844,13124,-1100,-6648,3355,-16344,-5019,13640,-5317,-14286,-16050,-14530,368,12355,-10745,-13338,12469,7784,3101,9103,-5597,-3947,7612,2211,-10149,13492,-2155,13167,14079,-3311,-9171,-6009,-9574,-719,1965,-10483,-10369,11600,14985,-5205,3966,-9496,-2292,7868,14404
-11776,-3368,2562,-10531,3549,-5598,14761,-6403,-7822,-11290,-632,-9313,7465,12328,2418,-5977,-3643,3014,-14667,-2932,-4733,3698,13319,3128,7017,-502,15608,12923,-3532,11231,11024,7398,13043,-11232,-13211,-7238,10805,-1511,-12110,13990,11402,-8236,7589,4171,5519,7917,-9868,-13423,-4903,1080,-12233,4057,14621,5557,-7124,-9987,8863,-14912,4318,10867,-11827,11102,-3017,9398,-3250,-7149,-1255,5165,-2291,-2999,-16266,-5769,-9792,10968,11639
-12307,-15786,162,-9551,2349,-7379,-7886,3437,-8372,-10239,-1051,-15516,-12174,13698,-13069,-10005,4153,-6877,9808,12285,-3632,2175,-14623,11316,-12886,-11833,9192,-14937,5671,15795,-252,12297,-7597,11764,-11520,7672,-11972,-1227,5284,-7064,-10204,7281,10350,-15506,-11307,5500,-4832,11992,10239,-13381,8642,12872,-5398,6331,-5098,3546,11335,-15060,7850,-5016,4633,1792,-4352,15254,-7377,2945,6114,14002,-16279,2035,-10388,14695,-6088,12670,5258
13023,5585,-14320,-6339,-11979,-8265,9987,2473,6045,5029,-537,11112,4825,11086,-12441,-5798,-1304,1386,15940,-14431,-1332,-13224,7240,1846,-10692,-12303,10664,-15495,9473,14166,-13423,-5111,7349,2462,-9834,-5269,12279,-13685,14977,-10427,-13950,-8910,-14236,-3434,8724,16288,5578,-2375,-15371,-12183,-3876,-2245,8160,8342,10142,-12660,15353,-10495,-11723,-8953,-11856,-15466,5469,-11044,7149,13317,7154,-491,-7779,-6418,-869,-5818,-7525,-3459,13166
-7961,9122,15975,-16155,-12259,6150,-1587,-10205,-14220,1841,-5866,-1009,14087,3126,3221,-13437,-7186,-791,165,-13766,-6254,1710,-10647,442,-11874,14143,-1552,-8798,5814,-5480,6916,5133,-13273,-3449,-4812,-14358,-13531,-6036,2211,-13707,14958,-10945,2946,-5997,1940,757,8111,4898,1600,11539,9743,-5094,-7223,976,-13416,-8942,15961,6206,-9347,-16362,9462,1670,8504,-10836,2057,-13604,3770,11058,13969,-6289,3256,-9132,1055,-12136,-659
-6441,-5210,13668,12368,-12277,-15561,8897,7436,-3996,12085,12396,-1144,-7534,-12331,-6250,-1,13277,-6577,3490,-1856,-4651,1784,-276,2765,-7375,105,12562,1874,1845,-2189,-7140,15108,-1017,-2667,-1572,10579,729,-14518,9919,-16373,-9800,3133,14366,789,-16092,-7803,11177,-14958,13643,-13818,14306,12394,-3694,-2882,-10449,11393,13996,7271,95,-13986,-1326,-10119,-10409,1523,-4562,-11726,15750,6277,1593,-3510,15186,-15187,-1225,12389,13477
-474,-15587,6537,-9498,2171,4960,-7571,-16113,10213,3764,8855,14803,-15524,-15527,-2841,-8603,11412,6152,1580,5179,8212,-15911,-10304,-3667,-11379,-15615,-14188,-6733,13057,-3452,14074,10224,-1424,-15656,-13897,979,-4830,15025,11682,14433,16296,3518,10722,11282,5360,-7596,-15081,-15936,-1998,5224,7271,775,9170,2269,-14002,1583,-16145,-13892,10241,9681,2045,-9417,-4401,11553,6134,-10177,-12671,-12180,12046,1254,-9913,9023,-5460,3604,4069
-15056,15118,-5029,13930,10595,3037,11502,5796,-11907,9327,-15593,4620,4494,-7433,1827,-2265,-2781,13658,-5895,8936,8916,2126,5446,4881,1979,-9775,-1924,-3855,-8848,-14270,-8431,16326,15454,5163,-4414,-10936,12357,-11833,-13518,2018,-8291,11935,-15563,9754,-9277,12996,-12596,2799,14274,-2805,4234,-13144,9619,15555,-6322,11388,-7625,-9504,8760,-1642,13618,-8033,14038,-5379,-1987,14988,4886,-680,-562,14988,12005,11033,-5538,4142,14815
13919,-8438,-8779,1345,-14259,12342,6920,-5443,5670,3899,11434,3643,11944,-3763,-6925,-802,4489,14423,-14356,8964,-15684,7625,-12472,-13044,14813,-14373,-7970,-4451,-10624,-8232,7771,11246,-6218,-12086,-1072,-765,8798,-16024,-8941,-4855,-7501,6947,-6313,-937,2679,-4327,-15821,994,-6008,-119,-7330,7478,3619,-7019,15015,9553,12884,-2878,13723,13753,-1128,12890,8097,-11685,5950,-10926,-16228,1336,1967,-12438,1787,5508,935,5486,13726
-8212,-894,7419,-419,-8799,-2968,14836,8599,4638,-15936,-4706,-4676,-15779,-7833,6301,13839,-10241,-3960,-7253,12304,-10337,-2605,-13221,14069,-12374,-3570,-11025,3921,1457,815,-5785,-11970,11857,10766,15808,-13753,-6303,-3125,-5836,-13333,9484,10950,7746,-5980,10308,-7542,-15627,12268,4098,13778,-13047,-8041,6520,-7771,-7261,8418,15463,-10378,-9965,-15287,5056,-5957,7874,11915,4304,12441,-11560,-16056,-14919,13220,16111,4302,1560,-7073,-8894
-5453,-3707,13736,2967,-13306,-4700,2064,12992,-9800,9382,-3842,12130,11599,-7646,5161,-860,-10792,11548,-1056,-1954,-14915,-9615,5534,5055,-10121,15114,-13107,956,-5308,13334,-11581,-5954,-10889,-3830,6817,9305,13101,12492,-7307,4746,-1093,3116,2425,-15101,11247,8781,15964,-6916,-10782,-12202,3933,2768,-13895,-8452,-6838,-14980,-15778,8489,-7102,5487,539,10395,7114,14983,14078,11802,36,5512,-1983,-12530,-6069,-3491,7088,8912,-5764
14763,1099,15810,-13724,-15804,16097,9635,-15359,-3769,-11963,-4892,-11851,16048,395,12617,6147,-15989,-1861,2593,-15158,-1868,-6354,-15937,-16121,3616,-15546,7982,-9092,-14780,-8795,-12759,9687,5534,2822,-99,4551,-7951,-12238,-9715,-11524,-8687,4803,16141,-13762,2996,-13900,9068,-8835,2895,14211,-2771,-14917,-3994,7744,-14651,9221,12626,-10639,3975,-12667,15921,-8845,6746,-4992,1520,-13852,3362,-464,-4484,-3751,-10449,12504,3843,-8240,13652
-391,8905,14465,-5065,2596,514,-13446,2391,3357,-7195,14262,-13272,9322,9944,-1596,-3113,2997,524,11683,7881,-1714,-4541,-5343,15569,8729,-3143,15907,-13476,-2611,-11164,-14401,14947,13561,6058,5733,9637,14889,7895,8528,-6581,13203,-4917,-8639,-7768,15777,-6542,15703,5326,-13890,-13594,12848,-15314,-3497,2642,-4328,594,-15621,-11689,5594,-4148,9689,10174,-750,4028,-13139,12557,10722,-2834,-2324,-510,1984,13324,-7584,-10400,15443
