40,
76,
8498,9656,4992,12136,10027,-3290,6416,-13338,-8414,7366,-4336,-1326,12912,10619,15335,12252,96,-5921,-1491,7674,-10235,3567,11342,7942,14905,-8428,2454,13655,-12198,7459,9505,-6554,395,9142,-9207,9973,-7364,-14736,13811,14464,-16046,12060,15879,8969,-2807,-5499,7729,2960,-7724,-4414,-737,-16273,10058,-11647,-10425,-15241,9227,9699,7748,-15772,-3580,9349,-8314,10940,989,-7333,-15114,14507,-15345,990,13969,10830,-15336,-2328,-8438,-12641
-1625,12881,-11566,6678,2090,-9401,1202,9033,-5435,696,-9068,15186,-14862,-3799,7905,14362,1354,15158,6499,-21,7407,-4647,6591,16105,2235,-2634,-8889,-9877,-2458,-4604,4730,-9944,8058,-10301,13219,-8644,10313,16000,3981,-5301,-13790,-4645,10601,10672,14007,-2129,-3989,-11944,-13324,-4963,1373,155,9137,6146,4708,-9090,8120,-6783,-11316,-5404,7132,-9715,-422,13119,-14162,-5481,-10747,16105,9122,12023,-16067,-8261,12751,276,-15483,-12829
-8163,-4477,11524,-11046,-2788,-5136,-15253,4161,5348,377,5989,-15396,-8133,9289,7547,14755,-9992,-1425,2702,-4515,-5451,-10563,-4399,-9939,4738,4111,15736,-8602,-15956,-9310,10429,1199,-10985,-10673,9469,-10358,1589,-12614,-7052,-4119,7133,2358,-99,-7691,2101,10410,-1417,2286,5114,-14224,7964,-9022,12958,-4223,-818,8569,-4660,-14763,-8647,-14050,13782,-11237,-905,13874,-11029,1745,-13235,-15426,-13287,-985,-10091,-1627,3793,7638,3394,10391
7849,16021,2517,-11638,12306,-14385,-9638,2652,6520,-10076,-2904,4688,-16369,-7548,11390,-5321,-14588,11141,807,-13191,5743,5113,551,5152,6175,4136,10599,4642,15404,-10726,2482,-3983,-2786,-12790,-11945,9483,13779,7528,-3283,-11195,-6414,5279,4373,-6082,10507,-1074,322,4668,2435,-7896,1621,9990,-9946,9540,4188,-13142,2927,-855,7183,1792,-7416,-4849,-6472,4525,-10367,9927,13570,-443,14730,-8594,-8801,13102,-6996,10808,13462,-9664
-2827,-11255,-9910,-10692,-1538,-11471,-606,-5598,-15493,8832,-1302,-6465,-9898,5659,13309,8560,9682,-2908,5557,2075,2858,-13468,-7085,830,-12563,5783,-3439,-1661,-11283,-16258,-7651,-15741,9627,-11390,-7074,9934,-1128,6684,1069,-177,-4968,-9850,-10078,-14383,-15274,-11554,15940,13691,4991,-6356,-7412,-726,7472,13478,-10122,2384,10724,9574,11887,-3055,-1622,-12530,5927,-1045,-2554,257,-12782,-2511,-10270,13638,-9554,-13698,-1591,-14645,14032,3250
15181,5451,-11002,-13254,14070,4300,11354,11993,3034,1228,-15328,-11692,-11118,7722,10356,8891,-2233,-13912,-3118,-13682,7774,4441,-6381,-5622,8802,4350,-406,12672,8238,7829,-15403,-14524,14037,-10840,-13793,10841,9085,-11947,-6257,-14804,-13615,11834,-10604,-10398,14472,11658,15081,5232,1371,570,4233,-6614,4466,15458,14800,-3951,15608,6456,1159,-35,482,-1077,4037,12458,11277,-11765,3725,-14238,891,-6397,-13841,-11139,10208,13908,1669,1067
6718,8652,6215,13039,-8519,5881,13440,5993,-14351,-4737,1587,-3445,-14877,10386,-7410,9765,5036,-10726,8323,-7107,-13704,-5732,-1898,9955,-3838,4311,-4786,1103,-13754,-986,-1040,2380,7351,11521,-9047,-15282,15051,-9104,12668,12335,11024,-3405,12082,-7110,-1310,-1336,-10681,6535,14884,2158,13425,-9056,-5999,-9434,-5955,5579,2563,13846,-14278,-11512,-3362,-15495,4774,-15450,4759,-2787,12967,-15601,-6702,11755,-483,2419,10339,14891,15014,10893
3111,8453,4534,15028,-12711,10187,-7525,8695,7886,13254,-12274,12859,13787,5385,-1824,5467,-11328,16269,7762,-2272,13457,2743,-11568,6878,13840,-12608,-7760,-16373,3679,-13428,9782,7090,7279,1237,-1341,-191,-14544,3350,-2547,12561,-13275,-406,-14051,-4582,12045,-5542,-1766,-8706,-12948,-7268,-9643,-4646,-14865,16115,2076,-15785,-14457,-7558,523,-3169,7520,2145,4556,-12373,14872,-10570,14877,1117,-4926,13026,-11138,6636,6959,6005,-13166,-14471
14865,-2066,2384,-14417,11716,-5877,-12440,-626,-10394,10971,2742,-3202,-12117,1508,2483,9644,1435,-1872,-14693,11265,-14022,-740,-102,6668,-2973,-8454,-14056,5601,-15182,-15385,-9319,1675,-5902,-8829,10535,4617,-7022,-1329,-3790,-10330,6598,-7751,6646,-13360,1574,7547,13467,-4940,-6705,-5760,7851,-7121,10666,8173,-2898,8110,13469,-2216,-1062,-5807,4083,3424,5966,-357,12912,15518,7680,-9753,-13225,8908,-8787,-2376,1322,-9565,-7061,9259
-4397,-10689,-16190,-10016,16074,6367,11420,6198,-3299,-15940,4527,-15560,-3158,-4050,11204,8084,10625,6677,10765,4343,6012,15457,-1623,15157,744,5239,-10256,9521,12176,-5624,11140,-15843,-11859,8366,-8033,-11905,14779,-4463,-15946,-10368,4590,-615,2756,15782,10445,-925,11611,-2200,16133,-15828,-11687,11128,14310,7123,2740,11873,10953,-4798,-4415,9283,3329,3764,12381,7467,-4750,13898,-144,-11625,8480,8404,1740,3935,-6958,-552,12093,-13488
-12661,-14304,4055,13774,-13405,9954,6943,-8543,1037,-10990,-7171,-16251,-13170,-12907,-8291,14947,5679,12156,-11620,-10411,-4806,-15389,11271,-3536,7468,2090,-6553,-16360,-7813,7424,11006,-5666,-6560,-610,3672,4472,15134,3975,-10787,1719,-13634,15968,-12131,-10679,-14567,7129,8729,-1109,3482,-14373,-4900,-11975,-7120,-9564,-15515,-9091,931,832,13921,-5872,-8340,-5534,15163,-620,-985,-15689,-4095,-15781,9065,12880,3111,12999,-2990,2430,3375,-10627
8515,7381,15581,9563,-2412,-8724,3761,-10255,-6418,-3892,-11481,-1258,-9744,-8523,10585,-4667,2190,-38,8851,-12593,-12137,-7800,4381,354,9968,15523,-9608,-15009,11879,-15803,5383,-3732,-6195,-16283,-1524,8059,7868,15109,3489,9851,14704,-9077,-5441,942,-10764,-9790,5397,-2044,-14128,11952,-968,10821,5022,12387,4692,9388,4582,-6757,-5149,-3315,7696,4048,-218,2861,11682,13416,-10259,-12417,-4517,-4697,-14665,4659,15841,-8362,404,-6335
-9924,-13627,4335,-428,8259,-12304,-3619,9593,8534,-9938,7983,11192,13066,-13797,2757,-410,-15507,1081,4027,13395,11707,11136,13830,701,5944,-11759,-13118,15381,-925,14853,3167,11994,-10183,-1563,-4602,8809,-7116,3519,-12475,10962,11606,-13399,13535,2310,-11662,12801,-14295,-7781,-13849,-10215,6534,9157,-9978,-417,-12860,-13378,4407,8681,14492,-9497,-6701,-13783,-14363,-12771,16296,9631,-6767,-9557,221,11168,-4264,-2746,2068,15362,6463,-8101
15573,6838,-3276,-14108,-9526,-5532,6504,-9273,-10791,-7816,-6873,-11386,-3474,-7004,3165,-4518,8400,2555,6277,6020,12014,-1085,9714,1897,-5485,14693,-5125,-2011,7628,4896,-5082,843,9379,5026,-8906,-7958,-7723,-11580,855,7761,-10667,12768,-13504,9052,-15021,-13944,-14331,14674,1744,184,8723,-10349,-8690,15385,-2698,-10042,8124,-14800,-12862,-7380,-14337,13218,8134,-6485,-8493,-5665,8788,8354,-13783,14076,-15877,12802,6455,-8256,3775,-402
15143,-9662,5554,9478,-5298,15183,1789,9255,-16045,288,15837,-10439,-13087,15922,13909,-12024,13718,-4520,9335,-5948,-2447,-7293,3294,14383,-5360,9701,15956,-7930,8674,-4521,-5628,-4862,-4391,15058,6480,-12834,-4026,-3357,-3268,10575,-12895,-11261,-4840,-16205,-3114,-8369,4249,5671,13370,5603,12168,-7454,-15990,5583,12459,9498,-15213,-9659,12740,2864,-12652,13172,-210,-6229,-7233,1917,-6961,7421,-2514,14424,-5256,-7850,13783,-853,10880,4905
-7103,13008,-2935,-16159,-4473,-9198,6930,3276,-5148,-15963,1050,4558,12762,11172,-6571,9659,599,-5879,6334,-15986,11926,-15453,-5297,2536,-11764,-5518,-11196,15041,7865,-4946,170,-7825,11920,-13450,11358,7670,-5005,15461,-8775,-5595,3536,-12638,11312,-11040,11820,14889,7947,-1231,6129,-16092,55,6065,10256,9536,-9911,7271,441,578,8884,13442,12627,13842,10615,14112,-4866,3023,12875,-13580,14276,5711,2699,-1846,-6823,11291,-5535,-10850
-9548,-11295,8598,-9967,-5530,13110,3547,741,-10087,4670,3712,-6716,-2529,15920,4769,-7208,14475,-2402,-9008,8517,8864,4467,-2744,13219,-166,14020,-7281,8528,-262,16189,-298,-6666,-4966,-5704,-4166,1484,-1353,-8017,-10414,9739,4424,-4949,13227,6017,-5024,428,6122,-12590,3520,12610,10115,-12388,2550,14486,-3066,5640,-16176,-3152,-1833,-10401,-5163,-13702,-5022,-3770,740,2330,-14197,-7008,7794,-13750,10575,-7246,14215,-5323,-14160,-7628
13614,-15644,-14327,10087,14925,-2553,-15886,-10532,-6751,4589,-13595,-1420,9708,1166,-12390,-5574,159,4883,10679,-4532,7223,15561,8234,8404,2865,14399,4569,-47,-10339,-13099,3029,3300,-14560,-6964,-7159,728,10446,15607,-10657,-15769,14935,9549,13414,-764,3045,-9779,6284,1859,15462,12212,15965,-13740,5412,13684,-12254,11501,-9627,-5816,13925,-5028,-441,-9414,15168,14838,11984,-14756,7155,-13105,6089,2320,-5614,15299,-14620,2745,-9797,-581
-4641,-15326,-2613,11845,5743,14680,9734,-15566,1603,2410,1108,7705,-4060,6018,-11023,6241,-7158,14216,13671,-7124,-2628,-3970,12951,-14551,-12442,-3543,10850,-12785,12336,-4976,-7948,4388,-15100,373,1427,-7197,4151,-12834,-5563,15075,-6490,4850,9132,-15919,-10591,-15630,-7083,-1198,8587,1731,-15255,-14370,177,12474,-3024,-3470,6240,5371,11143,9489,-11287,12998,13137,-13530,-4141,-4304,-202,-1191,-8181,-7852,12538,-15999,-10979,-7908,15166,16285
-15593,-9304,-5928,6704,15776,15230,13171,10405,-13901,-13384,-4584,11586,-15337,6860,3471,7080,-390,-16018,-6955,-14895,-6200,-7629,-3464,873,-15153,13749,-3708,-7438,-10713,1327,13383,4458,1871,12555,-15671,-1143,10439,-2510,12643,-11145,8715,-10551,1319,15125,-12141,8759,6575,9933,-11228,-4874,925,-772,-4054,14083,-2152,-5508,-6438,-11892,791,7958,7999,8277,9641,-6713,11529,7656,-12041,-12291,15635,4012,-9973,-15522,11791,-13711,10735,-10564
-12471,612,14571,9108,-16373,3973,-13252,-8734,-8300,-5278,13202,-1104,10841,12728,4249,5985,-10704,-14972,-10604,-1797,-1443,-5011,-10867,3515,15375,-3973,6333,-4885,-23,-1771,13304,-11828,7119,4131,-8646,2106,-3059,-15547,-14590,5277,14264,-9079,1202,5404,14513,14756,11968,8987,1802,5102,-12234,-9344,6625,-15575,-2056,287,-128,10570,13557,1853,4298,6709,-5104,-4766,13249,8225,-15155,-13472,-10591,9518,-6679,-2316,-7647,-15132,8423,-4394
-2987,-14303,15761,-4676,15161,-7701,-959,-6939,-15588,15768,9945,12819,-12390,-12273,-5138,15440,278,11709,14046,-5649,2563,4231,-10274,-566,8827,-1562,16055,-11873,-6830,12305,664,16286,-6618,4720,-8567,-13655,-8636,12433,-5820,-14876,-2881,1272,9250,12071,-5696,4243,3368,4382,6655,-2471,6071,-5793,-14174,-8133,10153,-15969,-4390,8749,2717,5407,8844,859,4537,-2064,-4488,-14221,-14294,3966,1978,14970,1463,9210,-7278,231,1392,-6504
-14855,-8910,-4344,-14065,15556,-14747,2232,-12411,4451,-6617,-9742,-3084,-10120,5992,9989,4230,-13411,9030,7087,-11101,-8302,-7641,14283,-4587,7380,6648,-14168,-10426,1061,-7656,-3255,4786,-10964,13016,-8563,-14475,14052,4525,-11737,-3566,15785,-6725,15482,16242,-15953,8593,11262,2287,-15219,-1880,8505,7587,2614,16160,8103,-10749,11779,8457,11348,-700,-9950,15583,10945,16327,4537,-1103,-905,13415,11217,9022,2327,13391,-4045,-6320,6654,-10189
-1633,4845,-4336,-9172,12780,-5044,14522,-1357,-12993,-12111,4099,6506,-14333,436,11812,11486,-5739,8011,15944,-12623,4090,-7339,14822,2263,8560,10012,-6364,12020,-980,5254,-8763,6196,-10236,-5466,10557,10215,-3935,-12610,-3459,13476,-11315,1626,-15176,2943,4214,576,660,9130,-10648,10705,9043,-7361,6325,-10582,-783,11088,2625,4652,-8177,-3180,14955,14973,11245,12229,1145,-1846,3889,13595,-1502,-14169,10833,4672,7272,-15816,-10370,-11371
7308,185,14836,4929,3240,10247,16066,776,-11454,-11581,-134,1617,3326,-8800,-1010,-3359,3468,9524,14944,-7975,1909,-8258,4216,-267,-12018,-14327,6402,12747,-12149,5618,11343,-14109,5111,-721,4804,-10026,16195,4196,-10196,7805,-1350,2091,2961,-10347,15552,-12940,-15298,14152,6623,-15032,-10223,5820,-7457,-389,10359,-9426,2098,-3468,-1865,9323,-11157,4306,13551,-2603,-8891,-10297,16000,7181,-7467,-8010,-15773,-13277,-5193,10127,-7459,3307
-2314,-7150,-14163,10964,9562,6971,6471,-8773,-7948,11733,-11472,-6809,10639,-9789,-3316,-2651,-5346,-5577,15460,8651,-5107,-15377,-6964,-12754,-4336,349,-8834,-10039,-5593,-1892,15181,5302,-730,2543,1191,-15469,-10050,-1999,10304,251,-12902,1168,-2622,2689,-970,7728,-9890,2077,8541,10244,6585,11696,15534,5414,12729,16188,-2478,-3961,0,-11301,-13432,3869,12910,10242,-8683,13384,10092,-7047,11650,-3089,4537,-7681,921,4354,-1099,-5849
-10195,13600,6116,-9121,-8233,3038,2503,-12280,5253,-6113,-15637,5053,13774,-10795,-1185,237,13818,125,401,-14608,10168,-6632,-796,-11546,-14531,-3027,6925,-9029,14456,4607,-4103,11962,4769,-568,11458,-6052,-14649,6619,-7185,8604,-7852,13935,-63,14652,849,14614,5494,-7335,16128,-1749,15624,13673,-8986,-10807,-12064,-7167,-4309,-12754,9359,-98,9798,4982,2196,4714,-13148,-4627,-8963,-8403,-11017,-5152,13494,1806,3680,15345,10231,3640
-2217,12803,9960,6944,15137,14476,-8964,-7129,1120,-800,13884,1368,-12764,3511,-11410,14309,1198,1133,-4687,-10433,-6576,1056,11943,-12741,-11446,7641,-6688,8493,-6528,7915,15323,2147,691,6364,-10326,15224,12687,5646,-4194,-6264,-9056,-1269,-11026,14654,1790,-3133,-10262,6820,-1617,5276,2235,2442,4084,-11825,-15454,12735,-7060,-6437,11023,10489,-5072,1152,-15580,-11299,-14326,-5956,-5772,15689,-5171,-12231,14296,6611,13976,-1604,7477,-15307
-6522,-7644,-4925,-14079,-10743,-8322,-16366,11393,10218,-15115,5928,6490,-7689,6666,-10875,-10147,4765,-10449,3655,-10847,3215,-12743,-2619,-15631,8554,-783,10332,10050,-12535,-11473,9998,-2002,-4967,11442,-12540,-10062,-1275,-11558,-13996,9735,-3426,12784,-11420,7793,-7460,10131,1330,-9011,-10295,15394,-16230,-289,-15491,12801,15903,-8064,13502,456,-4204,10106,10107,-7773,1886,-1018,14539,-9408,5554,9753,3602,304,-14228,5742,-4502,13174,81,15654
-12551,3462,11302,15536,16116,-14100,-12499,-1430,1865,15005,-3088,-4095,-13892,-13808,14703,-3678,11746,13730,-8325,-11237,13465,387,8259,1794,-10634,-10214,-10074,15581,12676,-15333,8886,6884,13624,-15377,-2989,-9517,8565,164,-10220,-34,3767,-9728,-2747,-7502,882,2300,-11104,15230,14928,11514,15474,11303,10344,7341,-6961,14177,9382,-4509,-743,-15948,-3264,11940,754,7842,6178,15074,4091,5120,2760,13042,10461,8814,-9212,-575,-2179,3176
-4842,8324,415,14863,-866,-10099,-5436,-8623,-3175,9084,3865,6167,-9754,-2260,14918,6219,10744,9859,-10685,7846,-2628,-6469,-5814,-10050,-260,4610,385,8328,6472,15181,1460,-10709,-4408,-2752,6799,-3157,8444,-13111,-5675,-5198,-14482,-13692,1709,3760,14222,10452,-2727,-1655,4247,-947,-5423,10014,-3799,12458,-7858,1908,11043,-1709,13132,14947,13840,14075,955,-7731,-11866,-10240,16117,2715,5135,-8831,12128,13349,13197,14726,-9865,198
15001,-1033,-2237,10612,-15221,-783,8634,-32,15359,10501,-289,10452,-3046,10371,5131,13446,2361,-2609,11815,-4178,-9324,9839,8534,-6754,-10490,14695,-2750,15811,3910,6145,-10852,-15212,4564,-8599,15394,8766,-8568,-3016,-52,-845,6414,-9013,612,-6746,14425,9109,-4927,-11379,8556,9464,4867,-413,134,-9876,10795,-8769,-5656,-8672,-11248,16266,-10841,15230,11567,13669,-16093,9054,-4317,-14912,7236,7591,14012,-7297,-6583,1387,8800,8595
11626,-1220,6021,-4365,-3629,8341,3099,10581,1153,7530,-6935,-10827,-9866,-14904,10780,4150,15863,6357,8126,-14231,-13134,5814,-4290,13594,13426,8942,13172,-12950,-6494,-5226,2354,3533,-11540,951,-15918,15399,-5717,11089,15896,-1330,-6072,4259,2280,7731,3512,2440,13042,432,11543,562,341,-15142,15696,4112,-14077,14661,11573,-8476,12948,3385,-7868,7616,-5850,4920,4683,-4918,796,5561,-1413,-86,-15772,-3606,12930,-9930,12653,-5932
10427,-2347,-2819,-1289,14100,-5142,14015,3191,-15044,-16278,-9712,5825,-11840,2369,-11362,4920,13415,10387,3044,-2956,12525,-9480,12431,-7258,5485,977,-8425,10517,-6192,2041,-5491,7454,-8849,2605,-10214,-4640,-12134,-3014,-4269,2496,-8642,8000,-156,-15718,-2709,9402,-2671,421,-14831,-2833,-15712,-3261,-2826,4656,2987,-1260,11768,-9827,-13035,1921,5811,885,16293,11163,8192,-16054,13110,-1391,4291,-7992,12307,4829,-15829,1038,8744,-12650
10932,-8987,1476,-11260,-15094,-6119,7517,8642,5477,-1863,10280,-10883,-7703,-11214,291,5749,10980,8904,-7462,16256,-13770,-3668,-15610,9224,-5413,-15532,8907,9406,7877,-9075,8033,790,5739,5870,-8016,1746,9600,-2721,6672,3113,11547,-15918,2047,-9660,463,7928,1033,11846,-3501,482,-8773,1527,-3601,-8751,5331,-4014,-2312,-2782,-3369,-7757,4069,-14007,-13682,914,-7773,-4125,-4761,-6208,13515,-11855,3712,14128,2404,-12571,6804,-7625
-2151,-13524,-2947,12240,-9034,6791,-11402,-10825,-14266,-8876,12036,5559,2125,-13653,4432,-4416,-11455,5466,10974,5776,15482,-16336,3742,-2576,-11073,12552,-739,-2335,9057,2601,-8043,-12018,13837,3017,8961,-4608,831,-1647,-5919,-9031,15560,-5649,2933,1556,-8540,12347,-4801,6603,14881,16377,14261,-13518,269,-2544,-11562,14695,-3583,-4812,-11586,3800,-11714,-9849,6463,-8244,2528,-13733,-876,9350,-15399,-13754,12844,-10826,3671,-7625,-1444,-856
-13017,-1486,16320,14411,8518,-1902,860,-6289,-2768,5300,12267,-5586,13830,6202,-10913,12298,-11632,11550,-13333,5966,-11937,10858,4512,-8255,-11475,2325,11484,5845,15065,-4119,2057,-14926,9857,-9724,72,15024,-6466,9844,-5168,6207,-13552,-2739,3223,-12741,-8852,-12898,-389,1527,6836,-6725,9072,3384,13924,-10546,13923,-5184,-7514,-5418,-13664,6442,-8896,-5875,-15420,16043,-16129,-2504,-13219,-11703,2706,-15772,6590,-6196,-15003,15755,-15949,8507
7672,-4599,2247,2657,11524,11305,-1452,-337,-2490,15220,12868,-10231,4748,1090,-9091,-8345,-10735,-15526,3954,-1222,-4362,-13709,8157,-9809,-8364,-10219,13178,-6217,-8726,3680,13316,-13591,-7806,3031,4467,-3314,-167,9316,-4961,14295,-15079,11751,-16,-7207,3629,-3003,-12333,4320,-8299,-441,11046,14362,-2261,-2907,-2658,16094,-8495,-8106,-2651,5827,-10873,-10339,-8751,14653,4737,14002,12739,14860,-9478,4880,-12251,10732,5898,-10492,4581,-12646
15472,-10177,-9485,-9102,8275,-4953,8679,13282,8803,-11588,767,7549,-9579,-14545,-16135,-6139,8080,-6013,-4401,8886,14983,-3104,-14115,-2800,-12125,-4314,-4517,-1595,-3387,14922,7626,5337,-637,-1558,-13026,-9436,1538,-13269,4958,-12535,7273,11306,15149,-10033,-7611,-6395,15778,11594,14319,9965,-2048,9368,-15438,12674,5553,-3783,-14895,4409,2978,644,218,-15733,3416,-607,12116,4178,15779,-8557,-5469,-13935,-12888,12073,-3837,-3677,-1448,-2977
-14203,-10821,11061,-4825,-3757,-8999,9646,6189,3444,13457,-461,7007,-10584,1561,7253,2854,-9014,12337,15103,8044,-8473,-11994,-1419,496,1458,15792,-7804,-7636,-2130,2940,-6267,2961,15460,4733,6876,12865,-15376,614,-15394,-1186,7384,8864,318,966,-782,13492,-4841,-10648,7193,-82,-15857,14356,-1229,-14778,3585,-9612,-4686,2161,7389,-14982,9716,6943,2604,14849,-6372,15328,-7707,-3995,14661,9200,-8070,-15247,-10739,-13192,13829,-14265
