40,
77,
-7910,-7336,-759,14626,12372,7320,2252,-11610,-5311,-3362,-14458,-1541,14445,15327,-3510,-11544,-9002,14599,-8058,-1683,-14001,10351,1551,7642,15658,-10721,-9342,8590,-12842,-4743,6772,12860,16315,-151,14982,-50,6766,7049,1630,-4656,-13306,7241,-13306,4453,-2958,15128,-5196,-6077,-851,15946,12892,7012,7089,-2297,-10492,5491,-2768,3049,-12972,12137,-2210,842,13902,12145,-3550,-7094,-741,-6699,-6930,7509,11250,-8777,3367,14911,-7463,-4802,-3918
12434,9917,7565,-4028,-11616,362,-13767,-10748,-525,14661,-12170,13912,12807,-14982,10034,6135,8994,-9153,-3141,-7923,1740,-280,3134,11969,-2858,3002,8656,11574,11855,1747,-9332,8162,11638,-6194,-12711,4697,2375,-7281,12318,-361,-13596,11645,-11711,4767,-3008,-2577,899,-4840,6104,-15371,-11523,15073,-4601,-6079,-13191,-2934,-9617,-4380,6182,-15016,-4551,-12586,14183,5096,8953,-10929,-1805,1096,-3379,-6078,13535,-8964,-4970,-9376,-2359,-9291,15554
15263,8843,12176,-6825,2799,-16201,-4514,7891,-2259,7624,-989,11801,15635,-774,-10670,-2996,3728,454,-10704,-11898,9448,-12106,11025,-13265,3709,-523,11197,-2442,13838,-16161,-9046,-3388,-6969,14097,6677,-15644,216,-10346,2546,-15977,6962,-11957,-11563,-3956,-6390,14945,10341,-12497,-5384,12443,-7841,-2710,-15194,12855,13684,10831,8956,-13669,-1789,10835,8567,-4453,-4778,10039,1875,-12180,-16254,-1551,11948,-6709,-7546,8351,-5585,2600,-15665,-2112,-14244
-11986,-5477,-8668,-10079,4351,12829,-11228,-7364,-6675,1598,12567,8516,-5223,940,889,-10847,5115,14342,-9466,-13792,-13139,-10399,-1213,12227,-3829,-11176,14386,10933,4345,-14316,-5850,9866,-4942,-9878,2172,-10980,-3801,2055,-14504,-9743,-9334,12398,-13357,-2673,-11237,-220,-3527,-11769,-14208,4921,-13494,9756,-3392,-7470,14738,-5462,3723,14515,-10034,2917,-4986,12713,7025,-4517,5357,7484,4510,-1817,-5936,-4283,3171,7557,1348,-3346,13726,-2226,-2190
9798,13849,-457,6484,13994,9373,7876,10196,13480,-15859,13720,-11815,-2183,3117,-11700,-14840,10372,12473,15360,-6290,-15326,634,-3508,-11473,-3218,3827,-10257,-2689,-8980,-9719,-14794,-2111,-7462,13569,10709,-11288,-6962,-1757,-13747,-13352,4172,-12474,-15460,12724,-6540,5545,-2341,267,-14525,-8191,-12079,15984,-5549,-10585,11401,7109,-1675,-14139,-4771,-11999,8802,-15720,-5960,-10714,12956,4691,-4714,-4035,1872,-10744,932,-10839,4590,7293,-13829,-13299,-12119
-635,-5352,-8461,44,11103,-11877,5248,-9234,11720,8289,2152,-7912,14072,8835,14370,14724,-1152,-7814,-10532,-13563,11956,-1568,-8175,15259,8540,2288,-16248,6980,-7504,4168,-12530,947,-16244,2186,730,8853,-8652,2626,-4476,-7463,-5048,11177,15963,2661,-9543,7810,12734,-1861,3170,16300,1802,-7573,7862,5446,-1286,-944,-11125,-7158,14045,13711,9262,2715,14993,-2898,2723,15066,14502,706,1539,-3706,-2217,-12167,12061,5563,408,-3491,9020
13409,10165,12429,14243,11139,2043,-7755,-338,6718,7190,-10245,-1350,11520,15459,-7186,4020,12808,7357,5516,-9830,-2900,15611,-7144,-10695,-1711,12597,2966,8875,-13695,13385,-1864,15436,-189,-8524,-6617,-1296,-5248,1351,-3025,-1505,1080,-12718,-15814,11539,10513,-4833,-4510,11670,16076,8571,-7797,-5894,-11736,12564,-1786,-4642,-11519,16036,-12843,8995,-13872,14913,-5783,-15227,-6234,3270,-8879,-9679,3214,15393,-5850,8796,6719,2252,1199,16147,-12936
-5256,415,11710,3640,-6843,3496,-1246,14968,157,-15963,9069,14984,-2507,-6907,-1188,12042,4930,-13135,15440,9624,-4672,6481,-1452,5960,14411,2830,5594,6193,1011,2381,6851,-5548,8270,8820,-5523,-5771,-10442,5626,14683,-7853,-8172,10132,-15965,-2428,12365,-10917,15833,-10658,-2715,475,5069,-15890,-12242,15772,10974,5968,-4498,-10018,6045,14133,14534,-14010,-7593,1391,13981,-2001,9110,6400,9248,2667,16030,-3962,-7937,-5778,3820,-6101,10273
-1191,-6611,-3173,14510,-2975,-8742,257,13858,-5639,16300,-941,7711,-14673,-5887,2644,-11776,-12700,-10448,-9432,-8281,16218,-1193,-1799,7601,13692,12308,-5171,-9671,6010,4681,-8034,-1046,14446,404,-1642,14551,-3450,1761,953,-14803,12256,5122,-11387,7382,2165,12990,13606,12780,-6683,-7040,-3769,12141,-9339,-7965,-15191,-2026,-12125,-8579,12738,7695,-14911,-15197,-1918,-6197,15084,8298,-11153,2375,5003,-11752,7114,-14731,10084,4285,14466,16107,5941
428,14788,-10740,9112,-14787,3668,-2957,-4701,10403,12120,8164,6293,-15032,-7995,-724,15449,-8504,-70,975,-6958,-4233,-10805,-3395,-15546,-5870,-5228,9275,6664,-9141,14225,3309,-3693,15759,-11902,9049,-4240,-1923,8858,1905,-2610,975,-7530,9971,2626,-3601,-13790,-941,8367,9468,5569,7373,-15573,4848,3780,-12917,-8320,10117,-8883,-11435,-16277,-2541,7779,-4106,-5004,-2734,-12849,-14033,-2547,14625,6914,3252,-6965,-14061,-14709,14612,14724,-9444
436,6649,-1026,15313,-7120,-8159,2966,-2342,-15931,16335,-1236,-5557,12330,4899,9567,-13974,5789,-6197,6351,-101,1035,-11156,-5573,13900,6776,5579,7446,1100,1482,-6363,10433,-8880,-2548,-6830,-12186,13185,-11181,-8814,6771,-11590,-1696,3119,-10783,1167,2477,2474,14594,3184,-5157,-3280,15593,-14361,-4134,-15195,9319,-7387,1454,13281,-6940,-2092,-10502,2449,-9002,10111,-13771,11282,9113,-5777,-5779,-4642,-408,-12219,-9180,6841,-7119,9823,4116
-9604,-10318,-15110,-9059,15000,10933,12307,5038,-13477,3094,-12843,9387,-14209,657,-11766,-12987,12432,-526,1125,-10829,10120,15104,16046,-541,1024,-7926,13713,296,12061,-9872,4836,9042,16377,-8274,-6106,-3114,-12977,-15494,-9797,-2497,-4047,-3483,14019,-265,-3497,-3815,4621,4684,2914,5326,14263,14127,-15771,-10982,7015,-10122,8291,5528,-3107,-2952,-10901,14955,7973,4941,-3882,-11854,-13281,-5025,12424,675,-4866,-5810,-5345,8895,4888,2370,15437
-13568,-11326,11091,6674,-9607,14763,-9310,16226,10379,12042,61,-1323,1224,14581,-10712,-13082,-10731,-3322,-1323,4511,7644,-16026,-11113,-12536,2607,-3820,15331,3146,-15235,-12338,14997,-8800,-1324,-12053,-8726,-473,9287,10245,12503,15068,10199,1912,15063,-7920,14151,118,2794,-7897,-15827,4307,2896,964,10119,-9480,13397,13530,9445,7324,6876,11769,2463,805,13804,4925,-7675,7877,-7677,4132,2396,-5952,-7845,2717,14629,3463,2699,9172,5941
5624,9023,15744,2330,-3926,199,-438,-760,6008,10265,-12526,1584,2235,4994,1873,-10889,-14554,-1460,-11553,-1817,-9202,-44,-845,7815,10351,-3586,13100,-1716,14812,-4772,9525,8434,-15856,7221,-14449,-14163,-14220,12791,15877,10370,-6864,8403,-11287,12945,9965,-2215,13681,1296,-13467,15157,-7486,7988,2222,-10929,13228,-11565,-9002,13979,-9970,-3442,-14526,2776,-12976,15707,-559,4394,-12206,-1503,-11164,-13728,-12736,4004,-10393,5118,-5145,-3295,-13698
-8716,14199,-9425,-6603,6207,15734,-7707,-8727,-13919,11881,-11181,-682,-4087,-12313,12058,-14877,6876,-10510,-5270,-15512,-8093,-6634,-736,10425,-11345,-10820,2552,-10819,12150,-8696,13474,-12023,9522,-12499,965,16002,1836,7843,12723,14284,-2350,12002,-5345,14923,-1806,-13912,1391,9170,9503,4003,-2660,-14128,13338,-2221,12354,5151,-493,-11685,15848,3421,-13731,-8155,2195,-12678,-5325,15121,-15297,75,2317,10615,15911,-4844,5728,-8490,435,-4185,9384
-10614,-14204,-15341,12407,-13901,-14656,9867,-6698,5526,4950,-4934,-5645,4595,-15673,-7330,-274,-453,11407,12519,-6440,-9998,-4997,-9957,-11536,2252,-3520,10781,7304,4451,-12182,-8936,-15165,11772,-8778,-14832,13175,8617,-13715,6046,-6008,-995,10213,10644,-3181,10490,9001,-15071,-9423,-7984,-13986,-225,3927,-498,3742,-1147,6423,11440,6555,-2966,-11138,2321,11540,-11963,-8945,-6057,-3171,-16208,-15348,-7976,621,5414,15687,-11440,2496,-1647,-2054,4273
6641,4710,13065,1980,1573,11694,-11067,-15084,-589,15327,5749,-14534,11280,3836,5592,-8751,7031,7737,3406,-10395,6865,-3257,4065,-6444,-10610,-2910,4868,-11682,-6000,3040,-983,-12783,5767,15910,-3737,-2815,-831,14547,900,7933,-10194,-1141,-11945,-72,-14425,-1125,-6148,-12238,-1456,-1497,-7867,14180,-6743,12438,6893,3043,-9936,14738,5120,-7950,-479,-846,-11025,-7840,-13436,6855,-10821,12990,-10663,-6049,2216,12053,-4694,3796,-4336,-10113,-7278
-14551,-13868,-2085,14167,-3570,-6917,3013,10830,-10398,-10189,-2524,-2539,12569,14819,16093,-8391,-2750,7367,12097,-11865,2355,-9594,4163,-5222,-15472,3691,-2962,15911,-8724,8885,-1849,-14612,5555,-4201,-487,-9794,4450,11289,-1431,-5838,14987,-6924,13141,-5028,-9780,12110,-5628,10889,1589,-15733,-3463,10701,15080,15806,-8656,388,-5047,-2250,-15042,-6154,8753,13511,13585,-4588,11738,10328,-4770,-1260,-14908,8151,8226,-5444,-15392,6013,-163,3052,8416
6721,3553,5703,-3874,-590,9937,-11608,-19,-3460,-2549,12598,9681,10641,-13231,8024,12704,-16212,-10342,5097,195,-3543,16162,4982,7520,-4314,-1139,14272,-841,11019,10158,2435,-12937,9163,-12601,-14674,5007,-5632,-6689,-1091,11966,861,5598,2839,-8675,6027,6202,-5334,-4969,2726,-6501,15231,-6605,5027,9732,8712,12488,1472,-4612,5727,-1928,-10064,-13539,-11011,10589,102,7559,-2992,-222,801,-7935,-9365,4712,11973,-5938,-3809,2270,-4101
2117,-11444,-7721,-6825,7039,7203,9340,3389,5630,9335,-7915,999,9326,8324,3743,13745,15199,-13285,-14596,5577,13143,-3124,11384,-9899,13395,13018,-3521,-5503,3261,7219,5881,4548,-16230,7022,-15137,-1875,4651,13601,-9192,6845,-12258,12113,15342,771,3241,-1312,1965,-4894,12855,3127,-13844,-7201,8198,-13694,-4071,-10819,13043,-12529,-10705,6364,-4806,-6046,-6824,-12570,-10263,-3103,11764,-15588,-15773,-9444,-2069,11200,7075,12217,-9426,-1387,-14461
-7275,4801,13706,-2818,5613,-16161,14717,2579,15140,12762,-12616,-337,2685,937,8641,-9631,-2605,-4961,4258,-2812,-14642,-14303,-13890,9978,-13810,9221,5184,-13754,6897,1482,3716,-8079,595,-4180,-14942,-9040,8382,1381,2614,-11880,9107,383,1091,11628,2551,9607,8070,-521,10887,-8435,4080,-14273,1461,7149,-7784,972,4839,-2735,3560,-15953,11389,7770,-2510,8350,-9263,14184,-4103,-15836,2779,3362,2357,-7247,-14940,-5486,-5859,-10868,7842
-2343,8144,-3486,-1170,13944,-9895,10123,-10891,-7370,-8333,15089,242,-4601,-12117,-6446,-10015,-9619,-2383,7620,-972,11439,-1945,-1377,11996,-11352,8170,450,12654,5415,-1816,5723,-925,5949,-5191,7800,14397,6825,5200,-7024,7935,-13842,6965,12301,5863,-6149,8,-7353,12911,-8462,8760,-6413,-10446,-8512,2533,-5490,2606,12468,-13549,12675,-7855,-2121,-9751,-14736,-8023,-10271,16345,12290,-14794,-5978,-9549,-3006,-9259,-11251,-7902,-9773,524,-15732
-9921,-1901,-6325,-8037,-13393,5951,5520,-7863,16347,12311,-2693,15376,1483,8686,2861,13268,-962,3468,12194,901,3907,-15616,-2606,-2238,-5886,-896,13007,7137,13521,-6800,5985,10190,6946,12923,-479,9834,-5970,14929,-262,12004,-11043,-11024,11582,15493,7296,2584,-315,10801,-10081,6819,6614,-3653,8591,11377,685,2035,12897,-974,2066,8411,-12301,-13092,-8427,7174,-16343,9808,4651,13233,-1220,-2777,15171,-4959,8578,-15909,-2358,5559,-7351
-15560,977,-11136,-1097,2058,4273,15818,-5608,15347,15710,-15556,5062,417,-10585,-14221,-11503,-11574,10260,-1762,4932,7009,-7718,3007,-5726,2107,6547,-15189,8627,-5930,9755,9082,6123,13127,-4969,7934,6637,1746,-15598,4885,1968,12969,-11969,-8422,-1450,-1626,-2477,-16168,-7239,-6533,-1733,-10951,289,674,11665,-11823,14468,9732,-15587,-3591,-3661,-1794,-10430,6306,5018,12408,-9483,-5988,-12281,-3974,7058,-13143,12488,-396,-8585,11324,4378,534
-10220,-295,15485,266,-2371,15714,-14274,8942,-2144,9819,-6305,-9395,-8350,2758,6239,-3048,-12708,-14914,15236,10227,2150,11389,4565,-1176,-9846,-16123,-3017,10580,-14644,-12007,8392,9179,-7541,-3990,14014,-8554,-16226,1517,-3162,1199,-1153,-14090,-10295,13522,9137,2370,12494,6220,2729,10754,-9843,4921,-12663,-8413,-14125,-9314,-10448,-9864,-12050,10564,-894,11907,5295,11851,4096,-11608,-10611,12575,13841,4391,280,10169,-11352,4328,14618,-11048,4182
-14464,-1734,6435,3579,9900,-12984,6381,-5518,15297,-4559,10925,4554,-9056,1602,7506,14706,-11703,7655,-2133,-4174,-5205,-3792,-1469,12461,-297,9705,-14314,-3550,-7267,10516,-15808,-11196,4720,-7706,789,-14814,-12803,-6906,12224,-6756,10119,34,6479,-4616,9530,-5817,5168,-12441,-13159,-14332,-11196,10170,2436,12871,10547,14609,-3575,3873,11400,1204,5235,12,-771,4437,-15912,8878,9147,6357,5137,-12310,-7381,2254,-10,-10993,4974,-7095,-3878
-10033,16201,15829,-9749,12928,15509,10533,5611,-2902,7800,13967,15986,8289,5595,8478,5376,8903,7878,10471,13031,15852,6388,1119,-8856,-14460,-1069,16139,-5810,-9639,-10774,-15137,-790,10143,1158,-13335,-2003,8280,-10068,-1960,8025,-9209,15533,-15181,3763,-4816,-14192,15511,8637,-10152,-10482,-15043,-1760,-6727,15855,-3101,-1309,16216,8251,-13655,-2362,6172,6402,-16246,-98,14333,4415,14285,14881,-15669,-8522,-15159,-6254,-4843,-3781,9749,4154,7494
-14895,-8468,6027,-6239,-6305,-10533,-16167,-8842,-15213,-12548,-8286,-1670,12413,10218,-11885,-3298,1544,15197,13329,15043,7120,14632,13741,-14137,-4010,4827,-12463,11659,-4186,-5408,3362,8978,13986,16235,-3744,6797,3268,-9959,-5860,9347,-303,3153,2626,-7562,-720,-11564,13240,-9864,11316,-12422,15047,13597,-7092,13639,11804,1605,-7777,-2095,9299,1508,8516,-9150,-11174,-10249,-3249,11752,9722,8843,14576,-4788,-6697,398,1009,15723,7262,-8928,-16224
4946,-10713,6364,-10517,15367,15113,15662,-1297,-10347,-10636,6785,-13510,3310,11324,-1993,-12529,14808,3989,-15257,2029,11120,15728,-5189,-16340,-8422,-100,-12177,-1899,-7924,10858,-5253,-10353,-14175,6019,3714,-4000,-3742,9995,11591,1746,9556,5273,15857,-8240,6018,-11984,-2498,8572,16248,-15071,-10301,-16302,4461,1105,14994,15974,2637,6916,-1166,-3430,15481,-1728,8707,-8831,11567,15439,12540,15213,15449,-9686,15635,-2175,-1576,9211,1621,-863,9187
-13595,-933,-1475,5717,4582,725,-13455,14408,-6189,4602,11357,-11107,-2835,-14374,9399,-10562,11607,3329,7483,-2004,533,6529,-12629,11197,-3727,5076,13531,-1000,-10905,11924,-11712,-8722,-2791,8086,8934,-1542,-12869,9060,-12514,4457,-10341,-9587,12881,13146,6792,7661,4473,7191,3629,708,-5115,-483,-1459,-13249,14994,4156,13913,-11436,-315,12541,5775,-321,4685,-9364,-3268,-14912,3867,2890,9336,1044,9933,11683,6435,11064,-7909,-1065,-8734
-7389,-10927,1513,-9319,3990,15551,2982,15517,16262,-7596,-9002,11595,1704,-14958,13229,434,12399,6542,-1271,-165,11725,16135,-14698,5788,16236,11550,-4652,-3607,-10727,-207,-13985,-11876,6698,1253,9285,2780,-8738,3175,9128,-15265,4671,13071,4426,-543,15196,-1537,15616,9436,13621,-1045,-1885,-6707,-9260,5427,2557,781,10050,-9718,6484,11887,-5418,-9888,-1344,8561,-483,-190,14571,6315,-15477,-14520,2000,-7630,13282,10973,-4894,-9462,-6998
-15833,-12854,-11594,1467,4327,4014,14541,3013,-2720,16025,493,-7625,-14181,593,-9542,-11888,2636,-12686,-8452,14645,2980,11492,-3232,-5629,-11485,-7501,6438,3259,11851,1219,-2514,-15071,-6949,10052,-12095,7045,4164,-12216,-6145,-2087,10832,-15486,-10024,5275,16053,15869,-2091,2083,9558,1850,-14294,4322,-7656,-241,3594,9659,-2877,11535,-473,11279,-5403,13516,11035,-7156,16233,-6286,-5843,-4989,-5616,11875,-14858,-6754,-12502,8894,-10449,14907,16214
485,-16066,15870,-9818,6634,4226,13344,5028,-12432,15891,13657,-10272,10397,11668,9276,14017,5653,4913,-15809,12764,15687,-16383,-10312,-11235,14943,1373,-7721,11756,9218,-12380,-5163,11611,-2893,-10400,-12957,-173,6692,4984,-1256,-8042,-4406,-328,15744,-5112,-15662,-13631,-16346,-15112,-7576,1030,9332,6139,11327,-15119,2446,7287,7820,14592,7147,-15785,10162,-3505,4772,12388,15893,6534,6628,11085,14810,-1924,-2999,-15072,8647,-6568,-6235,-2639,3224
-14484,-6584,-15971,60,11812,5308,2607,-9429,-12947,8258,13043,15441,-13065,-5943,-16077,-8504,2142,13489,4193,8833,8353,6567,7810,11474,3036,2444,-15556,5500,-10510,8220,-1952,-12603,-12154,-10967,14653,12739,-10834,-7012,8353,3738,3718,-15982,8664,-13552,-1064,5624,14540,8287,13383,-5883,14014,14929,1561,-13107,552,-10944,10765,8933,-9506,-6325,-6952,-127,12849,8471,11975,-9954,12269,-15874,-3505,-6678,15692,7162,12724,6903,8144,129,-347
-10402,12177,-11039,-3363,-4294,11268,4696,-16261,10530,-6423,8515,-385,8133,1687,2723,15607,-13347,2686,13854,14007,9154,-8136,-8649,14657,13447,-2217,-10303,8297,5035,752,-15959,14801,9255,-12448,-5693,-4982,8177,-11104,12730,7379,-9480,-14722,-2296,-3227,-12023,7023,-11427,-3278,15864,-9617,8622,-3557,7221,-16203,-4938,7394,7322,11686,-11939,176,-5840,8786,3134,4912,4076,-13476,-11621,6903,4035,7944,5561,8940,10139,2003,1784,-8496,9773
-12309,8731,6338,13608,9055,10453,10889,-14623,-8934,-12324,-15969,9395,-13866,-10953,-1148,-7423,7514,-6492,424,-509,-8898,-885,-3855,11257,11799,-9584,-6116,-1370,5633,-4942,177,13103,14365,-11850,-6536,-16084,7471,-11699,7596,1030,8778,-2157,15813,12965,-7712,1690,-13919,13719,8473,-11570,-14348,14230,14074,-10888,-1494,-15817,-4966,-9748,-3580,16227,-9133,13901,15904,4138,7965,7418,11871,14389,-5752,7855,-6603,8209,35,-16098,1288,9527,3935
-6718,-5261,3422,-1062,7150,2338,2078,15729,1762,10058,13199,-4123,5023,-1476,-9361,7997,14798,-6677,-4679,-3709,4293,-8597,14757,-3275,1328,3287,15438,-6273,-16063,1411,13893,11024,5980,-194,5236,8572,-13884,15907,-6647,-16104,-2693,16261,-585,-4618,-3640,-503,-13147,14968,4400,10002,-10965,-10162,-12568,15088,-14837,-9807,-14795,3042,1518,11279,-6622,11302,-9821,9050,-7029,10293,8706,-3847,-6157,-9773,4741,-15490,-4222,347,-14667,668,12551
9842,-2064,2685,-1206,13009,12426,11708,3640,-1805,-3163,10398,-9131,4969,-15462,12261,13005,11232,-1253,3115,8627,-6463,-9860,-12514,6376,8020,13542,12757,5372,3826,11887,14383,-8092,9407,-15248,-10635,-7836,-8922,-7995,8635,-10487,1491,-15822,9979,8691,-10813,15741,15078,8959,-1240,-3207,-9783,-5132,-9945,-7101,11647,-5990,15344,-2931,-13376,8755,15268,-10180,7421,4333,3425,7696,11240,-9583,-15487,9245,-6519,-1331,-3499,8697,11985,4763,-10127
15622,-16187,-15794,1026,2610,-12245,410,3671,-9539,5173,4448,7804,12451,6117,9790,7003,-10696,15678,11422,-271,-5360,10752,-6820,-8526,-8839,6806,-14389,-8698,6925,-13933,14373,-1086,15869,-4736,-11603,16043,14952,-10878,7366,-11722,-15084,6722,-8466,7825,4272,2324,-5354,-15115,4722,14559,13039,-9398,-15367,-9623,-4996,9879,-9789,-4142,3419,9061,1936,-3416,-7291,8730,7491,3095,991,7340,14782,11799,9906,-13896,8135,654,11739,-12698,-9440
-3390,-8315,346,2379,-1155,7967,9679,3564,-14088,-5047,-2730,14214,2446,4349,-12950,-8455,-4413,4040,1717,7671,9716,4439,-8372,-9084,-14888,-15451,-5003,-15256,403,-12102,13510,669,2976,1696,-4590,-14245,9866,6226,-3076,5467,-1283,-5516,9743,8399,-3166,-9338,12602,11169,15158,-15206,-15088,1299,815,-7216,12805,-13994,4702,-13904,11473,6704,15787,-348,4501,-13735,-1573,-6952,-5375,-4394,2045,15284,6980,1034,-3649,-1206,1086,-6788,-31
