40,
78,
14012,15004,7071,-7644,-2554,-3268,-8042,-3807,-27,2074,10924,25,-11968,9938,297,8081,-12954,12407,-16215,-5938,7534,-4781,-14987,-9788,13529,3612,-15465,-9097,-5880,-5993,551,14370,1677,-4970,-13594,12926,-15724,-13196,-16048,-5598,-13706,-5739,595,-10590,657,-3922,6981,-13416,-12031,-4871,13503,11685,8315,15973,9977,-777,6079,-5982,-15227,-9633,-9898,-2094,-8003,-6516,12606,9573,-13256,-6210,-11498,3278,4855,-310,-12424,14160,-9470,-9924,-7883,10344
1145,3201,-15752,7092,8896,11839,310,-3718,-2562,-9437,-14080,6778,9778,-8463,-7774,5521,-15097,6235,-813,-4035,-918,-2110,10137,-2237,7564,-12992,-4139,-13677,-2518,10682,15879,1635,-13393,9765,4435,-12741,-12244,-12304,-5213,743,-7747,13194,-961,2648,-10090,-14401,15054,66,-7828,-15900,12861,10565,-7718,-357,-9595,9846,108,9639,-12663,-5607,-428,9988,-10173,-7508,-9744,4313,-6903,-3147,-16190,-30,5813,6512,-6269,-14841,-15953,9496,3068,9480
1341,10571,-7269,8034,-11515,-9608,-10374,-3014,2750,8697,-11340,16327,-5423,14197,-15451,-6088,8557,-14503,-24,11129,1377,4559,4354,3782,-8224,15427,-13823,-8071,-1265,-4207,-8863,216,-9807,14372,1285,-5361,-686,-10474,-9174,3269,-11212,3452,11681,4243,7796,12999,7870,14300,15636,-13386,-3708,-9540,-9146,-4755,-7517,3556,-11117,-2243,-15577,-1934,-11700,-9653,-15180,-8431,6849,16143,-7770,14735,8290,-8508,3444,4648,-11046,5604,1473,16155,-875,3426
-9113,-14911,-7866,-1667,-6913,-841,13261,-12846,-5150,-16364,10785,13551,-1398,-5743,9017,-10314,-10080,-11097,-5957,-16255,-12824,-1198,12626,-16059,-6322,12574,-65,-12157,2148,15256,-3838,9475,16346,-3197,-1334,-7504,-2280,11895,-5102,-11010,-9828,-8799,14005,1323,-15381,-3935,12436,5246,12432,7883,-3430,14969,-15422,-5469,-9061,15806,-11548,-15444,4232,9016,-260,12796,-9898,5768,10149,12894,7268,11054,7446,1877,-12952,10347,-1663,-9355,-14462,6688,219,-3197
-2149,15756,3457,-4732,-11650,12248,3217,-1912,8678,-9274,-196,4451,-2959,7234,12170,-6752,-11787,-767,8769,9004,3870,-14905,-9770,-8499,10434,-11743,-14952,-2353,-5898,12778,16040,-12985,-12410,13113,15953,8928,-6092,-3126,-15421,7758,-7048,-5674,-15462,-35,-1665,-13067,14413,3363,15862,9689,6852,14130,9122,-12414,-15902,-13541,-11840,-1568,13654,-4822,-10774,-6321,-4901,-8917,4258,-5519,-2991,-11858,-12889,-3907,865,-12079,12563,8130,-11221,13560,-11968,8267
1323,15661,16353,13110,-457,10588,13968,7799,603,6071,13606,12157,9527,13757,-5774,9138,-4485,15911,-13959,-2385,8550,6935,-8966,-5898,-14114,-10554,9820,-13466,-7818,-2077,9825,-31,-598,560,6123,6917,13034,-8256,2369,954,-349,-5119,2368,5699,-433,-12916,-5538,7558,-15222,2872,-1237,6282,-13002,3936,-14566,-12144,-7052,-2680,9050,-7425,15822,4006,-11662,9340,2185,-13045,-9244,12979,-10213,8888,12437,-5100,4025,2644,1714,-3451,-6950,2786
-3202,13271,-11418,8710,8546,2236,-8670,-9777,-821,-7205,12624,-13956,14390,12731,-5708,1707,15033,6544,-259,-7208,15244,13386,-7030,-8137,1293,-6720,101,10443,6712,-14029,-3259,-329,1871,5760,9717,14631,-2468,-9087,-5137,5430,2176,1325,13674,6244,5678,311,5833,-7089,-9141,2529,1870,-152,-5755,-9129,6702,10053,-1371,-13135,-15754,-15037,238,-2174,-14803,-2150,5000,9146,419,13084,-13661,-8816,-5131,-9,11352,1287,-10643,2217,-9726,12534
-14434,15875,9839,13041,14385,-10230,-7672,-7618,15442,-3886,-14547,-12326,-5613,-6396,-1281,-4759,-5316,8955,-4615,-7285,8589,11220,13449,-2713,4514,3792,-7571,12667,-3307,14815,8542,-2581,-9473,-577,-14190,-10540,-4137,-8833,4051,-11569,-11329,5249,-2406,-6083,-8000,-14983,-8134,-11282,-2404,-14111,2449,1068,9737,3253,13145,3491,11222,16254,12853,12989,553,12441,-120,13459,3215,-7018,7803,-3258,-9571,-1994,4628,15849,-2800,-13646,14898,-4726,-7205,-373
12141,3834,15024,-9340,13746,9328,482,-2309,15687,-1199,-3074,9590,-10758,-11231,3894,-5786,5974,2722,2428,4222,1169,10152,-13609,13261,7306,7732,-7747,13495,-15480,-2718,-12911,-14351,-8636,9157,13997,-10222,-11251,-2052,2579,12235,10794,3864,13141,-3451,-11176,11216,-15513,-4888,-11552,-5950,-1130,12377,-2273,-1222,-4564,-6609,2502,-5711,12825,-2315,9305,6095,-7575,-11809,-5792,-7677,4264,-6059,-1472,-1133,15009,6895,10934,-9906,3852,-14806,-10643,-7380
14013,-3225,11787,13875,-15747,-39,-2352,12695,364,-12093,6453,-7250,5248,8801,-11689,15820,2433,-6111,14521,-12993,11122,-14741,-6794,-1616,-8932,15006,7592,-11970,134,-12953,247,7344,15875,2007,11975,264,-936,-13526,-887,-7350,1043,-15626,1229,1926,12256,1022,-7934,11895,-12241,1527,-2795,9429,-7019,-4145,-1650,10577,-6375,3734,-5503,8094,10256,2391,10415,-14129,-2029,6159,-16184,-5200,-14022,-13660,-11493,-5578,-1631,1955,9276,8236,1563,9658
-12246,-8177,-9806,665,-9278,-1390,-12820,4524,2638,-8588,-1416,16057,11163,9991,12425,-8945,-5018,849,-860,14438,2039,15091,-5340,-2706,-5269,12664,9295,4321,1079,10599,-5776,8966,7499,8151,11158,-13964,-12769,15461,-13432,7686,2323,-440,-5736,-13657,2541,-1639,-3306,-4125,5663,13992,-16319,12783,-16280,15244,9695,14107,-14134,7519,4696,9979,5194,-12252,-7229,-2261,-4553,-13834,8539,-10959,-2631,13766,6503,1165,9203,-1991,-8280,356,15098,15413
9282,-14248,1344,6930,5978,3921,-5330,-8330,-885,11,4723,11623,13094,-8300,-14779,10566,1833,-9194,-1291,11426,10511,-7465,-11496,3561,11262,4510,2422,-4083,-15923,-10939,-6307,-47,14788,-9997,11241,-15160,-5854,11024,5940,-12920,1342,5598,-86,-14851,-16212,9323,-12227,-12490,-15095,11453,2926,-12256,10231,11576,3477,2824,10321,-12172,-9305,4697,-5329,8229,7748,-10474,-9027,-13026,12298,12141,5403,-6158,7914,2132,5122,-1634,-12866,-8635,-4557,-14639
13365,-3185,339,-15490,-8476,9798,5294,4866,-9321,-7341,7751,6547,-103,-5173,-14860,-2193,-7302,7931,-8090,12664,5699,-13846,5882,-10727,-5611,-6261,-15656,-15440,-14188,12300,-7842,-9960,-1211,14086,12398,24,9736,-12073,14414,-12410,16164,8532,-1528,-2751,-9710,8778,-3948,-14431,-8622,-11966,4576,-2414,-7701,-9514,2695,-6634,9462,-6988,-14949,14210,1124,11892,1734,3644,-1525,-7818,-4352,-10119,-15222,7004,-3130,7793,-905,-14858,2235,9208,-8219,9357
397,14818,743,2483,5962,-14556,-9265,-9449,13256,-817,-14488,-15200,-14909,-14773,-9056,360,6277,1711,13116,1372,-15874,1165,3255,1697,7782,2612,14989,-2261,4274,-755,14424,-1820,7709,-7329,13995,-3924,-530,4392,-16209,-6456,14975,13364,12428,10360,10868,5746,-1123,-7778,9407,-7348,-1308,-10026,11873,-9296,-8547,-542,-5543,-13058,12733,-6103,10819,976,-15626,8716,14288,39,-4605,-8869,-3103,8969,-6940,11194,4134,-1178,-14614,-4979,-677,-15149
-14954,14854,-15603,-13343,-6780,10441,-1550,-9516,-4934,3169,3080,-10597,-13719,6605,-12668,8899,-1233,7240,2940,-6098,1207,-2395,10229,12091,4084,-12215,-9093,-12315,3113,-15396,-7760,-7199,11485,11409,-10735,-5465,-12741,-4237,-12161,3470,14934,11634,-1136,-5088,8974,11920,15624,-14917,-8539,-259,-1318,-12284,4966,2021,11455,3082,10344,5501,13060,7579,-4995,-4726,-13041,3582,2708,14764,13289,-8631,437,2482,-538,-4519,-11273,-10397,-1583,-10701,8490,12739
14971,-10925,10683,7263,515,-350,1642,2891,-8211,6364,-8329,-12523,-15394,7283,772,-14876,-9378,-6814,-15313,12602,7659,7747,10535,14872,-13526,11451,-2387,14689,-9099,-2080,-1106,-12529,-12685,10744,10271,-11124,7549,-13284,11837,1085,5009,-3570,-8778,8492,12828,11186,10869,16326,13947,-16233,14406,-14570,-3200,15487,8106,13443,-14421,-715,-5444,8058,-12241,10487,-13699,-12239,3412,-9986,-1780,-1062,-625,12182,4341,1396,-10414,11149,6496,13482,-12994,-6386
15248,-12540,-3075,-9564,3745,16244,-15058,14368,3955,10509,-10866,15738,-5791,-15085,12316,-13010,1050,6110,14947,8662,-14744,-13039,5219,-15250,-10402,-12649,4107,15827,11346,2611,-4214,12499,13235,8358,-5589,9194,-15257,12659,-9430,2497,11412,7736,-5891,1420,8184,14987,-9391,-4064,5497,938,-12584,7272,-9304,-10124,-547,8755,1027,8664,-9590,-5513,231,6957,-3001,-10782,-15773,-4884,-14838,8153,-14529,14468,-13510,11925,3097,-368,1688,-9774,-12528,-3140
5385,-1850,-12503,-5671,8373,11857,12382,-14251,5264,-10504,-2080,-2567,3779,5693,-1985,-12920,1019,5575,13876,-8837,5013,-1375,8407,-3553,8758,-7632,3594,4014,-11994,-9068,-11878,-12958,10632,-2837,-5063,-6933,-981,-14944,-1706,15385,-4525,-12506,10342,4089,5691,-2964,13652,5608,-1945,1636,-10747,-16224,15436,-1205,-9218,-5066,8102,-14784,-8392,-14289,-1798,13727,-13352,9030,2509,14700,-10471,-1814,15571,21,12607,3603,-7596,-14934,-8084,4761,-16145,-1155
8792,6205,12447,4268,-10072,-4245,-10413,-12298,2316,-11716,-9793,-7762,-7998,-16353,-2518,13608,15148,8593,8124,-9668,-9685,11739,-4836,8713,16020,-13653,1827,-9687,6932,6513,15902,-365,-13328,-13314,-5856,10190,1572,4966,1031,-8348,6983,12609,7180,14256,-10286,3560,14776,-12381,5728,-11310,-8018,-270,14030,-3267,3614,9053,8555,-9444,-12965,-9968,-6142,-9678,1007,1269,-7403,-4825,-3928,3972,2006,-8917,9245,-13636,-11331,2947,8703,-15003,-6260,5105
9896,11517,-4736,15243,-7152,14023,9918,-10214,-4385,-16063,-8673,7425,5884,-13086,1754,15257,13771,-2072,-4211,-8592,-5788,-1748,3534,-14018,-10024,-14823,-9185,-3329,5570,-5550,10270,5065,-5291,-8751,15231,-7790,10397,-11639,-5124,15195,7685,15273,5463,-5458,5825,-12654,10101,-4890,15641,11162,-3192,-10512,-5392,-2070,4131,12346,3674,703,7497,-1680,-225,7884,-12686,3418,-2080,-6734,-3626,3227,-6813,6673,12525,-6907,7521,-15653,8612,-6020,-7230,12013
-15086,4012,-15043,9415,-14620,-466,-13604,9582,-11750,7240,3713,8808,14132,9778,2380,10222,-2716,-8995,3993,-6929,-974,1674,8747,1956,-7109,-10667,-11492,-12548,-196,5801,6327,-931,8095,-8260,737,-14011,4345,13493,13330,-2734,12787,3645,8895,335,11660,6141,10995,10044,9181,-5491,3475,6037,12259,-11508,1318,-2758,3437,-11752,4948,-5067,-773,9472,-7185,-15691,-11883,-4276,11134,-14945,7159,-8092,5867,1642,-6200,15458,15543,-10442,-1516,-356
12993,-3742,6844,9191,-10279,10358,-13676,11513,-7918,-11411,-6599,9399,-14579,-1759,9825,-2205,-10720,7850,9581,-4008,-5151,-4694,-709,9007,-8903,4249,-1939,13722,-4920,9982,-16284,-14581,8603,3485,6780,10752,14142,8723,-10366,-6874,2895,-8866,15250,11754,11446,14571,-13676,110,10657,-2362,9714,12777,6283,8145,-12557,1832,11708,-976,54,16268,-9908,-5062,14692,-12092,14796,-9732,42,5157,-14368,7377,14275,9265,-1467,5354,-11075,5397,3125,-13716
-5426,-12936,-9137,1858,-15885,-567,-5693,-1951,-3452,5257,5715,39,-13457,-14056,14156,-16196,-7588,-5722,-12013,2602,3012,-14104,-6891,6751,6725,3116,-4662,16134,6231,15452,15223,-4855,-13337,6592,-7738,-5036,16254,-10793,2097,4672,3481,-189,-14089,14027,10648,4325,-256,16165,1969,-8270,5868,16104,16047,-14186,-10729,16102,-16379,-2322,-2109,-7579,13457,-8860,-12637,3733,6518,2649,10239,9762,-7141,9197,5062,-932,-15561,-14064,7601,7392,4911,13024
-1168,-7988,13449,3402,-11262,-15577,9219,7253,-627,7569,-6886,-8388,15172,-13454,1650,1541,8052,-15626,-5743,6684,7128,-9622,-7218,-7621,-4876,-10132,327,-16214,-14964,15473,-7458,-15164,5278,-7257,10244,3542,8731,-1635,-3098,-16159,-3722,-13144,3691,3613,-9180,6141,-10336,16294,352,8269,-2407,3509,13857,-702,-12385,13596,4818,1747,-9419,-11214,6716,10767,131,-2746,4075,-11709,3095,4197,-13832,8953,-1790,13944,-7055,11567,-16129,7950,6828,-4214
3952,-11664,6439,12993,-8295,9227,-15388,6154,5403,-5304,8597,7562,15114,2131,-8472,12945,15743,-12770,-2123,-1156,-10916,-11735,-4376,10691,2071,2489,11485,-14743,-5859,14028,-1639,4403,-3276,-10852,14745,15897,9937,-10999,4541,-1775,9797,-11760,-3749,-1258,-15002,7053,13563,-15405,11091,10994,-4735,-3637,1747,-14497,11178,-813,-15905,-8341,-8413,-10224,-6549,-9670,4700,-12444,11419,-11060,-2218,9758,-5935,13800,-5695,-1248,15136,10348,7573,1571,-10343,16010
-12493,-9256,8070,-6763,-1129,-5890,15460,5060,10326,1842,-10302,-4278,14388,12649,-12309,-14943,4219,-2845,-11991,-11569,-1043,-12625,7656,14305,-2664,3928,-15626,6686,-6092,9294,-16061,-2107,-5411,4779,2118,7490,10840,-3661,-6137,-1385,8543,14893,14179,13691,2282,12202,10315,8405,-12855,-14895,-7903,7364,-2643,4296,14101,10212,15189,14170,15258,-8357,-14053,-10096,-13421,-4299,-7135,1181,11409,12494,-3586,-12963,101,-8088,8588,16060,-1792,16306,4535,-7747
3721,7467,-15355,2409,6695,-14910,8782,-4712,-11006,-9624,-15641,-14336,-6843,-10402,-15250,-2046,12393,8453,7261,-1036,6812,-10516,4969,7845,13730,3085,-3119,1550,-6068,-13133,-7606,-8601,1914,8813,-3371,-7282,-3739,-8180,11726,-741,13829,525,6867,-6321,-3834,1855,6675,9004,-8087,-8936,11774,-11899,-13803,-3653,4441,-15085,9974,8794,2904,10971,-10061,-16053,-3553,-15380,4758,-512,5180,-7069,-2659,-8654,2659,10742,8653,2421,-10854,-7048,-2292,-478
13458,-9509,-10813,-11938,14186,-190,16321,2282,9490,9918,-8840,12536,-15339,8697,-8915,-2459,-14037,1735,-7302,-11947,-856,-4405,12720,-276,9410,5967,8136,-2438,3993,-8954,-1531,-15577,12764,-8806,7355,2263,9729,-4759,-4757,-3469,10589,5778,5306,14892,-2600,5355,10638,-5329,11172,-3420,-7777,-11401,5638,12120,9882,16228,3176,-9441,-15781,16319,-1985,12828,10344,7539,10969,-7866,11935,5200,453,-4667,-3116,15794,-6685,4734,-10634,16266,-7189,9824
-11090,-10561,1599,-5989,-10174,7234,1411,12751,-8841,7458,2742,9177,14920,4380,5890,-14105,8381,-14203,1787,-15583,-1834,-4007,-7885,-11740,6045,5498,-9904,3174,15630,9907,9497,-205,-13702,-1159,3510,-1641,8499,3502,-8212,-5771,-11772,-3762,4040,-8451,9403,-14159,16133,-11318,-4362,13592,8451,15139,-9834,-10193,-4942,-1305,12273,-14718,-14487,15448,11894,13245,5329,8428,12317,12874,-8311,5400,-11862,-4479,14544,-10680,-2014,-3836,14171,10753,8570,10567
-12922,-6484,-2529,15575,11756,8076,523,-3685,14547,1047,-4053,5307,-10190,-766,-3299,-12765,10253,13364,2456,15377,-12494,-14255,10214,-15248,-1403,3973,-15751,5268,-3799,6904,-11414,-11569,-814,6865,-8363,15394,6966,-4280,-13729,3574,2597,-718,-11144,3402,-4898,-11965,-12209,-12308,-12266,-12316,-3185,-1243,2316,13504,-3724,-15713,12756,16296,-4603,-11239,2600,5654,-14335,10528,-11216,-907,-15678,14174,-3396,-3842,7461,-9551,-925,14151,-1763,-15772,-3107,7720
11446,15095,1680,6351,14095,10022,6297,13369,-8041,-10075,10649,-7089,15929,-967,-14309,-12725,-6038,-11095,5255,5974,-4045,-6820,-9687,8477,-13684,8249,-3367,-554,-12982,7146,-6815,4244,-8468,8126,-9520,-1692,-11560,8913,11437,-10158,15811,4811,9168,3615,-7417,-8173,-1926,-8601,3908,3499,15863,7904,-10357,12354,5793,-5590,-12095,6160,10542,-6920,15385,-3626,-2577,7323,-12753,-13488,-6573,13176,-1648,7639,587,-12655,3215,-10927,6803,6837,-16254,-1043
-14865,12537,-666,2242,-2267,4378,10366,-13637,12709,6597,7814,12613,2492,-3936,4538,6253,75,6306,8609,5595,-9951,-5360,14158,-8348,-2160,2053,-3625,-14488,-15267,7000,10170,3113,8452,-4813,-3073,-6616,-15939,13257,6652,15217,-7027,9741,-7951,15427,-12200,4090,14152,6869,2641,-13752,13076,9651,-12227,-13991,-7202,-14838,2252,-4191,-1210,1579,12772,-5124,16127,12268,2996,10949,-15684,12898,14120,3741,-10659,-4782,7030,7950,5602,3957,10720,9713
-14119,-7485,-4142,10101,16174,11658,817,913,8127,-783,-2797,3215,-11554,-13182,-8073,3421,11543,6264,11748,5093,6184,-12888,15435,11250,-4143,-4619,15978,3981,13916,8323,14045,-9529,14340,-5144,4737,11321,9592,11648,-581,-13100,-12229,-15627,10755,10328,-4578,15839,16169,-7285,9624,-5430,-7645,-11364,-6100,3247,6576,14355,12085,15959,5128,-3814,-8760,15694,-14351,-3213,-2980,6976,-7786,2799,8758,-2255,10668,13451,2247,10468,-239,2723,14376,2614
13789,14533,-12715,1845,-3588,-16170,4760,-1646,-8557,-1062,-6928,5667,11588,13840,8634,10599,-5192,-2730,16312,2607,-3105,2087,-1047,-6783,14607,-9931,-5086,-1456,-5529,-9083,-6361,-3380,6982,-8716,14989,-13576,-14690,-2801,11066,-9137,-15172,3959,7763,-11681,13061,-11833,10996,-7178,3306,-12221,15632,-15264,-10486,16169,-5919,-4458,6168,-15162,5619,-1158,-8593,4370,5919,-10622,-13087,11015,14709,4103,4862,11828,-16356,-12460,-4949,14441,-8127,4151,-6418,-7401
-1651,-7550,14795,13715,-15616,6329,-5250,-4410,-6491,-15065,-825,16191,3870,-14788,-1764,-6296,12458,-11501,-5668,15552,-8519,-16132,-13801,8116,-15926,-580,10515,-7934,13657,9536,1808,-5206,13063,1161,2295,-8184,2919,4773,-7431,7292,-690,-5787,11613,11736,11963,-5747,8306,-9428,-985,-9810,-4827,-8258,-120,-1608,-4638,-9623,5470,7441,6516,-2398,-6471,-7145,-3184,-10289,6047,4876,-14257,-1403,-3439,2532,6317,-6022,-2021,-2579,-2462,6662,-7363,9053
-58,4807,11639,12772,12566,3287,-7041,7739,4946,-14909,-13818,6486,-11156,-8999,6910,2467,2069,-337,-1383,-13887,-4847,-13183,5459,-9241,-3006,-7797,-14629,15230,15275,10552,-6350,-3323,4907,15591,14383,-2077,12267,-16322,-4731,9295,6439,4602,11685,-3346,10901,5730,-9957,-8963,-15588,12110,1588,13470,-15878,-15309,13739,-14436,8641,-11749,-6128,-6047,1829,-4748,-12873,3805,6230,11603,-5921,-9675,11050,9811,-8240,-12697,12416,2392,14884,308,-12201,-14993
-13975,-4522,15258,-5327,13993,-11221,-12307,14686,11374,-7403,-7305,-2958,13689,-2803,-4303,-1743,-11062,1062,9624,-7036,2525,1725,-9145,-338,12369,-10472,12176,500,2219,3434,-5659,4543,-5133,-2589,-9704,13896,5755,-14329,8021,-1940,-14339,-489,-974,184,5371,-8246,15874,-5584,-9326,10974,15364,4726,-14351,6816,-1398,-10806,6327,451,3414,-9667,-10222,-11303,3397,-2123,-6266,-11636,14753,-6425,13313,2702,-10979,9573,-3608,4278,-7677,1945,10449,530
12854,-11668,5325,-2975,-9042,7870,3942,-10947,-10075,262,7869,-1332,-9082,13916,10705,13588,9262,9743,8213,9024,12779,-926,-1965,-654,-15578,-4186,-12792,-8681,4258,-15939,-15454,12907,-11410,-14814,-9350,6836,3602,14259,2792,-9031,-8272,4269,12305,10869,-7202,-13087,6840,4759,-12250,-7115,14520,2106,-7195,-12771,5719,-3725,3157,7373,16033,4922,15324,15141,-7283,6707,-14098,-9339,-12739,-5606,-13451,13078,-8412,8013,14820,-6574,-8050,-9879,-15197,168
77,2137,-5548,8319,-15583,-3026,-3778,-896,6942,15750,3354,5752,-7529,4757,-11343,-2533,9984,-8263,12359,-7281,16139,-7521,11429,-7088,11196,13710,-5704,10708,-4437,-5186,-533,10336,6588,-14750,12599,-5975,1708,-12919,7933,-10820,425,-1361,-3556,-12854,-9658,771,6443,15478,9950,486,1861,7825,774,-7735,-12308,3024,-10938,-12384,-11065,10473,8151,-14401,16243,-1876,-16286,9025,-5434,-11922,-2938,-3775,-12956,15448,9910,-5640,-6558,4580,-3652,-15578
-6251,15314,-13074,2591,-10755,15369,-13414,14192,-4808,-14173,8189,-7559,-16313,-9484,8235,-13054,1161,12771,2257,-14205,116,10318,-9657,-8142,14650,-12695,-14321,13925,-543,6156,-557,-4006,-1524,9995,7172,-15543,14953,5259,12178,-4496,-14487,3812,-1069,-14146,12175,15616,10544,-6866,-2008,-7547,-3848,-5241,14595,14826,8638,3759,-6033,-13238,-1179,7233,-9635,-6766,9757,8163,-8741,8846,4902,2378,-15567,15635,1779,8670,-9334,14237,8011,-12091,430,2145
