40,
79,
-12182,-11998,-5097,-10613,-298,-7412,-6212,-16279,8450,-9630,-11509,-14047,-1285,-7615,2535,-2138,4086,11314,-6934,12781,13435,-6780,12022,482,-7471,-3731,4571,6434,-8070,15112,-8414,-2300,-1790,-10364,-1531,8564,15019,5513,7668,-7236,-16060,8975,-5054,11896,8328,5454,-158,-7202,-2790,-9371,6885,11346,14843,3026,-10,-14531,-9190,-1190,8576,-9748,4771,-12168,-8461,-334,14816,-4086,3600,13739,-12719,-2976,13733,15586,-10089,-407,-5937,-12897,182,-1341,-3261
10221,581,-6636,7374,2993,-1388,-2678,1336,-1212,2556,-14059,-8485,-5051,-1660,8317,-14995,14427,-10019,-6677,7741,4271,10333,-7080,4394,-10341,16283,13802,-3774,-3452,12891,-6839,-4574,-10274,-453,13404,-2298,6990,3957,-14041,5546,3418,-10912,-12023,-5175,6158,9451,8168,5428,-10211,8563,-9864,14787,3815,10906,-9728,10516,8119,5117,5301,-9214,-1995,12055,-5236,9367,-391,4116,-5187,5257,10792,1795,10089,15326,-12288,7889,3627,10163,-10999,6378,9258
14926,13456,-12121,-13591,-14096,-13039,-3494,-10821,-8279,14235,-3564,-14300,1719,10806,14920,4095,9972,-13001,-12688,-8923,7498,11533,2721,-15138,6061,11073,4971,-12215,11708,-6295,1293,-76,-8109,-7019,14871,-895,15603,-7378,13281,-9575,12628,-5413,14569,-15011,-16289,6432,306,-16137,-4777,11135,-4747,-5943,13064,13158,-15096,-9083,6584,-15408,-3181,548,-1663,-375,7300,-1021,5977,7028,-14045,-9797,-4106,-8522,-605,10339,-1867,11872,-7448,-12364,-2733,-7852,14877
4469,-7029,-11539,9832,14109,16122,-11040,6305,15439,14381,-7404,-1243,11590,6984,-5190,-10315,-4886,-9229,4390,14476,15573,15458,4855,-801,-4669,6670,-4763,-634,-10763,8922,-10228,-2478,-15825,6339,3556,-3486,-5294,-14386,2479,4328,-5374,11446,11873,-10697,9168,-4352,-10361,-12227,14205,-4717,12160,-9410,7555,-13839,12576,8797,871,-9113,-10392,14934,-9342,6696,10914,15256,-15266,14390,-9723,-12519,-9171,2419,14226,14279,-10510,321,10272,15082,9428,12087,2173
10502,9121,3215,-5101,15830,1650,3856,12264,-4550,4659,14035,10623,9307,-15276,13680,14896,-6650,-8430,-1067,-14528,-1198,10376,-11127,-11888,3433,-14293,-2654,12785,15214,3107,5343,13718,-13696,-8805,-16238,-1148,-5475,-15667,4441,12386,12824,7878,-10808,901,2981,-6437,-1938,-11031,2078,-8226,-12684,6391,-5508,15920,4051,-8609,8455,-12333,1388,-12710,-11807,-10720,8026,4348,-1438,3305,-8626,-15483,13316,12874,2920,11013,11491,-12739,-4786,3795,2272,1565,-16339
15230,6587,2780,13406,-8211,2008,-13878,-11094,11722,5594,-788,-14017,16247,-8110,-3064,6007,-9348,4386,12311,11165,8033,-2148,-3814,-9904,2736,2409,7853,-5482,3042,1228,-9617,-1183,2302,-10705,-4839,-12286,6455,-11117,-10498,14901,-7823,5041,15100,15057,13879,7623,-12431,-2187,-3234,-7884,-6657,8632,8692,4698,-14959,8128,-8957,12731,-11518,6391,-793,-1979,-10384,15683,-9291,13344,153,7170,6009,-2083,10293,4001,2784,-8399,-10408,-13263,5208,-2237,-14114
9747,8120,-12638,-7258,3971,-10034,5252,12054,13724,-7694,5738,-14159,-15645,-15663,8488,8617,8920,-4475,11113,-7025,-12694,-6244,2492,572,-2782,-1495,-7263,-13872,15415,-659,-8398,15426,-11150,-6742,-10590,9130,16195,4787,491,-11008,-12911,-12286,336,5541,-2076,2051,-2131,-6958,-778,-8279,13477,15078,8555,-11187,2233,-4298,6627,-12556,-11765,15226,8063,12854,-16014,-275,-10951,-646,14214,13729,13133,-912,-924,-12,-8203,5688,1801,14193,13119,14860,10772
-6898,-15389,-12630,-6189,9238,-3536,7446,479,10786,-848,298,-5440,12587,-6473,-8556,15309,-3346,-16204,-11116,7119,5899,-14495,6795,-5222,13857,1945,15946,-15445,-6804,-6242,925,9810,4110,-9655,-5283,-6287,1952,-9898,-579,411,-10716,-14801,13557,13936,-6648,1989,2048,8143,4264,-7433,10065,6151,15378,5778,12101,-10496,14394,-14506,-15553,11605,-2814,12923,6886,13360,807,-13299,13213,-7230,-14774,8648,11461,5876,15887,3931,5253,2221,-5138,-14774,8402
-1056,-1194,13855,10510,-12849,9056,-10284,-3229,-8027,15195,8774,3508,6446,-6568,4569,11252,7845,-14066,7118,-5728,-3362,-13983,-14386,-5837,-3677,-13834,5247,-4853,-9733,-6192,-4,-5945,9012,-159,8545,16016,-10565,-10369,-15755,-10031,-11564,12803,9683,9262,5367,-14474,-4241,-15549,8946,15747,15168,-16118,-6169,-11243,1317,4370,11516,15993,-10264,12297,3075,-2967,-3371,-13651,4749,9575,-7149,-9731,-14069,-11043,-12966,15757,-7048,-7126,16322,8205,5074,249,8356
-11734,12920,-7837,3557,9026,9963,1096,-9887,-7207,13657,-14351,-6090,6115,2516,5458,-990,-7728,4510,4663,12587,-8225,-5391,-13717,6019,-7724,5277,4352,1655,13179,8343,1792,3791,6059,-16034,-12861,4740,1257,10188,1752,12509,-8127,5102,13589,-6453,5428,-8593,4365,-6129,2456,11302,-8312,-16134,9123,-2333,4379,-10604,-9283,16367,15838,4249,5386,8832,-10045,-6192,-4321,8138,-3152,5293,-13384,3012,-11980,10394,-3772,6694,200,16275,5339,7425,2743
-15538,13092,-2661,2855,4084,-10845,90,-6521,-5634,-838,-7849,1001,3553,-2569,4274,-2217,-14967,7816,15429,15411,4613,-10522,-7337,15245,-5861,14996,8659,2438,9296,-15356,-16028,-1549,2568,-2949,7192,-10216,-10851,-2025,-1839,-9212,-9234,-10105,-5281,-355,-3244,2447,1283,-7036,-2361,-4483,5659,10772,-14310,-5727,3590,-3113,7970,-15280,-14951,15288,9976,15730,1051,-11076,-5777,-13129,-13411,2366,11088,410,5952,11236,13,14835,-12962,11963,-16141,-7739,-15815
-1219,-13797,-35,-2110,8245,-9536,-3736,-13103,5981,-15084,-2554,650,-187,-8025,-3934,2714,-2131,-12869,9611,-14553,14518,7892,-10166,12265,-13299,14591,13119,-11110,4339,12300,14027,6832,-615,11161,7799,536,-4787,6627,-11032,7815,8896,-14904,3119,-14196,-15377,-16195,9191,2614,12400,-11789,-435,-12084,-5739,-1091,6897,5960,-12070,-4366,-13408,14930,11549,2493,-14585,-3995,-3832,6561,-7590,-5385,-12197,-8469,3720,-3595,-11504,1243,10842,-12118,15188,-13544,-5421
8383,-14922,6567,-7669,-250,8737,-4262,-7852,7513,5254,10954,-1050,13814,6904,-8785,1337,-10312,-5505,4645,668,15301,-2897,1589,-11601,11766,-15882,-3746,-16301,-3744,-13385,-13771,-15123,-206,-3180,-4891,-3964,-6459,-3338,-9463,-2910,12546,-8083,-3781,-12482,16001,949,-11641,533,11175,-10331,-11687,8215,9796,9716,9070,-11165,5796,15525,-11765,5093,-2458,-2793,10724,9585,4930,5027,4296,1946,-6059,1248,-6812,-3379,-8637,-6637,-15043,-699,7524,-2153,8462
2741,-7636,-1001,13250,-15213,-3859,-16041,12077,11881,-15356,13515,-4423,11188,12603,-9919,6469,-7092,13254,-11176,12261,13485,6125,6164,10228,172,1228,-12272,13640,-6568,6088,5854,5850,7804,-8780,9258,14699,4301,-10650,4539,-12990,1381,10025,-14635,8170,5436,-4083,13091,15699,-7601,6397,-4259,271,-6617,-10704,-11824,5610,8024,14015,1054,5683,-15307,-4759,-14324,-12653,-1461,10350,7032,-8385,-5664,-7949,-6107,7329,3538,10756,-8245,99,9378,-14430,7305
12201,-9824,3937,-1829,-13593,-10527,7723,-10033,-13095,25,-12541,-13782,-8441,2650,-2116,14509,14894,-2822,11830,-10326,6826,-7684,-14154,3303,510,10496,12318,-7103,-13495,8096,6203,7457,-10153,5421,11564,-5601,1466,-11640,-9459,6947,-217,11847,10127,2107,10777,8267,-882,8289,9610,293,6154,8982,-5158,47,2272,-5690,9744,12786,-368,3266,1761,-4679,-707,9213,6534,2751,-3881,-1104,-15491,2168,-15269,2963,13161,-3737,5471,-9912,-15051,3143,-3735
-5823,-3845,13000,-9632,-12522,4941,3819,14907,-2906,6318,10281,-2391,-16147,-7457,-8213,7528,-1653,3511,-9879,-9264,11,5763,15642,-4326,-11282,-4765,-7732,-8921,5181,4880,-11174,-11315,-1090,-14690,7518,777,1256,5352,-7309,-10230,14585,9721,-9165,-8854,16140,-2467,-14288,16311,-1316,-11064,-4764,14255,8243,-8650,-766,-299,11124,12581,-9926,12652,-4790,-1748,-2476,-9140,-14019,5390,8322,4979,-13588,9118,-11680,-7957,-9820,5618,4260,16244,11042,2011,3785
1354,3995,-3783,-15659,669,-12078,-7091,-5652,-6471,-4448,9364,12687,-6293,8580,11753,-8998,-15883,7784,10884,6115,-1982,-205,-11389,1339,13117,-13167,7260,15134,-1615,4818,-4704,362,5293,10470,3325,9982,-14552,-1269,-12423,-5592,-15832,5848,5601,10436,-11417,-9632,8565,-4338,-6379,-4629,14064,1304,-15546,-101,-2800,12465,-107,-4823,4587,13653,-12191,-2200,15997,-15110,-11098,11067,148,-8812,1832,6760,-1685,-13207,-5172,-1514,918,-9093,-2089,14005,-6437
10770,605,2791,5120,-3494,-9256,4190,-12227,-11238,14541,-9716,9894,-15398,-5470,-2261,-1117,1725,-12573,3889,15333,8331,-14770,4715,5682,-3625,9557,-10786,-14240,-9762,-12592,593,-7484,11780,-14131,-8559,-8785,-6116,-10779,-2657,-2153,-10702,-11889,-12882,-15586,-13919,14573,13466,-14148,10673,2685,-7125,12233,8283,8311,10174,4848,3031,11854,-13704,-9994,-7076,5544,2112,5303,-11693,6867,4406,-9370,-7850,5333,10814,5213,15154,7662,-14168,-704,-12127,-7729,10720
11536,13375,-4633,-16381,-10322,-11911,-9770,-9290,-6965,3618,-15553,13330,-7575,11514,-14760,10909,-1210,2073,4135,13313,7480,2700,15194,2726,1685,-7982,14861,-3615,-12160,-7005,-3142,12127,-1224,-7605,5799,-3106,-16129,3344,-11201,14555,10013,-12724,15419,14030,-11217,14380,-16014,3506,-2378,-4274,11092,-2382,7107,-8486,11196,9340,5209,9859,-14777,13844,15771,-13727,-376,-638,11408,5743,5187,9644,1257,-11284,5292,1330,-5517,647,11400,2339,15649,2134,13782
-9963,-5023,-15157,-12673,14391,1384,12715,7571,-8114,1653,11114,4409,-1251,-1261,2454,12425,-7454,11288,-12975,-11524,-3808,-11370,-3806,13067,-389,8989,9849,4313,-9750,-1113,1391,14459,-202,-959,-11125,-5650,77,4369,-12974,9404,5129,-13732,15942,13171,12173,13018,-8695,-6747,8222,1199,-15240,6530,9355,-7834,12271,-11658,7226,4946,11715,-14143,-12082,-6588,-14600,3791,5022,14428,6029,-3117,-168,-12419,-7930,12254,-65,10582,4876,-7738,-2922,-3488,-3902
5756,9034,6742,-5569,4285,-14823,-2189,-8227,-599,-10734,8607,11557,14613,-10522,3596,6036,-6972,-12122,6459,-8440,-3612,-3540,9019,-7200,-14262,-13443,-11963,-7978,-9417,-15227,-12571,2101,7626,12358,15899,13965,14519,-3965,4897,-10595,15311,-8092,3718,-12062,2706,-15565,11538,-13619,-10722,13892,6990,7361,2555,1699,11984,-14180,-15706,-2162,-4739,4367,12847,2688,-12939,3415,2837,-1821,-1699,2468,14929,2741,-14998,1498,-67,-15563,8714,2231,-3086,-4194,-11510
3873,1782,-817,-10048,8011,-12886,-16088,6559,-6309,-12254,13314,-10539,-1569,2667,-16026,917,10425,1194,2569,-11649,-2970,16125,-15562,-12758,1460,-6257,16155,-655,-5491,9033,-12841,11189,-13200,3482,-7818,-13515,-14393,6715,-5553,10937,15083,193,-2163,6184,11464,-11013,-3675,-3488,-16258,-10321,6923,14496,3425,-10578,-2031,7573,7284,-14515,-5192,-13377,-13927,11246,-10964,-57,15348,-5854,9165,-6704,-710,-8362,-10686,-616,-14175,3073,-8383,-892,-138,-6243,-15968
-16035,4458,1482,-4505,10147,2934,-5163,-10151,-412,7885,1103,7651,1857,3894,3928,14389,4780,11965,-8078,-14655,7167,-1849,4603,-16163,-5081,-3683,-8074,14218,3779,7090,13951,12711,9776,5023,3085,-579,-2323,2803,-15441,-5656,-15458,1157,13893,11595,-5509,5726,-7876,-2066,-5485,6274,-4829,-10397,4093,-23,2349,-10089,6362,-3596,-14270,-15256,-3831,-14838,3329,10840,-16206,12410,399,15473,2606,-12904,4467,1452,8386,-4478,6100,-16150,2652,438,8974
-8810,8362,-2444,4999,-10337,-14390,1328,3210,8941,-11856,-5503,9123,5706,10392,-3906,-14295,-12409,-721,-6874,-4660,16209,-13861,2201,16178,-10220,-13068,-985,-13965,-1949,-1908,-4450,3987,-9187,-13646,-14467,-12278,5700,6330,8431,4697,-5418,-12861,1357,-15441,-4775,-12333,1665,-6407,14714,15520,5449,-5650,-6182,-1520,1841,-2277,-914,-3867,11883,-9551,4676,7116,12007,14337,-15019,9969,-6432,-4388,-3776,-3713,3786,12623,12986,5363,-14850,6950,-11600,4718,14421
-14960,-15589,3670,273,-10345,-3901,-12116,8307,8981,4817,10402,4427,12405,-14955,-1487,-6409,-11789,7441,5135,15214,3679,16133,13713,12184,-6481,-7097,-4114,-9790,11563,-16362,-13513,-10163,9606,-7669,8092,10565,15292,3533,-10477,3985,-8432,3804,-12683,-9657,14352,5728,-5931,16296,9902,-9916,-12204,11184,-1867,2975,-13261,-2673,-3773,-15331,-15045,3657,9490,5775,-4300,10951,16307,-1852,-11101,-1107,6258,-9869,-8253,-14980,10545,14790,-2939,12201,-16048,14252,-3545
7509,11546,-11197,-5673,6421,3880,-8149,7110,15342,-3605,-6516,-5834,-14043,-7339,-16035,13769,-6957,-12289,-15729,8836,-13316,-8550,-15444,14917,-2339,1423,-16158,-732,10797,15424,-957,-7018,8242,7366,1961,-12883,-7487,-14393,-16319,15690,2929,-501,-9202,-8229,-6090,11110,1254,2995,3224,15455,-6366,14100,-12052,13273,-5794,4273,5097,9380,-11315,-439,-6907,7293,14866,-7403,-12529,-12566,16153,-10816,-2201,-1077,13456,7765,-9660,842,-15622,1985,-6954,-6869,13678
6270,-6265,-16053,2761,-8916,-11894,1092,-5835,3982,2071,901,2,-13188,10427,2167,12244,-3895,1592,4744,-7659,7332,-13222,5173,3364,-1152,-2455,-14573,7410,7711,-9113,-14432,-12974,5750,201,-9296,-11815,-15258,-11764,3460,8852,5863,-8305,-3310,-3590,-12942,-9763,1295,6754,3532,-15179,8019,-1196,10068,-6787,-4272,-5639,-16012,7867,-1036,13373,-10526,1540,13995,-10798,-16120,13113,-7717,-13911,-2855,-15793,14652,-6099,-10070,-14658,-14152,7518,-10310,-3374,-2114
-14803,1165,13436,7652,-15585,-1684,-4931,-5582,-4956,-13596,6121,6132,-11428,4119,-13687,14012,15211,-7818,-6323,14047,14475,3654,-329,-3945,9613,14242,-11880,11863,12623,409,-14728,-11081,316,-8497,12631,12194,581,-5619,-7459,2177,-16206,11153,7011,16217,-7321,-616,-6606,14142,14262,1029,-12426,12775,1132,6644,-14108,-16186,-2413,-3805,1040,7808,-12768,2904,7035,8048,-8309,-3103,7123,7094,2777,-688,-625,1847,-3391,-11898,5393,-8027,-9663,13740,-78
-6508,16320,-11877,2894,10906,-11258,9941,-6710,-2223,-12881,-970,5795,-3170,-6578,1266,8116,8995,-14369,-15241,15086,-10769,10054,-7967,-14530,2123,-12397,1144,-13289,-11813,-6743,2228,14022,-2170,-2696,-2604,-1536,-5993,762,-5713,-10815,-7339,-13587,-6002,9335,-596,8209,528,-13519,-5769,-8730,5382,2374,11576,7869,-2166,-14178,-2315,13779,8432,-14074,5476,-14877,5426,-1160,-11578,10446,15960,-6478,-417,558,-2887,-2747,-7958,-3616,3039,8648,4558,-9561,-12715
3048,6467,-14342,-13424,7420,10300,-8259,-9808,3636,-4345,6475,-3784,1436,2899,-6156,12478,-7936,3665,-8764,15354,6138,1692,-15323,7441,9118,-11772,-2303,-9672,-3539,15232,-14868,-13465,12633,9371,9524,-13265,-907,-9881,-9413,-13138,6892,-3331,2031,12068,16054,-7794,10384,-13561,4039,16056,-2338,16320,-15172,2976,10343,-2637,10156,-12859,-16288,-14647,12130,7947,-10860,11066,-6689,2136,12243,1718,-3054,11928,-10494,3254,-10973,-8369,5059,10038,3225,-10787,-7054
-6301,-497,-10898,7854,5919,-4316,-548,-2772,6455,11102,4450,4621,3453,-5273,413,12232,-10448,-8730,-3350,11216,-8269,-11082,-8447,7406,3513,-8003,-3473,6950,9990,-2034,-12238,-5938,10861,-14520,-15673,-10264,2221,3463,-2230,-259,-10112,14989,-1433,-4392,-5684,13810,8188,8339,-10375,15770,10759,3513,15147,-9804,-325,2960,1162,-7169,14992,6197,7356,-6576,-5740,-4058,-13719,11125,-1084,-6050,-10783,7979,8041,-810,1746,14648,-811,-7105,-9649,-6228,9433
1365,-6573,-12934,-6481,-16289,1113,-7076,16304,-268,7030,13849,2171,2149,3762,2423,-16180,-461,15648,-5152,5536,14338,-10513,-14592,-14915,-6306,4518,7161,-8635,-10114,12860,-1581,-4203,322,3920,12406,-11196,5474,7302,-245,2032,-3951,2992,-13430,9776,2676,4219,-2398,-3131,-10911,12955,7471,-3949,14265,5895,4375,-10064,-11530,4293,-8675,2237,-2319,7699,-15048,8213,11989,3222,16353,15507,-13065,-9120,-3679,-14872,-4952,-1365,14503,14215,-6555,13017,10749
4684,1416,8026,6927,-5517,7326,12489,-14169,15692,-15709,14141,657,-14512,16110,-12307,4400,-7830,-9456,-9954,7017,-12397,3147,-11747,13299,-2148,-2799,2007,8459,16169,-4363,1155,6597,-12245,101,-12812,6700,15875,4955,12856,-10118,5069,-8303,-2989,-14629,-13706,1157,10890,13603,1291,1863,15188,-9359,-11049,16066,5683,16203,13069,-6307,579,-10926,-3830,12015,-14584,-15739,7189,-1018,14665,-14385,-10390,13505,-7728,-2283,-5314,5071,-14233,11086,-11451,10422,4152
13474,-11986,7603,13951,3305,4187,9402,6680,398,-10713,-7996,-8298,12169,5953,10079,7098,-12808,11831,-9110,6480,14293,-9716,11747,-3585,2671,-10545,6856,1074,-15936,-2744,12598,13448,11527,-2386,-3342,-10720,-14681,-8037,-12461,10534,-6757,-1532,3532,9579,-2458,4669,9427,-4136,3846,15841,-15412,-7358,-9661,15981,-8283,-16177,-11916,-3171,12514,12828,10717,11615,7513,5852,15565,10040,12112,7281,53,-3605,-5425,-357,-11480,16310,9968,7068,-7394,15692,6849
-11497,-4556,-7272,-1233,13805,7204,-9178,8641,-3515,3171,1164,-2110,13527,-8856,-13841,16371,-15605,135,-6359,7821,3400,-8018,3448,15172,-10936,-12455,11000,-8803,-7713,-7045,4426,-322,-9248,-15424,13112,-2572,-11786,-11022,10234,2884,-9178,-15825,1115,-14672,14995,-10597,-14432,-11205,-7005,-10392,13180,-8737,11559,8155,8917,13610,-14421,-2920,-4196,-14702,5001,-13522,-955,4485,7382,3433,14948,-12559,1277,-8791,-3884,12434,10483,-6624,302,-6434,-3477,8543,-13318
-13234,432,11967,-13741,-7156,4759,-10617,9305,12524,9491,-2967,-9064,-9582,7142,5786,13588,8094,8987,7340,-13674,5504,-6364,-7278,-8869,-5941,13548,-9087,2654,-7944,10934,-103,-8032,9660,6571,6689,15914,494,-651,-4296,15087,5171,-7373,-3458,1252,4813,-13370,-34,2398,-1671,-7806,-4174,-9381,-2525,-10548,-9125,13410,-7708,16012,8474,3786,-7150,-14099,15798,-9688,-6797,14904,-2950,-12691,14155,-5485,10971,-1075,-13298,9898,-12083,10132,10298,-13060,6683
15234,12287,-199,-10568,9496,15750,-1164,15719,146,-8852,9671,-4528,12405,4965,5718,16023,6093,-11337,-8540,-12350,11393,3309,5695,-10331,2648,2671,-3904,12460,14175,8481,-2494,10898,-12100,-14627,10080,-7518,15046,-5278,-13029,-4439,-9486,12462,12011,14822,-5223,-6398,-1908,8751,13891,-7523,-818,11481,6760,-2074,-6847,2545,8658,-8042,4047,15581,7598,-1562,-15395,15690,3005,-2625,12397,-16079,-15949,4947,-1197,1159,5575,4612,10562,5818,-13174,-11848,-11540
-2568,-6036,-13411,2185,15490,-14576,12276,6856,13606,7839,10680,-7150,-12641,373,-6246,9872,5604,8357,-1073,13768,8981,6375,13419,14334,-10547,3426,4314,-13092,-8408,-1549,13633,7845,-14198,-12884,14551,4956,-8818,522,-11766,-1595,13745,-8914,-8787,-9078,-9999,7531,11118,299,799,9958,13538,10507,3139,-15794,-1315,13197,15103,14880,416,1620,-8696,15028,-12433,-16278,-13772,2167,5310,3255,15750,8035,-8515,-14176,-16054,-11275,-2365,-4295,947,-15186,-2518
13286,3909,15281,-9021,541,14645,9903,-5096,3971,13545,9596,-7053,14524,8121,2831,208,15684,363,4825,-7634,3376,6752,-11305,10115,-512,6493,8446,-12514,805,-4935,13069,4342,-4547,-10932,13518,15096,13016,-1531,-9207,12897,-9809,-9248,13400,-13559,9893,-5970,-13797,9523,7124,-3068,4613,-13495,-326,16002,4876,-12458,2928,-8742,-3805,4176,-14719,12997,124,11787,15060,-1280,12589,-835,-9617,5395,-3834,6364,-7551,-14027,9213,10096,-3907,-8904,-9852
-13152,-939,-3616,5361,15405,-3247,7989,11537,-412,7648,11836,9784,-6380,10130,-13677,-2528,6423,523,5327,-6116,-7911,9850,4438,4384,5619,-3790,-7686,11663,1780,-3746,13844,-15819,8529,-16181,12949,15701,-8827,13841,1160,-7735,14381,3950,-6631,-7231,-1713,3639,3381,-8150,14867,-579,-992,975,-12072,4550,-11280,-3367,-13088,-10013,260,8743,4286,3648,-1888,6437,11027,-15338,-12846,-4134,8477,-7517,6862,5991,-10349,-15571,10180,880,3621,3373,-4150
