40,
80,
11106,-2785,13620,13006,-15550,6071,-10523,-12582,4025,13942,-10273,-13895,-9759,2626,-9460,-4539,-10521,10171,9403,15901,-13604,7144,-651,-2440,8777,-9244,-14177,-59,13988,-14361,-4684,12706,-16024,-982,8475,-8590,-4014,-7493,-13477,5193,3713,5257,5212,6131,-13012,-12557,6823,11329,-14386,8209,6961,2665,14020,-15942,3199,14571,13777,-3843,13269,13236,-9979,15099,6294,-7297,6513,-14889,9069,2159,8023,-345,-9658,-5412,-6607,-6984,11543,8682,751,814,5792,-10903
-10025,2233,-2439,-566,-16023,10259,-14421,-2650,-15965,-1332,-14095,4063,-8066,-9113,-8235,2725,-12370,-5639,-16259,-14116,10501,-8912,-12323,6203,4034,-2498,11325,9533,14811,12371,-10052,7376,-1193,-9418,12315,4565,11104,-4576,-11587,-15241,-8160,-15142,5795,-733,-10770,-6540,11181,-13009,6249,-4849,-5150,15678,11150,-14363,-3448,5210,1920,-11696,-4490,-12743,-16164,-1308,-9859,-215,-12603,10499,-6064,12231,7457,10798,1170,-6054,-10170,-11036,7355,-1885,-6399,-10018,-11548,-2725
-4021,9067,6685,-15912,6480,13134,9314,-7273,8213,-16175,6607,-12629,7966,-7432,1280,11094,5499,7188,-9968,9991,-540,-14782,-10898,5062,4219,-13332,-11164,-10535,12724,5376,10998,-11762,3402,-11405,4147,-11352,9653,-9937,1696,-15108,-2048,13619,1009,1841,6970,-14187,7598,-224,-12082,-9301,13461,-5446,15383,-3473,15454,11830,10539,12524,14612,14942,-11454,1095,-15920,11587,-6502,-5974,15234,5628,11540,-4126,-15669,3729,8234,-4189,-2479,14420,4086,15184,-10039,15544
14434,8215,15106,-2688,-5224,15365,-11295,7953,-8298,-8905,14299,-10949,3975,10745,3896,116,3529,1035,-11985,14311,-6666,-2220,6587,3711,-2716,-15804,-11074,-9449,11489,-14806,-10434,-718,8060,-10630,-12510,8304,-986,7082,8814,-16000,5807,1986,-12192,-16271,13250,-8465,-3129,-75,12152,-15266,-7029,8205,5029,-378,789,12391,5244,14516,-4071,15536,13998,15145,-13585,-3860,-71,-15994,15020,16026,-12267,-5919,-4193,2188,2543,-1407,10263,-2537,-8833,14676,12748,4534
16181,196,-15977,-4543,-13539,-10448,-2718,-6514,-16087,-6553,13615,5286,-3676,9195,-8934,6141,-11461,5829,-11174,8609,-15332,-6685,4396,10115,-12826,9166,3689,2404,-10718,9997,-16235,-7725,-7700,14820,5793,5379,-7695,-2004,-9661,10129,-6821,2676,10585,2928,9678,-8544,9060,14808,-10879,-3467,11619,500,11958,3957,6023,-2662,4798,-10580,5771,-12031,-7296,-13411,11557,8457,-11782,-5688,4011,-5218,12800,2598,10170,3169,10741,-5181,8779,-15084,-3160,-6507,7605,-13471
11556,832,-12209,13545,2557,2375,2528,9887,-12264,-13871,3405,5722,15103,14648,-950,7426,-11264,9970,15155,-2364,6788,9925,8682,982,13397,7260,14824,6049,4306,8708,-1279,-4005,-15182,-9445,12906,12504,2433,-10312,-4779,-6937,-11460,-5807,7903,11792,-2511,-13671,-1244,-4238,-1182,12856,-9294,-15646,-154,-11982,8820,-11151,3132,5471,-11931,11085,15795,10141,-1831,-10687,5099,1335,-14577,3857,-1468,-11531,7014,3614,-14068,6112,-14366,6150,8788,5942,10976,6747
14822,5966,-10915,8074,-8536,14637,14468,-10659,13318,-11546,-3769,-7885,14191,-15775,15909,-14946,1804,7996,4585,14265,-12096,-12978,5988,-457,8021,-13059,-4157,15465,-11389,13592,13348,5770,-540,-12674,1297,-464,-10110,15486,-9084,14165,10982,-11147,14612,13489,7400,592,11268,5298,-1315,7073,11093,-13139,14665,-14162,-352,1087,10850,-3111,3715,1197,16354,-11571,-3321,-13718,16369,-15726,-10571,-10152,-8677,9957,-3390,-7394,3266,-1963,1968,11297,4584,-1577,509,-5218
-15418,-5809,8520,16161,-12095,7783,-5755,488,8723,-7432,-9370,-1021,4771,-4740,15425,-13541,11007,13527,-5741,-901,-14069,13003,-4902,-14841,-8566,3415,-14768,8117,-4312,6462,-2283,-14297,-2878,-8729,-11181,-1793,1756,11206,16240,-13162,-10530,-3868,-91,-6075,-11030,15288,-4397,-13885,-3690,2425,13653,8214,729,-7274,-4895,2748,6265,5628,12404,-3494,13125,-4999,-12736,10705,12145,-4704,-164,-16087,10768,-4302,4318,-10172,-15735,-1697,8903,12989,-26,12037,-5258,-7250
3594,12320,373,788,-4697,13192,6342,-11747,-13278,-15738,-8576,-6791,10643,-12907,-12518,6136,-7367,-583,-16048,11765,12120,4075,-5832,13579,-13774,141,5480,-12646,16383,-11516,3586,-2287,-13887,5045,8954,12291,-7508,-6353,14935,5194,-11972,9408,9712,8138,-5673,4754,-287,-14381,-15320,-1691,14297,-1176,-15649,15253,11060,11916,-10016,-10421,-4205,-1117,-10201,14794,-10054,-1850,-2823,-4840,10945,-14099,6882,13059,-3056,3507,-11185,-5252,-7053,2101,-14504,-14267,-198,7656
-12186,10029,-14413,-488,-10415,-6083,-7221,754,-15561,-13889,-1942,-14798,-1663,-8365,9651,-5222,12982,12582,3830,2394,-15620,-1975,-14449,-10099,1487,15332,-9399,2585,-11903,-7456,-12298,6724,12532,9497,-12820,11384,14852,-10844,-2277,-1701,1998,-11328,-11383,-14834,408,-1984,10580,3332,-6651,14822,8448,-5861,-8182,-383,5892,1531,-5589,8870,4558,-14890,-15735,4117,11957,-9022,1846,-8736,-4481,10723,-11413,-9673,14222,13096,-14902,7142,-725,-10806,14021,4830,8646,6847
-9661,14111,14488,-4040,-9800,14148,-15973,9670,12015,8054,-15926,9763,12170,2495,7708,10698,-3339,6473,-10107,-8560,5545,-7454,-10787,-6258,3310,12575,10402,-1665,-5572,-3448,5878,14794,15851,-8872,13245,14990,13671,-7078,6619,-12420,-13883,-4727,12323,7168,16062,-5069,-5993,-8912,-10022,7038,-11192,15535,-6538,-13966,16032,15496,-11098,11635,11820,13005,-1116,9363,-1862,-6528,-15483,-13260,12215,5885,14533,512,12478,-8316,9974,-10451,6807,5212,-7436,-4611,-5622,7874
11815,-1207,14719,7613,8636,12110,3378,13543,-3769,14813,-13047,-10630,-13498,14363,-12366,1218,-15833,-4523,-2808,12939,9794,4317,-7509,14103,6391,-6836,12556,-13131,-5017,-13458,-4818,14593,14766,7959,-5471,15439,-13280,7129,2833,-2870,-8523,6385,-15346,-7770,7438,-12835,-16314,4355,10343,-12544,-12761,10066,15479,5123,10483,-7607,2882,2611,-6382,7518,-7834,12066,9256,-634,-7466,-13594,8556,8119,-5301,-14068,269,-8646,7590,-5170,4763,-6953,12728,-4014,-7470,-14462
-2669,-4900,-11723,2764,15341,12438,14181,8693,8009,-5640,-4313,11747,-1759,-12106,-13497,-6614,10994,-16283,-4131,-3236,27,11966,15138,4672,4788,-9653,13159,2788,-3110,-12947,-4172,803,-6800,-8300,-11267,-147,-13696,-4906,8960,14178,-10130,5970,-917,-13196,5624,-13642,-6349,13422,-7272,-993,-15052,14438,3128,7637,-11520,8624,1128,-15561,4233,-1665,-10352,-3314,-1948,-8049,5559,3639,14599,-8510,-11373,6538,8544,-3893,-8474,8663,7084,10138,-8170,2684,-12019,3479
9202,12272,-638,-15374,8756,-442,6173,-5712,5343,5991,-8419,-12788,-8129,9385,8176,6840,-715,7050,-3327,15511,7829,14926,7792,11631,-15386,11939,12193,-8460,-13260,-11064,-6072,10788,5020,-9731,-6613,-4551,10415,-6024,-2398,-13666,7413,-3791,11116,10949,-6196,-11990,1632,-4070,13064,8165,-12121,-5151,-8471,2767,-442,3444,4328,-7641,-10263,-14192,-10976,4920,15956,-4704,4641,4345,3458,-13231,-13385,10743,-171,-5361,8142,-8612,-10563,-10751,-11887,-14537,-5887,12075
11056,8682,-2762,-4869,-14771,13193,14426,-797,-7020,2922,-12218,-5760,8690,-7218,13084,-13870,-15478,822,6550,4624,-13516,10940,-6786,2511,-12852,174,5247,2081,7265,-4334,-585,-7238,16171,-410,13271,9994,-3143,-6136,16353,10974,13363,-3723,10792,-5908,10071,11490,4948,-16016,7655,7570,-12949,5522,-2883,6672,-9795,-2491,4677,-8432,-86,-13785,14397,2997,-10023,-4423,-930,-1277,-6265,4601,-7691,-1478,-5263,7868,2157,-2555,6863,-7128,-5033,16167,5455,-13531
10664,-14177,4268,-8767,4415,6622,7752,-6869,-9607,2102,-5675,525,7156,5955,6743,13565,5411,8544,-5914,15948,-12922,-968,5541,-6875,15219,-15173,-12809,-7531,4756,601,6089,-3010,-6037,6890,-16029,-15835,-11982,5241,-11297,11682,10761,8874,3473,-5463,-9314,10646,7550,7655,886,-1938,-14412,-8595,3041,10189,-11173,-4750,6638,9580,7018,10886,4874,-15156,10946,-6344,-7170,4845,920,14927,-7684,13824,-822,10097,-8655,9304,-12267,-6726,1775,-2214,5383,-4216
15323,-2614,723,12498,-5073,-11769,13431,-6913,-8239,-10779,4916,8034,-9877,-13908,7320,12751,-6464,10480,1108,1621,4655,14660,6201,9429,-824,9841,11528,15577,10841,9570,7924,-3175,13008,-15906,6358,-13412,-8618,10219,-2446,9148,-4699,-15056,14343,15430,-8473,-8477,-13014,-4086,1805,-7002,4266,-5999,-13723,-646,13987,-12668,13870,-10130,-4112,-14291,-851,11197,-5251,13954,-4899,6938,14140,2931,1849,7890,-5555,14612,13730,-4216,9407,15565,-1217,-7160,14345,15446
4510,1929,1958,7885,4607,-5606,5210,1034,-2722,-8671,1887,-8835,595,2159,5181,9427,2853,1581,-8164,-13751,-6103,7171,-11741,-15525,1657,-7978,-4297,-14559,-15695,-14571,13037,-10540,-10358,9220,-2735,2883,12613,9998,-4607,-1617,13813,-14203,-2986,6933,-4517,748,11888,5059,-14974,15034,-1515,-11207,11561,13285,-15340,-16284,-16370,-11308,119,-11023,-8393,-908,2718,-2511,606,-10790,13728,549,-14928,5710,16263,12913,2139,-12364,7220,164,254,8693,-14827,-3546
6412,-16313,13865,8617,15891,6293,14661,11628,-7901,11111,-6692,7842,-4236,-5178,-8247,-5470,-1983,-10341,-3787,8248,5608,1266,9753,3849,5914,10328,-357,-4639,8790,2496,-9570,11155,7051,4068,11976,3034,-9467,-3923,-4817,6378,327,-11402,14920,4563,-1108,10360,8956,14077,5651,2204,-834,7080,6403,2579,-15455,-11597,11393,7045,5021,-5510,-7253,12095,7876,-12055,-7338,-3595,-11122,13889,14733,12938,-3769,16146,2365,-6526,-8711,-9932,10962,15761,-3346,15928
-13809,2348,6107,-5647,13354,7112,-15819,2739,12548,-5669,5216,-5033,10616,-7603,-44,-2423,-8030,10510,11719,-8185,15492,-1984,3962,-3257,5154,14560,-8781,-6609,-6192,-14315,-12604,7577,-1906,8212,-2972,14642,-138,-8459,859,2643,13071,-2087,1808,-5106,-9883,-9126,-1849,-15418,15833,16156,-15386,4854,-16083,12753,-2399,14243,-4128,-13250,-15161,-11448,-5256,-11430,5016,-9055,-13887,-8360,1113,11631,4885,12989,-1011,8593,10325,-14345,9290,-14001,11798,6014,11746,5960
-14891,2708,-10228,-7772,14601,-8389,3643,1477,9892,-15956,-12156,-7373,-5245,15824,2917,-9245,-10589,11980,4657,14170,-15229,-7419,-10470,12610,-14582,-16031,7999,-15149,-10168,15551,4638,-6126,14413,8916,-6445,5680,-5928,-885,-12432,10659,-11426,2331,15684,10031,-4627,-13879,9689,15249,-708,-6664,-5686,10291,10176,-3952,-558,-13730,-9887,-15426,16356,-11277,-12492,15201,7075,11127,-10593,-11958,9687,-15820,-14091,15685,-8554,5294,2031,-14245,-14447,-4610,15008,13207,-7736,-9927
10201,-8284,-12236,-12939,2116,-681,-14448,11268,3808,-9001,4880,-13721,7254,9656,7818,-7037,10520,-7687,-7930,9969,4190,-11957,1140,11159,6666,-7436,-4091,10617,3168,-13574,11455,1982,-14919,-11683,-12318,-6852,12730,7292,-398,-11635,-365,-7843,6127,7181,-5332,-1993,-10205,10349,-11090,11902,15265,10766,-8151,1142,-12908,-154,-2973,1970,10455,526,-8283,14849,-1028,10508,10253,-7508,-9230,-8738,734,1272,5619,-6774,14903,-11678,3889,-10760,1682,6560,11409,-14031
5834,-6030,-5225,-932,-5785,-6839,-3053,-1028,7764,3986,9999,2596,6207,-13205,-8011,-10593,-10475,3611,-2019,13184,143,6517,8769,-12599,-12593,-5806,1158,-7789,-9614,-8880,-2649,3186,-10642,5010,9216,-10483,-9237,-4835,-499,-7835,-1487,-3114,-16181,16012,14252,-2458,2652,-4112,-6766,9592,-6493,-11973,-6010,3704,-16358,11407,-14190,-11574,12512,12261,12703,-109,-13373,14066,2136,6945,4568,-3969,-1785,12204,16296,-1357,-6755,9408,7358,-4489,4117,6407,-9150,-8692
-9505,-11496,5722,13698,11694,-8434,-3060,860,-983,-14290,12828,9970,10369,-3061,-13454,1862,-9921,12311,12063,-3589,2106,2503,14701,-3979,-5775,-12324,-8889,12693,2024,-9744,149,4646,-3410,-4509,-321,5113,12529,-7826,16077,-5266,-8190,-4935,-8653,-8909,9623,-11637,-6920,12836,13229,6700,7902,-3130,4393,5765,15952,-8408,12640,238,-12613,9915,647,-6587,-369,9145,14686,12936,-958,5541,-14822,-16286,-13276,13679,-2890,8416,8088,6712,-14732,15958,-12079,11656
12896,11415,-14934,-5395,14763,-7055,12125,-4405,6403,-10168,-9645,-6726,1972,2785,7366,-13136,2837,21,12762,9690,-11712,-11416,15701,-1353,-5631,-11754,6709,-4113,8130,-5934,-2170,-10391,-4387,-16246,3362,9069,-15815,71,2703,-2028,15962,-14291,-7349,5707,-6525,7586,-15443,-7014,10516,-11222,-10305,4024,-3676,14256,-7958,-6093,-14115,-4191,1228,-9520,-10316,-10188,1411,7810,12833,-660,8900,14866,-7580,-9010,16162,-14231,-15475,-12057,15051,10326,-5139,-5492,844,-12893
-4472,-3328,-4968,12930,13996,16036,-14094,-3399,8031,2525,1654,-3594,13769,-1461,15721,4655,4652,-6700,1129,-10000,-15528,8212,-15985,-1428,2311,-2724,11503,-11350,8552,-563,6453,-11231,1179,16251,3276,8894,-8753,14609,2242,-15507,7609,-10473,-4801,7002,-151,15272,-11922,1327,16048,2514,9234,-8049,11079,6517,11104,8751,13178,-5496,-3898,12638,1568,-6808,-2853,15599,15127,14384,7233,15045,15935,-7448,-6556,-3975,-4093,6695,-3077,13813,15917,-7169,-13545,9816
7436,-15396,3916,14907,-13410,-10876,7568,-15239,13983,-11729,-3409,9459,10727,-1457,7223,15123,10541,5615,-6694,13351,-9201,-14671,-5708,111,-7616,10229,11589,-5350,-11035,-13014,-15353,-6198,-16028,-3998,5098,12792,918,-5681,1525,-7989,4705,-6659,8862,452,14789,-2226,-6341,-12354,15129,-11437,13948,346,-1212,5657,8435,9051,9893,-9714,4170,14841,-2441,-16230,11031,-8626,-14248,-7838,-12042,16040,-12769,-11824,4295,-13515,-2359,-12595,-12771,16096,-14322,-10954,-16299,-2767
10934,4196,-9082,-16161,-14657,-612,-3326,-12322,-6901,-2800,-9259,-6451,-8139,12012,-14073,10626,-1432,15600,3863,4770,7805,6226,2775,-2018,-13596,561,10366,12198,4332,-11278,5685,16053,9682,-601,11534,-8742,-11628,-5561,10541,6280,155,14669,14996,-14730,-6359,1217,-8433,13338,-1735,-11760,960,4160,6931,16067,-14642,-5259,4085,-964,13657,-7037,-15239,-14365,-9967,-8071,4053,-14067,-9270,1127,-9997,-156,-12995,14878,-14791,13335,13192,7769,12656,891,-314,-15650
-4499,1114,4277,-14946,-3807,6463,16236,5586,-10364,-7309,-5029,13961,7845,-15698,-4991,-11740,4282,-753,-10919,11005,7700,5797,-3108,15653,3223,-3747,-2824,15787,6671,15013,8327,-10986,5239,-1053,-15594,8800,16003,-10083,-4361,-5435,10344,10040,3836,11273,-5862,-3444,5608,961,-16233,15131,12796,-1395,5894,-11515,15728,-13540,-9496,-1820,4526,-73,3219,-11267,-8385,6346,-15057,1810,11492,2128,-1049,-6530,-14456,1040,11353,-13300,10151,7149,-12399,-611,3570,-6336
-7468,15573,11837,-5420,-5623,-9252,-15396,4946,-9481,3334,-12877,-5761,-4095,11728,-1220,-1627,502,15457,-2239,12362,9932,773,14658,4314,10596,-15844,-305,14728,2707,3204,-1798,-14421,-567,-189,-8474,6058,-6807,11774,-4413,5465,258,4354,501,-9076,-16361,4906,-102,12406,-2106,-11289,13405,9997,-15417,3497,-11967,-12160,-11837,6752,-8408,5228,9899,3606,12991,-621,14436,10002,-8813,13876,-3253,640,-2685,-10223,16055,10290,14449,-13624,-2621,-16181,13034,-8026
10642,10430,10349,-6504,-2734,15304,9377,9611,3929,-32,16082,4112,1395,8313,-7278,-14338,-7361,4259,283,-5910,14842,3514,6775,-7896,-1023,614,-11469,4903,-7707,-2924,403,6547,-197,15140,13262,-4895,-2985,-15322,-4615,-6678,11436,3867,-2893,-779,12329,9306,-2537,14673,14238,-10473,5055,15530,13735,10090,-1748,2620,-16107,6735,41,-4203,2947,13399,-31,-1887,1301,8851,16193,7942,15667,-10711,-8719,-15568,392,-842,3495,12646,-3900,6104,15964,321
13247,9785,10140,-9490,5448,8096,712,-4922,12564,3630,-15014,-7666,-6416,1763,1168,584,1355,-15541,14588,7311,-12606,7348,-7738,1555,4874,15828,-5537,-6771,-13039,291,-7441,7048,-8703,-2053,-8379,9498,11024,-5493,12716,-11649,-12103,5518,-3004,5314,4512,7684,4592,8183,-8886,-254,10883,-3748,8495,-2482,-3747,-3983,-10882,11676,14493,2643,-15358,13898,4640,-8331,-13524,9567,-3557,7917,16353,-14347,69,5038,-12718,10313,14556,14163,808,-2612,-5048,11939
13679,-8512,-5997,-12368,4434,-7871,-10398,12005,-1236,-15170,-1790,-6711,-9534,-4614,-2311,14337,10080,-2302,-2039,-4876,-14875,11473,11153,8775,15561,11181,16191,7766,-4234,3349,-12430,5900,2522,-15439,-6966,-12746,11868,-8441,7248,-15089,7459,14123,-11010,-9558,3579,10623,-15063,57,7372,-4245,10675,-26,-15156,11125,-3839,-9669,6651,-1143,-8947,-9938,-12217,15808,-13331,6138,-4083,9876,-156,15640,-9091,-1021,8522,-4634,-9509,8593,4007,4221,-1757,-8955,-11824,4062
13577,11455,2576,-2518,3742,-1950,-12639,1968,2745,-3906,-15178,-4318,6045,3816,2390,-5336,-11488,13592,11649,15570,-13532,4548,12816,-1858,-2398,-11924,835,7290,-4362,15975,-11843,9905,-2112,-9998,-11898,4777,2109,8268,-11174,11674,9808,-14249,14459,2496,-3939,12586,9359,8076,-6458,-14402,-12364,1115,15889,10219,5951,-1380,4275,6701,-7542,13553,957,14778,14630,-11291,9720,-74,-7649,-8442,-1029,-3463,-15440,-11150,-5404,5654,-7117,6202,-11197,-7767,6223,-13076
-4162,5652,-10930,-7514,-4235,12020,-6425,15780,15597,-13496,-16174,3628,-15797,10975,-8587,4925,-7805,-10412,14071,1610,16152,819,-1441,-13848,-8248,2361,-8811,-11622,-13756,3166,14932,-12834,6817,1709,12520,3512,615,3671,-12632,-10466,-7210,15038,-10671,10484,-3485,13971,-10498,4832,-2294,10187,-14307,11597,-292,845,-81,11792,6053,-14735,-2851,13406,-6837,-908,-4410,-14173,14987,-13992,2885,-12836,-5071,-7480,3084,-8662,-4653,13297,-4043,133,-2140,6194,-12842,-3103
12807,16006,-14238,1372,-9791,-4954,-14865,10342,13462,11590,8574,8007,-10401,756,11222,15138,2338,-7942,14095,10139,9992,-9188,11722,5478,12758,9275,-8936,13400,-9241,-4191,6193,13519,-1316,-12639,-1654,-16150,7289,15717,4237,1404,-8114,4765,-6118,-2741,-12311,2571,9284,-14753,686,12565,6673,12098,-7248,4806,-4265,6729,8167,14748,1863,-16020,-4628,327,15042,-114,13868,-14050,11194,5823,13221,-8970,-771,10392,-5838,13976,4430,1614,12749,10,442,10857
-14131,-13672,-2,-6592,-11598,2391,3509,-11443,-8075,3796,-10397,-2382,-6498,-6786,7698,11606,12772,-8684,-3959,10752,15933,1889,-13539,15119,15319,5222,2360,7495,7691,8997,11293,4153,-12512,13570,-8979,11330,5577,669,-7369,-1673,16280,2543,115,-13259,5681,14517,-5795,8353,6784,-15752,-13360,3626,-6695,-7709,-1062,-39,-2110,-10138,1905,1813,-11076,-9988,-12540,-6694,-13815,-7616,15851,-11076,-9654,8982,-4565,3828,945,7388,1809,-12326,-7998,-11963,-13532,-4352
-11953,5630,12822,481,15888,-12021,7360,-4445,-295,-12135,-12150,-9684,-3901,-4369,-3980,11641,-16095,-10390,-10710,-14766,12053,-5907,-1897,-4768,9052,-6919,-4811,4417,6733,5578,-2414,13291,675,-9560,13700,-8248,1859,14523,-10443,15091,128,5621,-13465,11424,11416,4023,-750,1322,-8395,-280,3593,-10277,-10135,-12560,11761,4923,-5774,11541,3576,-124,6830,-3582,15420,-2438,10847,15360,-7460,10662,6300,2373,-12027,-7694,-15360,10699,4069,-7344,2154,13428,-1577,-9840
-12015,2514,-110,14357,12104,6509,987,-2391,13948,-8059,2460,-9194,-2731,-3422,11550,-2938,-10031,-4201,7708,-291,-16257,-16073,-15289,-11055,-7599,-2925,10410,-1375,-16043,10477,10679,2756,13600,2088,-15529,-9819,-12568,12079,7024,6012,6766,4418,-59,12115,-10545,5249,-1687,-11589,15505,-13182,-12088,-12542,-5252,3474,-5837,-2901,-12741,-12392,-8939,-4697,12502,11695,2071,-5703,12316,-8583,7954,5856,9790,9637,-14200,-14905,-10308,-16015,-14836,15609,-8765,3732,862,-7404
-1080,-8236,8746,-12262,15061,-10780,-14921,-15263,3791,2312,-12712,15013,-6305,-7332,3219,-10336,16036,-14674,11724,2158,-12764,-2262,-12955,173,11909,-2907,-4367,-11132,-4074,12807,16145,-13241,2253,12199,-14971,-7068,-9184,-73,5694,-137,10993,5486,-8377,374,10854,3586,5843,-13528,11596,13099,5310,7045,7031,-5733,6985,8809,2293,-5432,-15999,-5507,-464,-14851,11105,-13750,-283,15366,3423,-13403,6653,1156,-14863,12795,5858,10865,-10541,754,10151,10286,15083,-6880
