40,
81,
-2733,6249,-6678,-13638,-8333,-6918,10911,1930,-13443,-9287,7268,-9878,2975,-16065,-10346,3154,-11416,8647,388,-3153,15382,14480,14021,6780,11326,2498,-5829,1964,6188,-14518,3584,4009,-569,2012,16035,2468,11985,-7643,-10421,-5738,-7715,14276,3265,11252,7356,-8907,9106,5879,-2940,593,-5017,7434,15386,3882,-5844,10646,1706,-3866,1591,-10476,12883,10312,2855,676,-15341,262,11165,11517,224,-15154,-2672,8493,-4816,12708,-3645,452,-7367,-1123,-8037,-14239,12124
5967,4322,14173,8136,-7711,-13979,-8988,-11537,9748,12115,14645,2851,1824,2499,-10861,4417,13620,15925,-1585,-122,-1574,-11854,-8054,-610,-3853,-10282,8064,-4332,-8281,-14058,8121,-2699,12909,-4920,7242,714,-2878,-13570,16005,-12189,-11259,-7796,-521,16058,2311,4077,-4433,2044,3969,-16294,6997,10732,6788,3799,2958,4261,5718,15656,-1463,12544,14315,5052,-9245,-975,-13575,985,-7628,14622,10962,11013,11279,-9898,6971,11583,-2030,-8206,-13951,9364,14561,11443,-8627
2986,8320,3504,4381,-5465,-5134,-14923,12908,-13563,13026,4012,13196,10813,-13446,4765,-12575,-11033,-9803,-3653,-959,-8244,-15627,15484,-12815,-9463,2441,-11280,-1731,-9754,-8456,-11999,-15702,-6575,5806,-5278,-10206,7442,-10462,-13864,-10925,13498,-4952,-7074,-10666,5589,5417,2100,-8701,782,-4183,15254,-5999,-5164,1768,-8046,2018,-14561,12277,-10179,-4460,11761,4443,14861,3389,1882,4037,4053,-9926,-11214,-6766,-15775,-13506,5348,145,-3998,6426,-7991,2084,-11983,-7182,-1154
-5417,10355,846,-9077,-260,-16094,6783,-9616,12877,16317,-672,-3698,1838,13613,-5414,-7901,6583,11947,8905,-1835,9949,-6392,6990,-3144,887,-1748,4556,11655,-15909,-3524,6516,-6754,-16330,2292,8903,3332,-1842,1604,12085,14038,6604,-2917,11812,3863,-143,-12063,-14088,-11751,-7144,13823,-4014,-10207,12143,-6863,-4469,-12445,-7630,9786,2628,-10378,-2162,-13221,12032,-1663,-4142,2104,-3858,2314,12994,9171,-11054,1012,-14580,9096,1754,7732,10234,-1869,10640,4930,8096
12299,4715,-1970,6435,9688,-2397,12758,-12555,-1786,-8797,-12951,-2374,566,-2867,7172,9348,-15197,8331,-4911,-569,-10997,7702,-153,11069,4871,-745,15949,11527,4112,-6472,6571,-5603,360,-12859,11074,-4326,-1128,11678,15334,-3374,4667,9038,15882,-11112,2179,-13556,-7825,11593,-8279,6364,-114,1188,2618,-9723,-13177,10673,-1764,-113,-3676,1604,11153,835,2129,-6539,-10288,-7755,-3461,-13078,-1015,5352,-494,9978,-11255,-2493,316,-14084,-9725,-8042,-4392,-1262,-15481
4995,-7907,6189,-180,-15773,-7487,-14085,-12766,-9293,12676,12155,-3011,9715,-6241,-4806,-15101,1996,14316,9568,11842,-10120,10874,4150,2504,-131,16382,3421,5095,-2079,5698,10328,-5830,10351,-12182,-11543,10618,-4078,3109,14275,15171,243,7954,14983,-8891,9421,-2462,-8811,14512,-5598,11224,-11946,14833,-1545,1802,-5547,12729,14688,9725,-5493,14355,14222,15069,-4586,11682,-8216,-5017,-15146,6645,-6334,2428,3332,-4502,-4242,-458,-7605,-4177,2793,15098,-12717,414,-2233
8848,-7399,-5231,-4112,13988,4652,-1333,8254,8841,-15334,-13053,-14847,-11558,12711,8845,13371,-8663,5409,-2671,-5709,-11052,6250,10607,7560,-14928,-6299,-5086,-3013,13005,6504,-6568,-9,4286,5675,-8238,8405,-1120,1865,15740,-7814,-10345,-12823,-1417,-7643,-10794,10023,-13002,-10915,10207,7852,-2699,5521,-11771,16334,-10242,15937,937,8984,-14021,5401,2091,14410,-11055,14805,6738,-6704,-363,10513,-8484,5206,-6450,-10202,8336,14422,1505,-11637,7881,-9085,-1991,-9254,1171
13268,4628,7700,9874,7354,-5023,5794,11533,4782,14554,15523,-13378,-2082,-1171,11822,15922,6098,8359,6283,9710,8532,-7878,1324,-2756,2969,-14329,4264,-2877,-1821,-7843,-2286,8308,-1301,12460,-6812,-13806,13433,-3767,-5683,-11050,11439,3283,-12489,-3546,5040,-7373,-2141,15885,5906,-7851,-7906,14891,14552,14185,8184,7506,-12302,3707,-3777,-10632,11716,-3820,-14634,-2111,1863,4196,4468,5711,6694,9909,4021,3723,11293,1737,-11018,12045,-9818,6919,-6763,-3042,-14800
-11269,-12306,-4210,-12429,-8756,-15117,-3673,-13860,-9867,-9902,4171,172,-6217,2736,6349,6103,-1544,-6768,15510,-6703,-7950,4842,12559,15531,-8160,-16052,-12704,-5061,-5265,2458,-10060,-8659,8439,12704,15963,6442,-970,4181,8765,-15382,6947,2497,-14500,-11935,13674,4500,-9296,-3496,12548,-3689,16363,11924,-11654,6497,4738,2079,-2893,-6236,8261,90,-4988,5274,-556,-14059,-2848,1522,5057,12573,-7659,4502,-6097,-15010,-618,-6133,8931,10612,-13230,-5214,-15847,-5009,-6371
-6195,14213,-11133,11088,1920,-10613,11372,-15323,12655,-5370,11920,-11047,15108,-356,755,-3194,-9080,16259,1105,-13640,-12663,-2390,-8720,3498,2605,-8600,-3645,5413,3624,-11814,13901,-3862,-9911,5443,13504,2061,425,-5067,-11656,2896,12329,13300,11814,16038,-229,15224,1032,679,2627,5929,-6997,-7331,-12729,-491,4300,16287,16232,5275,5661,10159,9742,-11700,16308,12855,7269,5762,10401,12030,-5292,-16235,-15255,13794,-12675,-5473,-15736,15289,-14163,6569,4218,13249,10164
-9827,14873,5062,-1794,-10168,16139,-12250,-11127,-10946,12275,-11214,-14,-7307,-2610,-2073,10225,5034,-11675,-9243,-5236,-2240,-4887,-1968,8324,5925,-10666,-2964,8144,-4228,9631,-9708,11945,15746,-8,-12191,3644,-13871,201,150,14393,-341,-11709,-378,-822,-2418,-10099,-8382,16358,-8075,-5051,5084,-14218,6775,14886,618,-16283,8929,-8972,-9403,1326,-9861,2525,-416,8154,-2306,6233,-15880,-2541,14578,-10539,14194,-6932,9203,1345,-6853,-2461,-13708,-9614,-16241,-15677,-9396
16356,-10891,-9349,13287,-1868,-10256,14066,15868,-10948,-15152,7127,1075,-655,-13259,4181,2573,9424,-12770,1687,-5668,14035,14121,-13402,-8323,-4458,-1367,-15064,5870,-14708,-9626,-15476,-3263,5745,-13960,-7531,7153,-16317,-5611,-2919,-13398,-5840,7762,-4415,585,-8702,8164,11184,11846,13642,-6164,-1934,-1670,9170,541,262,8796,6730,-9016,-15479,7036,-15918,8351,1166,-14793,10513,-558,-13196,9728,6170,16102,-6170,1766,10377,8340,9047,-5310,10466,-10430,-2453,15728,-10523
-15881,4990,2432,2289,-13403,7542,-1794,15547,2353,-9037,11435,-1471,15690,2421,13381,-4423,5339,13181,-13733,-5148,8533,13507,-5078,2887,15285,16052,-2696,-2763,-6740,-12824,1184,3548,-14020,-8208,-8984,-10127,-13783,11831,-7517,10174,8403,-5305,-2996,2132,10573,-7018,-50,11306,-5617,-15376,11180,5648,14924,13919,2556,16187,10813,-697,1396,-14629,-15837,-5742,16270,-13963,6911,9407,15587,-10822,995,8442,-3681,-12288,8056,-16235,-12485,952,4938,8336,13302,7399,-11481
-1985,-15404,2871,4345,13006,-3945,-15294,10843,14804,-3084,-7649,-14763,-14349,7311,-6453,-1726,16094,-15638,-7618,-15307,15677,14312,-13882,10000,-10798,11245,-14527,-2019,3619,5604,4679,14821,-15446,10285,8088,3174,-9059,13119,-11944,-7663,13555,8971,8118,-13670,16143,-12893,-578,1202,6684,2606,14159,-1747,-4971,3253,79,-15751,-7782,6196,-1080,-4464,6153,-13760,6654,-10581,14230,-14401,7067,-15706,-1817,-7415,13842,9060,-11339,3448,12426,5231,-13169,3607,-4595,4904,1024
-4860,2761,860,-359,15198,774,-8475,208,13609,63,1829,-8320,-14784,1481,3640,-917,5104,15313,3586,1935,11334,6409,-1714,12702,-2167,12968,-1201,-7411,11573,-11507,15957,3040,1857,12809,-16223,1171,9277,-3700,-204,-4238,7706,-1117,-839,-16335,-13872,-3804,-11554,12954,-6822,-3803,9303,7605,13667,14435,-9485,-1188,-16100,-5600,6814,-13032,11440,14523,-6928,10403,10828,14098,-9934,13214,4650,-11712,13554,-1928,763,3678,10508,-15344,14283,-10239,4338,-11089,-2664
16119,5633,-3178,-9100,14853,1114,374,-6494,2688,15057,-5123,1624,-7906,-6105,10284,8833,3434,1395,7112,-15619,-14696,-17,3783,6057,13619,-926,-12990,5588,1698,-16283,-1767,-10497,-10424,3913,-13897,-1760,-3359,-5305,-15911,-1521,-6742,-12326,12228,-7229,-9544,-13681,-11354,-891,-10672,4447,16191,15633,1819,-6335,-12099,-3912,2882,-9289,10496,12677,-2093,14275,11706,2078,-7522,-14660,-13892,12054,13079,-1716,-5646,2059,-12682,-5254,-1906,-2681,-5185,3630,-5524,14858,-8691
-4568,-12450,-5850,-839,-13323,15991,15349,16161,-8306,15318,13860,-14746,-14144,12620,-10734,8383,-11412,-14480,-8651,-15181,8251,-7723,-11140,-4894,-10150,15596,-1281,-10700,-12013,-2609,-7530,-10097,-4797,-16161,-5557,11032,1381,-3061,-1007,7975,51,-1315,7405,2444,12279,-7359,3267,6497,3181,16303,-12065,11297,-5826,-9780,7861,-7430,-834,1651,-10749,-10825,11918,16267,6575,10732,8717,-6349,8675,446,-9333,-2402,-2653,5273,14326,-4504,15949,-3449,-5813,14186,-959,-12398,-8439
13825,-2116,13590,5067,-13762,577,-7214,-11412,9296,16220,-272,4705,-6098,2462,9117,-727,-12230,-3631,-14529,-5973,-1589,-15279,3706,14616,10644,-3237,8201,9369,5846,-954,12005,5777,-1179,-153,13686,11804,5700,-14658,-9546,12616,-5054,11013,12109,-12540,-4496,15159,1258,-8539,-3968,-15442,10006,-10004,-11498,-14979,-10232,-3432,-16254,-2123,-11772,-15447,-12977,-13579,-3483,941,-12549,2185,12978,8981,-783,6221,16151,-8095,-14059,-630,-13591,-12152,-6880,4500,-9947,-11280,11928
-15189,1213,-6603,7754,-7060,-5882,-4829,-10013,-3099,12611,6956,-9440,-7959,8815,4788,-7804,6018,8726,4866,14908,7383,11709,14538,-16001,-13237,6423,4336,-12999,-11729,1686,13709,5987,16353,5714,9985,-2948,16313,-9892,541,12173,9107,-7099,-6130,-5360,11017,13347,-7573,-13155,16080,10087,7784,3960,-2314,3507,11714,84,-13738,9495,-12827,-13855,-12352,5296,-1841,14878,-12020,-6413,15523,13448,15368,3282,11617,10962,11130,10664,8322,11705,9678,-7096,6616,3629,4062
-1195,1181,-9068,-13341,-6985,10790,-2016,-6223,-1003,14398,-13627,-15596,7945,-5504,-6891,5420,-6973,481,12479,16251,7533,13242,-15911,-11073,13312,-13357,1039,-6616,4454,10213,-676,7195,5506,-5445,-6799,-16029,11407,-15691,-3681,-13779,11587,-12000,-11551,9397,-9407,-5813,12751,-3760,8332,4467,1850,-11802,5015,7460,7777,15603,-9758,-75,6606,965,-5886,-1924,2030,-129,-10346,-1492,9707,13431,-5459,-1231,7211,3213,-14592,-14588,-11477,9512,14946,-14828,2729,13808,6001
-11339,-10552,15345,5042,-980,9210,14414,-3605,15546,-12345,999,2324,-4004,-5829,-3444,10485,11531,3126,4156,-14047,-507,-13429,2382,-14354,15563,7521,14014,-9572,1203,-7145,4757,-3764,8485,-9543,7706,8105,-10530,-6486,8502,-13256,-7771,-702,-8833,11299,1191,-6020,2345,15122,-5901,9298,-2015,11387,381,2583,-6702,-446,2457,4935,1163,1741,15561,6056,3474,-8800,4058,11379,12393,4409,72,-5634,-7216,12894,2786,-13666,8803,-10237,-1164,-7890,-4045,5699,-505
-11675,-16191,11468,-5641,-14414,-8431,14114,-9990,-14731,2969,15836,13638,-7046,706,-7488,4960,-3545,-15728,-14430,15181,5999,-3538,2611,765,6147,15769,-1724,-16208,12229,-3093,-14916,8256,4547,1347,-9668,407,8548,6796,-13546,2579,11018,5984,-7515,3479,-2813,-9909,3787,10272,-13455,-15411,3312,10972,14652,-3736,9412,14198,6373,-14796,-15780,7372,-1363,-14830,16116,-4991,-13837,-14871,12855,9328,-2492,-8956,6353,604,-8575,-15302,7245,-6477,13653,-13936,-10267,-5297,-1111
-11551,3326,-5935,12380,-7715,-10275,-5458,14717,9569,-11272,5509,-13664,3911,-1491,-739,-13418,15606,10766,-6122,16343,14555,-2692,3216,894,14482,-5375,-596,-4130,15403,-3140,8153,7742,-13112,-11080,-6094,-2246,-351,-15880,-7574,517,-2492,13904,7583,6777,-6866,2320,-8751,7654,15674,-1374,-5680,7720,10307,9874,13370,10767,13463,-3011,8750,-14098,-23,-9129,6300,1820,5538,14278,4594,6983,7907,15525,13483,11008,-5855,-5431,1937,6233,-8020,5277,15767,-2327,4938
8404,-715,-2988,12383,10664,6170,16125,8372,-6831,7184,-12935,10667,-2266,12472,-7193,7976,-5090,-4322,-6248,5245,-8999,5038,-624,-3280,9909,9494,12881,15513,-14283,-586,12928,-8959,-15009,11059,4029,8181,1321,2846,-9519,-13143,-13294,6842,5983,14216,8058,-10371,7553,-1810,6093,-744,-3024,-3246,-3559,1695,9273,-4502,-13502,13748,12155,-2177,-2430,9255,-2461,-14240,-3368,12417,9214,-8061,12379,3182,-8216,-14918,12777,9952,5234,2036,-1201,-11201,-12475,2260,457
12822,16279,6966,-2588,3230,8099,-13839,-7598,-14316,-7158,6399,-8165,-10959,-3676,-15232,-4510,16217,-6976,-3292,2869,10355,236,-14505,-6004,5364,-3988,7604,-6612,11567,-8818,3993,161,2272,8159,-8764,12132,12872,-5584,-9936,9010,4201,-14519,-13893,2790,-290,-911,15324,14571,12099,16189,-311,12236,-4425,8151,15507,10591,-2589,-9195,-6892,-14306,-3260,-4807,416,1312,-3628,-8774,7877,5982,-5613,-12695,-15585,-1846,-4942,1399,14435,13401,772,-16320,9424,16046,-6846
14346,-9421,13837,-261,-10015,6584,-12575,4338,-1824,3798,32,9302,-9248,9168,2660,1916,-12059,12674,8031,-2156,-1321,2319,7231,-5824,-13147,12767,4765,-2657,4926,8123,3266,-6253,14184,2219,-2517,-7995,-5625,-7067,4023,6352,-4986,15650,-4974,-14237,-15005,-14932,3151,-6764,-15227,-15390,2268,-4475,14295,-7374,13364,9229,4751,-14253,9780,-5931,-10610,-8851,-6140,-15238,8824,15538,11224,-8937,-2717,7395,-4731,10534,-11287,15393,3125,-9948,4080,14661,9555,13350,841
2232,11435,-6401,-15293,-6359,13137,-3863,14865,-2540,-8918,-10152,-4758,6595,-14881,-1692,-7109,-11912,-3218,13030,-6915,1944,-2383,-15633,-10487,2771,5039,9382,-5023,7997,-15577,10055,5442,322,-3635,4712,-7539,-4079,12034,7731,2640,-5047,11138,-13018,-1847,-14552,1924,13038,-4220,5558,-11032,14147,2327,6428,-12268,4018,-4850,1919,6824,-3718,-10138,-5811,15660,-7712,9459,8173,-960,4818,-7706,16147,-14522,9122,-13313,-12901,-1778,-14600,1858,-3785,6508,-6665,-951,-2672
3040,-5456,6431,4992,8234,-5668,-12812,12301,219,1974,12908,8590,-7032,3504,-1427,933,13278,-1518,11373,1192,824,-14678,1845,9000,-7347,-15687,-4122,-14641,4631,-3950,-3610,8491,-1515,-9963,-5334,3724,-5912,-14575,10759,311,6978,-1037,-8415,16101,10814,14063,-5521,5685,-13642,-7344,-2902,8973,-1686,-4227,-11141,-15882,-14448,9801,-9173,-11047,-10808,5003,-7379,6536,4339,6875,-4008,4375,-9950,5979,12301,-5421,4905,11995,5564,-11942,-15154,9969,-7970,-11818,8285
-463,-15987,-12120,4214,-807,-7589,1793,-12008,-11608,-11533,3630,-8046,-2922,3671,16226,12682,-13867,11064,-11868,9409,-9880,4383,-6360,-8053,14445,-6282,16275,9899,-1033,-8312,10655,34,430,-15060,11119,-14447,-5163,15333,1676,-15130,14831,-13814,5828,-1388,137,2052,-58,4559,9492,15565,9884,-15525,-13252,-15665,6589,3811,9842,-90,13001,3335,5519,-14553,15310,5455,15983,-7582,-9377,5024,-13761,-11880,14455,-5320,-2770,4175,11151,987,7229,-10775,685,-1349,-3800
-15937,-12019,-2433,-10581,-3480,-6497,-13692,5347,12219,-1234,-11565,-5953,-14993,-13153,-9709,-10095,-8900,378,-4598,16270,-14178,-4892,11797,-13461,12413,-15935,-11320,-8564,-1538,3789,5236,5408,13107,10347,1787,5270,-1263,-1125,-6830,11187,-7255,-14123,25,11286,-15912,-14325,7996,187,14115,7995,9684,-10098,-12549,12536,12869,8535,-14612,6826,-3126,-15706,7530,2065,-9005,5128,-1499,-8859,2011,13790,-13320,-6660,-8405,-5322,1841,-2098,-11340,-15109,1369,1550,-7954,237,-15232
-3043,741,-12938,-5343,1603,-606,4897,10373,4933,-5212,-9713,-1777,10895,-3011,14049,-6614,-13655,-8966,-5662,-5009,11338,5738,-6539,-11738,10215,6983,10170,-6736,-14654,-9486,8258,10835,10665,3483,7109,-598,5203,4992,13862,14733,9463,5024,-7412,-428,6766,5908,3316,-10452,-760,166,-3852,-2343,-55,-12106,8590,12479,4241,6020,-11427,16250,-14400,963,-11926,-475,2837,-7705,-10419,-2301,11427,-16193,3759,-10073,11459,5170,-11581,16086,10174,5141,13578,3200,3870
15004,6129,16282,-5632,-5908,12050,14017,5153,-2808,-13160,-1997,-11530,-1064,1389,7493,6115,8524,-9755,-15216,-14391,9035,-9858,16330,-15968,-10271,-9473,-7011,-1915,10448,-11954,8660,-15321,-15311,11753,-2267,-4716,-4757,2081,6407,-8444,-8954,4449,-4774,11470,-206,-4932,-3300,1019,16095,7703,14485,11830,9950,12171,-13890,12953,13660,9933,16375,-10479,4490,-7773,-1831,-13377,14934,16270,-7408,-2551,9578,6459,-13041,-973,-13864,-12018,13214,6297,-11753,13836,10146,-15728,-9632
-15227,-14462,7733,5069,-8201,12857,1314,-13660,-12798,-9927,6093,-3066,3150,13303,-8791,-2951,1490,-1058,-4866,-9962,7140,-651,-9606,-5276,-13304,-1135,13633,8825,1346,627,15977,10554,5079,-8966,-3141,-4470,-1759,-9637,-3199,347,-7854,14853,-6750,-6561,14137,-1583,-8176,3837,-14171,13395,7448,-7856,10776,-7864,-553,5472,9263,-3795,7113,2414,-3468,-3312,550,-7252,-1025,262,10941,8386,-4844,7165,-8286,-10817,-10192,12491,-16240,5162,6909,15611,-11139,10317,-13400
-10013,-4057,-9941,-7878,9100,8951,-6567,9613,5424,-862,12591,-12526,-4045,2518,4154,-12974,16134,-5255,13769,-2470,-8289,2605,-3439,-5778,6917,-15492,-15906,-15075,-14387,16129,-11545,7774,9018,7492,11830,11104,-3379,-15295,-1804,8885,-1226,1945,-15242,-2197,2515,-14648,13343,10057,-1071,6255,-527,14781,-6034,-5826,-14423,371,1642,1023,11963,-4790,687,-4072,6344,14915,-6901,8895,-5224,13298,6476,-14661,3585,-14458,6141,12851,3734,-5233,-12296,6874,-13995,-6915,-2822
14058,11588,4126,4530,533,300,-5741,6542,6287,9970,10886,11463,13139,-12688,-5848,7712,9967,-5260,-3787,9393,11660,1992,-9443,12793,-12639,10563,14458,7785,-8607,964,12538,-7546,-14907,-7311,-1733,3389,2483,14672,7758,-4849,-7754,-5119,-2496,14033,5775,-5000,12044,14770,9413,-8538,13979,-6349,2523,-1696,-7670,-8368,-1177,6746,821,-12667,-3830,10654,7236,362,8056,-16133,-222,-6516,-13431,902,15715,-2693,8399,-14427,731,-16040,15473,6094,8423,-4669,-7576
-6587,11449,6490,-15746,9376,-14782,-3172,-13146,-542,-992,-8534,-12942,-14407,9333,15938,8219,13802,-8492,-197,-15653,158,-15023,16197,-16175,10973,-2821,-10875,-5471,-4308,-3285,1814,6957,1240,-15835,-9927,5643,10508,-15729,12854,-6856,2441,-13885,-2692,625,7620,10387,-14669,-1076,-1695,7384,420,-115,-1028,15135,-15805,13176,-10354,-2627,15861,-5971,8149,-11173,6030,-6943,14054,-1690,-6510,-8028,6523,14713,2251,13145,-6285,8307,-13869,3535,-5175,-16002,2817,11541,10192
-15086,2298,-12929,10897,-4796,1150,16370,-1956,15315,5320,16233,-9571,-10123,-6948,2024,2665,15087,3451,-10401,-6384,10828,13428,8247,-15802,-12897,-13523,-9463,3528,-16138,15379,-5324,6809,7856,1213,-4437,2400,-4211,3960,2357,-6398,6462,13022,-4245,6338,14160,-8510,-11519,-9066,-10907,-13618,165,15275,6432,-7832,-6111,16297,12161,4938,7984,-10715,789,15216,-2712,-10486,14690,12205,1431,-12728,-13061,-11376,-9653,13232,10167,-8474,13201,-11606,-329,3477,-3564,-5963,7026
9935,-9422,-3902,12107,-10569,523,-5181,-13807,-4819,-1768,4226,5143,-9617,3867,10236,1747,-13411,-4014,-1924,2075,-3813,5229,-8724,2515,-6291,-5600,7128,-28,15626,6780,16187,-643,1775,13017,6341,8894,-9865,-1099,266,11834,-12428,2628,-8456,-10545,2523,-14080,-6352,-14299,-8218,-4064,15923,-5606,-16189,3332,-3248,-9971,-12149,6262,-16187,4548,12052,7333,-8711,-7339,14571,5309,-7602,-5623,-10031,-6985,-4379,-4164,724,6227,-4732,-6385,-782,14125,15975,-16090,5506
-4357,-3036,-14935,13128,1722,-2245,6219,-7321,-3656,-14763,15928,-13219,-12826,2575,-9078,-7465,-5794,-9180,15480,-7711,-12430,7011,-16251,-14933,9300,-1297,8595,10470,-8934,13230,11623,3572,-8237,-2511,-11697,13383,-7706,6357,3335,1482,-12290,7111,5858,-13094,15571,1422,3513,-8604,-5489,-13618,4793,6457,-5763,-11786,14100,-11642,15431,-15568,-13283,-497,-1177,-6201,1787,10695,3841,-7411,-9814,-3236,-513,-12790,-10867,4676,6680,500,13753,-8070,-10962,361,-514,5652,15309
-2361,-4139,-9948,11504,2351,-6591,-1547,1274,9164,4898,-3224,4140,11836,-11942,14019,13353,-10441,9234,-2566,-12583,1333,9132,-5551,-8206,-11594,285,-8426,-7145,2184,1146,-15888,-12669,14703,6909,-12027,2409,6532,-3704,-9732,5069,-5762,14689,-12185,-8994,15055,13368,16208,237,3807,13968,-1360,4794,-8481,-8986,-13464,5355,7254,5585,6807,10039,-9540,-12509,-4,-15794,-5592,15859,-9183,-12171,-395,956,2538,-10682,-11934,-7850,5714,-11750,6286,-11102,-11095,-6746,-4210
