40,
82,
-4764,8077,12278,14687,-11918,3125,12901,1052,5478,14955,5481,-63,-10990,-2133,-9979,7217,8081,16126,4205,13495,11377,3361,-11177,4428,-511,16029,3139,-15231,-14622,6580,-8542,11319,13407,8694,5368,-5409,11035,-3054,5873,6688,434,12916,-11702,-8292,-12125,-7166,5307,-12447,-9596,2743,13323,876,161,5781,-5981,5536,4485,8534,-9521,4065,-1448,5370,-4638,3663,15795,11822,-14125,-2177,-551,-2350,16040,-11918,-1638,15529,-2292,3831,-3170,-11231,9355,-6911,1378,-13796
-5910,-11608,-6431,1805,-15652,-8021,-15853,-10217,11130,-13423,-1978,11566,1998,15965,6204,-12516,12238,-5696,10659,-11400,11681,-6725,-12131,-10869,-10114,1547,1006,-13522,6574,-14412,-7369,7800,12163,12537,2645,15871,10051,7344,13334,-7050,-5638,-8901,7688,-5230,1473,14793,-606,-5968,14912,13758,6908,-1506,9893,6332,14636,-10554,-11002,-8167,-12683,10433,4277,11040,12026,7028,16146,4616,10093,-10418,8818,14175,9364,-6276,-3876,-7761,-4220,6032,-8350,-6869,-11257,-8191,8591,2002
12910,13053,-15705,-13161,-14023,14635,12031,-14360,5722,-15286,6453,-9858,9480,224,-9411,-9594,1323,10575,-9499,15720,-13829,-1622,-6267,6624,3096,-9842,-11435,12265,-9639,-3797,5083,-843,10460,-13768,-3412,-11646,-13801,6957,-1207,-11592,7284,-11470,-9134,-11490,-13545,13807,-13541,-12910,10094,-6137,-7539,3959,13737,-10330,15367,14256,-12596,7086,-524,745,-9558,15093,-5088,6451,-14481,11235,8588,14446,10143,7501,10216,-13366,13840,7312,3755,-1949,3821,-14749,3283,13836,4470,10672
-11499,-10139,11605,7579,-1204,3795,6695,13662,-2780,-3726,-7471,1179,-10043,-7489,-15473,11648,5071,-10057,5509,5636,-15789,5755,-9056,-11085,6102,13406,-10503,-7499,7960,-12370,2702,-7524,-12049,-2752,-576,8895,10336,6489,1290,7604,-9961,15384,-15552,4953,2123,15151,-5036,-7886,-8737,12538,-13380,-2331,7,6487,3801,-15226,4446,12635,5882,-14244,-6947,-10422,4445,-12250,-15015,6039,1706,-5026,-5241,-14214,43,-14976,9726,4710,-10847,6284,-4739,150,-11543,13741,15717,11314
-1322,14315,1785,1900,10291,-5187,3546,14619,4747,9074,-7236,9549,8683,12045,-10291,-15599,-9772,-9907,-13344,-10604,-5664,12843,7858,-1606,2896,4352,1786,413,-11936,-6525,-1375,-8850,-10105,-14943,9929,15417,14122,1097,16316,-15662,-11961,-10466,-7410,4015,-5269,13471,3327,8723,-1761,13408,-10835,9043,-2056,10330,-3790,2340,-10019,-10197,12444,11332,6831,-12694,-2924,7449,-13266,-15826,7358,-4525,-9492,13460,-16064,4828,1824,2062,4376,10372,16380,1715,6171,-10122,4257,2598
7650,11251,7821,7484,7586,-12819,-14776,-2655,3507,13996,9642,6596,-3278,-11840,-11237,5865,688,-11667,13655,-11430,1696,-14012,-50,3839,-5151,-14071,-5724,-12631,-1908,10731,-7729,9434,9680,-7187,11543,2428,-1710,-14201,5200,233,16334,-9929,3080,-12364,9371,2651,-15925,-16210,10930,2737,-9443,15128,91,-13186,-15291,581,-2530,9063,2889,13268,1786,-6675,6369,12484,-7022,3572,3199,10645,-5244,2505,12737,-6453,-4317,9889,4292,3537,-2624,-3413,1669,-11522,491,-13148
1792,-4776,1100,-7888,-1927,-15652,15983,-8570,-3318,-6357,13143,-3759,-6836,-13935,8183,-6607,-1030,12997,-2971,-1255,-6077,-945,-1665,-13924,-915,-12280,4390,10497,-10929,8361,6271,3010,-9642,10038,8801,-9931,-2908,7783,-1872,16286,4285,-8645,-6225,358,13143,-4353,601,-5335,-14504,12343,-11792,12919,-662,1046,4296,13004,15121,7483,-4309,-8040,-5943,9602,-8167,-13701,-16122,-11659,-4199,-3952,-12996,-4367,2770,-15100,-8017,-2741,-3020,-5038,-11111,-6573,14499,13815,-11620,-8674
-12215,16043,10573,-6821,639,-11471,2355,-9961,-16323,9916,-5782,4077,-2552,773,7922,5246,-13305,-12711,10697,8765,13393,1216,-14885,-2743,-2715,125,-12924,3729,-14124,8325,14929,-1106,6960,14899,10770,-1607,14425,9986,-13850,2206,12646,-5898,-7537,-5474,1395,6980,1457,-2425,-9438,-6362,-4627,9232,-9367,4081,-10712,10330,1392,-11113,-1830,8391,12557,9053,-95,6726,-14810,11277,-11823,-11494,10155,9488,15234,-15376,4000,8055,8586,-10494,4198,-4727,4187,14598,13845,2856
-5176,-10297,9758,-13455,11095,7772,-3767,-5603,-1125,-12807,3812,-3022,-11633,-2431,-2015,7659,-710,-13111,-4681,-10426,9315,10160,1899,-6535,-7243,-13152,-4272,-5925,-13643,7502,-11266,10063,3322,16323,4430,-3395,14945,930,-13880,12688,9694,-6508,-7470,4588,3074,9090,-3102,-3356,-14409,331,-11864,12446,14946,-10314,-6356,-4814,-9217,694,14891,-10199,-14181,-546,-14762,-198,7052,-13319,11282,-15670,8282,-13259,-2287,-9978,-2576,14876,-11084,-10606,-1209,15164,-8662,-6843,-1916,8243
-10706,-14099,1921,-6553,-9117,-15721,9059,2433,-9612,13965,-14142,-2276,4793,4061,-12993,-16103,11299,-2134,9743,-3508,-12980,-1313,8485,-1376,6146,8337,-4891,10077,7658,-7264,-3650,-4852,-1297,11533,12129,-8562,1802,23,-11394,-9599,3111,-13032,-10829,11049,-7889,-15186,-8008,5944,-12801,-7634,5838,3288,7265,-6271,2707,13937,-2192,13050,-1659,-5378,13182,1609,-1326,-13330,-9906,3678,3358,-4470,-3516,4781,-541,13847,5691,-9601,11476,-4555,-15274,-14202,7446,1221,4295,14796
-6513,6394,8879,-111,1712,993,-5445,-8388,12162,-4524,8726,10783,-10177,-5960,-9531,1562,-167,4933,-21,-3379,-11735,-1556,-13624,-1844,-2158,4138,207,2515,-14887,-6096,2712,-16208,-11409,-2819,-12927,3734,-9242,13961,-13520,-659,16138,-5090,7133,6806,-7111,8219,8780,7568,7922,5004,13838,10508,11820,10984,-9462,-12223,-9914,-11125,-14187,-726,9062,-10403,-2199,-7004,13717,13147,-1792,-16047,7524,-5105,4154,10184,8038,9365,-1142,169,15417,4245,3888,-4255,-15417,5582
-3098,-1817,186,2324,-11055,-13591,-6770,3622,-15892,15383,-7332,7292,-7611,429,-5453,-7633,-13905,-7436,-11128,6231,-6624,4700,9244,8465,-8699,-1528,2926,-10249,-4637,15602,-1288,1814,3556,-5021,6232,-121,-10530,-2560,-9555,-11595,10500,1530,11099,14967,13716,-6345,13622,-8920,-15521,-4249,5231,-12920,-5463,-14662,16349,11411,15108,-7714,6681,-13571,1659,13243,3102,-4139,-497,-2845,12933,14161,779,11199,489,11498,395,11916,-14311,-10253,-205,16171,-3179,10585,-6883,10396
1889,-12593,14458,12594,6632,12610,-15360,-10217,8152,-2933,11123,-13424,-16309,16227,-6123,9281,820,9925,10884,4926,-15567,8988,-8967,-8839,-1232,-11781,1354,9227,-15777,12514,13120,4869,-363,-12066,16,-4275,-3597,-13220,-1940,-12556,-9868,14735,15029,894,12797,-12035,-11310,-14988,6203,11217,5429,3115,-12371,-8862,6730,11990,-14845,12341,-15535,-3752,15483,-4160,3656,-8057,3202,-5196,-13931,16310,10421,-7389,-10336,12200,4636,-7570,1174,357,-1362,-1366,7396,4164,-9514,-5697
-8205,4162,9692,-4357,-4256,-10243,7553,-6710,818,12517,-2022,-4912,14980,7120,-3483,7388,11321,7500,13164,-16068,12815,-5097,15500,-13589,-6040,-5259,6337,8748,-3331,3584,-5584,-10481,-3647,7291,12584,-707,519,2241,2082,-11728,5143,-6199,8312,659,-1892,10239,5424,-1575,-909,-14872,-8307,1620,-4648,-2814,-12905,-8054,-5134,-14554,-6280,-11214,-4793,10068,-9701,2432,4228,13476,-4155,-9300,-6780,1971,-15642,-13861,-14651,-4575,10158,-3702,1228,13103,-13879,-1148,-10537,3195
7932,2720,3239,6719,1851,-2724,15048,-3261,-218,-3159,-11847,10816,10935,14514,466,-15357,-3863,11087,-16306,13666,7615,-8973,5808,-14855,-11445,-12570,13505,-9235,4778,-11254,-13591,-14480,-1537,8632,-399,8530,2963,-14434,-11114,-16242,-1183,3922,-13189,365,-2689,-10236,-5704,-4572,-5139,-4042,-12816,2269,-15280,10893,-6070,6722,15330,-7082,-14909,-14024,-13989,-2999,14068,13068,8227,9382,-4543,15820,583,-3280,-16176,-3230,-1423,-703,13527,-12432,9278,-13652,-11544,-14255,13766,6603
10987,-1084,-6134,-15514,13270,-6287,7458,6844,3127,-12883,-7082,8485,-13016,-10244,10776,-9134,86,-10609,13867,7180,-13498,8188,6314,1999,7263,-5672,12357,-14401,7750,-10673,11990,-9819,-11508,4779,-3711,7966,-10936,11073,13160,16294,2609,1571,-7714,4769,-5240,8432,-9544,-7139,10289,7215,9760,-14395,11860,-12049,-13982,11052,-13722,13176,-2654,15515,9484,8082,3859,4180,-8334,12455,-565,1223,-5416,-8159,-7715,-16017,10085,5870,-8532,13083,494,3700,9042,-14775,-9875,-11849
10424,3378,13368,5774,4235,-6474,10759,8451,11596,-11899,-7962,1844,10275,-10737,-10600,-9152,-10784,-15882,-9617,-1806,9893,-6660,-4134,15332,-3040,9675,11781,2791,-15636,-4578,-7877,12541,12411,8762,-2639,12095,6128,-10619,9941,11634,-9149,11179,-11391,7089,-7773,-5837,-934,-3257,12500,-1649,-7220,14922,10821,-257,2204,8993,11452,-9026,5761,-14071,-16213,-1434,8990,-8074,15059,14016,-5039,11126,10868,8701,13520,3000,12952,-6976,-13472,-9992,-14328,-3598,11011,10188,880,5022
-10031,-8348,200,11202,7011,-13182,-15550,-4682,5501,10789,15210,-1231,-16094,-1699,7397,-16300,3391,7729,1016,3357,-11673,-7031,-8977,8297,6144,-2494,-16187,3719,-16360,-12498,9641,-2036,6766,6813,1146,-9797,-11933,2461,4964,-4756,11606,-16090,-2491,-241,3637,-49,-13530,960,-3533,15482,-13190,13932,13785,195,-7431,-15995,-2262,-14675,-11476,-7768,9379,2100,-3865,9844,-14211,-7458,-10618,-15177,4170,14011,-4109,3246,-7574,3398,11678,12560,-6891,8141,4589,15595,-8473,2976
-1673,14857,-2905,-11850,-12174,-7129,19,-10536,-4034,14179,1279,-7463,-5558,3508,-4752,6621,-12024,12628,-1376,-8399,-2129,-3338,-12781,2468,11836,-8588,-1897,-9007,-5732,-4022,-3020,-1324,-13397,15587,-12659,-1418,-12703,1160,-1768,1971,-14903,-10849,6796,-10156,-8350,-2379,-12450,-3670,10115,-8196,-2247,1818,2759,-9180,5744,-6521,10125,3376,15176,-15080,6158,5982,2266,-4979,-436,1693,1869,4122,-6807,5559,1541,2353,-12389,-15765,-15093,-13214,7022,13150,-9354,6742,-3933,7738
15563,11900,14268,-10008,13392,15838,2077,1288,9583,-2397,8931,9300,-7194,-2632,-15697,-8430,-5593,5824,1334,1937,12590,14597,-4542,-1334,-9960,-2295,13750,14243,9393,9503,2985,-13688,1970,3518,10273,-3602,11241,6984,4311,-3369,-15831,-6932,3099,14474,12590,1696,-9129,15662,-5161,-15031,15034,-6285,10427,-12942,14099,4154,9834,-14265,4224,14715,8032,12197,-4371,-6899,-1597,-8552,10044,12540,-5050,-7203,1387,3020,-6712,9098,11952,6832,6016,-11642,-10472,-6833,4886,1601
4686,10563,-15796,-5438,-10096,-11950,-12038,14601,-7521,12012,-7566,-5486,-2289,-6361,688,-6652,-3236,802,-4182,-3236,6006,5529,13109,-14077,-12640,-8558,8087,-6030,-9804,-991,7328,7118,-8208,-6702,3742,-1457,14087,10928,-12801,-4606,12333,9437,-1230,-9039,-14657,-2355,-1059,-15394,-6452,7485,-10787,2881,6128,-4319,13028,1447,87,7720,5434,-5889,12966,1926,-7609,8049,10657,-7129,294,-10257,-3743,3461,5424,-15653,6003,-14719,8218,1972,5431,14145,-2981,-15805,12852,13771
-5416,-8183,13107,15869,6378,3245,5159,-752,6612,8488,13593,16381,-4145,-15478,2239,2546,-12579,2889,13291,-7820,1480,466,-6643,8948,9699,-15841,-7135,906,6820,-12558,-7898,-1797,1962,8988,-5235,-12941,650,-4,-6402,4514,579,-4472,5344,-2287,-1830,4587,-14868,-3482,-7962,-8704,5385,-12274,12995,139,-3946,-14082,23,15850,12553,11676,9125,-4482,-1432,13704,-6863,-9469,-3394,-833,-15127,6049,13667,-11204,2177,-15568,-12898,5242,-12568,9879,-8138,-5066,14647,-15574
-14833,-7407,-9903,15608,7149,-13697,13112,-7476,-533,-13381,14177,12219,2128,7831,-14427,-3135,-9507,15649,16183,10607,8740,-12509,-13361,-11948,-11883,-12808,-12985,-13852,-7760,-9236,9265,2094,-9925,-81,-641,3317,1596,3144,10508,14124,6627,-5732,-13159,-12744,288,8615,-13850,-8036,-3336,-9861,-8442,-11723,1036,9768,-4374,-16160,406,3814,-3660,11691,-2012,-2612,-752,9175,-13611,13867,10880,9297,12054,4526,9632,4778,-15087,11743,-7545,1668,15032,-461,1226,13784,14315,-4213
-2776,-8914,-4925,-6108,-4371,-1328,11359,-8080,-14309,-10309,9709,-8835,674,14680,4226,3057,-11580,8806,6343,-268,11722,5556,12348,-424,5142,12130,9227,5691,-14291,-2664,3489,6518,-4846,3952,-8770,-8782,5183,2368,3036,-9707,4369,-5503,12366,6763,14262,-13290,11139,-2546,-7764,-10590,6627,-5998,6349,1584,12733,-7101,-15839,-1000,-2769,8804,15264,-1619,13004,-13532,500,2199,-9395,4407,-3104,-8037,-12347,-415,-6758,-16017,-9110,-1700,-3051,-2748,8319,-8297,5220,4690
4594,6377,-14777,-8716,2617,-1975,-11805,-9343,-13741,-10089,348,10785,-12461,6188,16101,-1499,-3101,-688,-2436,-15365,2574,840,11818,4002,-12545,10265,-5102,-6415,10849,5125,-13004,3218,13219,-8806,-2629,14238,11053,2090,-7896,1047,-2513,-11411,-5500,-6727,-14147,-6440,-10660,-1512,6946,16254,13048,3344,-7677,1195,-5442,12511,-7932,11970,4745,13035,13189,-11247,425,-10180,14368,3155,6091,-10125,13408,-11304,-5738,-10134,-3185,-464,-6095,-9939,-9041,-13104,-6349,15266,-2314,1271
-12745,-11949,2257,-12289,-9098,14491,9189,1820,9540,2717,11838,14693,2427,10875,-14985,650,7921,-9277,-12811,-10397,-1000,-11179,-8192,-3260,14314,11824,8468,9213,1850,-14868,-8181,-9121,-15281,-7320,8654,-12243,1729,-9168,-16335,-14501,-1355,-11917,13410,-4972,11113,-6902,-12478,-8376,-7554,6978,-6666,16015,-1489,-1323,6171,-10571,-14937,-16281,7201,13185,13213,-7891,5952,-6482,1062,-11802,-14086,-8360,-10180,15829,10995,3729,5313,1683,-5028,-6848,-16248,5738,-112,7925,9579,-3188
-15635,10608,-11856,-6675,-3681,-14857,12083,2261,15806,-15292,6832,1542,14479,4036,-6379,-3487,14091,8569,-6163,15563,12377,-1174,11110,3877,6450,-2673,-12193,-3818,-16157,-9488,15587,10100,9828,-4987,-5306,3484,-15695,15988,-2073,-12213,16244,13962,4759,-9682,-12856,-6292,-12756,10265,-12758,4528,33,-15313,14273,-8894,902,8576,-14304,-584,1091,14623,-7159,-481,-440,1363,-10461,-378,-5103,14057,-3822,13594,2662,3466,-12315,7346,14083,8114,13799,14424,-4571,7517,13043,15962
-3733,6837,15940,10601,-313,206,-13728,-13112,-14717,15619,-10080,-4202,11246,-9547,-4061,-1855,10551,11517,-7738,-1740,4956,15265,3084,-6557,12735,-11185,598,13919,-2204,9312,1665,-3574,13613,-3604,13620,-7390,14238,-12831,-6690,14373,-13440,1505,-5378,-14688,860,-8049,14247,-1519,-13900,-15942,4688,13636,-782,-9087,-9272,3896,-2274,10062,-14890,15521,-13801,10352,-15615,-4564,-8191,15997,-8491,-15726,-8012,10020,-2598,5686,12478,-7600,-14487,10850,-7900,-11627,3510,6811,7167,-5379
758,-9799,-11151,9423,-6918,-11978,853,8597,12396,-1686,7384,9714,1884,-4551,13150,-15233,-9766,-12191,-11271,-4421,755,-8274,-5643,6525,-9307,-2228,-6124,-2420,-8357,-14232,-3980,5829,-8814,-2926,6636,-16023,-15280,-8465,6185,10441,6571,8135,11756,-12154,-7639,-10613,12787,16038,-14025,4135,-9629,3231,3287,-11682,1963,15487,8876,5084,4308,12688,-10868,11220,-6313,-13335,4931,-10955,-2791,5393,-4496,-13571,-5316,7667,13367,-3822,12446,10423,536,-9628,-14483,12074,-10620,-5812
-2967,5738,-10679,16068,2826,4631,-2806,-14799,8483,-15291,-5314,12950,-2207,-14542,7117,1922,14049,-6227,2418,-2136,-2285,-6787,-8014,5421,6793,-9828,-7755,-2696,3593,-9984,-7362,-7787,-10528,1234,-11265,986,-10034,2406,-10059,15288,4085,1870,-7281,15351,5251,3500,-790,-14757,-3279,3824,4552,11431,-8965,10857,-13413,4969,6752,-2081,15069,-13218,-2421,-5579,4657,4107,8373,10878,5459,-11011,1129,-13955,-1627,10005,6876,-12449,10085,10347,-13102,-8698,9649,1057,-341,-10950
-12996,2552,14677,-8246,9873,-5068,-14718,-2562,-9322,16360,-9239,-7417,13810,-4704,8011,-10792,-15890,-9253,-10296,-10796,6818,-6631,-3849,-15187,9124,10566,11562,-4309,12633,2612,-12706,-12553,8130,-12520,1421,-8579,-8824,1362,7560,5604,8894,-10798,5535,-12951,-4107,11402,1407,-13809,-2955,8126,13789,14422,-10423,-6548,-138,276,6661,-68,734,-380,-6388,6023,-5549,-14514,-13644,-12772,-6396,5660,1853,1685,3203,-8611,4162,-14034,16214,8092,10326,164,-11821,-10584,3779,-3549
10405,-13438,9186,7829,4403,7941,-4306,3787,-2471,15620,-16344,-7340,4287,11966,7831,16366,6386,9978,10821,-9211,-14518,3147,-1319,12780,-12292,-2550,1342,7650,-14328,-3258,-12334,15989,-8576,2289,-6069,2600,-16323,13421,-10419,-8586,-8122,-3729,-789,5437,10385,7713,-9537,-856,-6826,-10765,2534,-12127,-4608,8965,-5754,-11832,5527,14822,8685,4090,11121,-14270,-13720,-6736,-12352,13628,-12892,2325,5766,13495,14997,-3605,-7090,14431,-15508,10389,5819,12764,-16323,10673,8344,13990
10354,9347,-5628,2715,9224,-13946,15551,-8221,8037,-4005,-11889,-6930,3991,-3017,11087,11149,-1504,2953,16234,7021,-6837,6078,11448,-15621,15168,-8164,6330,8020,5136,-5121,-2206,15819,10428,12934,-9024,15053,-14514,10213,10806,9761,12252,1929,10306,-15317,-13676,-872,-10910,-9334,4100,13899,-6652,3760,7988,982,13704,-15049,5124,-8843,10519,4618,7417,-6554,-813,-12961,2043,-12990,-2988,1100,-6741,10149,11303,977,-6347,9935,8598,-3803,2585,-4496,-5018,577,-2022,-7675
8816,10668,13015,6267,9149,12130,10265,-7531,322,-227,9208,-7712,11002,-5117,6669,9946,-1374,6198,-10770,-10281,-13123,-13495,-4547,12332,-3762,7820,-8499,-10977,-15417,465,10878,11520,-14431,-7660,-7537,-3145,13294,3583,-13512,14827,-4542,-951,-1625,9604,-8991,10597,-860,15748,-1401,3031,-12389,9584,9265,-10146,-2470,-724,14557,8259,84,-5092,-5793,10839,1609,-6393,-2207,-1345,663,-8096,3470,15704,16206,-6432,-12133,-9613,3839,-6592,-4772,11332,-6240,0,-1576,12172
-2743,-1693,10270,14694,9609,5871,831,-805,-2589,-3674,4606,-1050,11292,-10876,3578,-10636,14821,-13521,-16221,2122,8720,4642,-10189,-9655,-11605,-15296,4718,14118,-6465,-3684,2302,6944,14307,5902,-4770,-1096,-13183,2639,10763,8917,14588,8029,-6895,5359,-15546,8616,508,5272,-873,4718,-7154,-16049,-2669,-3375,-11980,5177,4693,-10459,4756,-1785,3118,8028,-12529,9121,-4042,-9190,3909,-12204,13210,15931,-11808,10069,12383,10463,10674,-12821,-13399,5491,-224,-6017,14854,-9141
14771,-3871,1960,975,-5482,76,-2146,-3717,4384,4913,-12148,-5624,7651,-6116,-4192,-4535,-2496,15663,11861,7552,212,8260,6908,-6486,-996,3063,-2630,-4229,-9968,6270,-8553,2015,10786,3607,-5882,-9882,4487,-1003,1965,-12053,-7274,-3799,9056,-11523,14497,13950,-9014,15376,10330,-2485,6689,15024,-5177,-15045,8856,-5779,-6313,-12312,-13382,7808,-12061,-12885,-11044,9351,1734,11692,-4183,5493,7394,-241,-2862,-14160,1213,-2699,-16225,-12820,12871,-11944,-10120,609,2084,15145
-12872,13950,-5733,3297,607,-765,11883,12597,-11903,-13817,-5575,13604,-14224,-50,9841,15883,-15953,-15347,193,-7846,-9636,13197,11565,11933,13594,4465,2605,1337,14808,-4948,-1028,7827,7106,-10721,-333,6050,755,7681,10477,14046,5743,-15961,4586,-7867,-11978,10232,-4510,12326,-9792,-13475,2353,-13986,9881,-12142,4054,4586,-9060,-9153,7743,7273,-1869,3377,-8611,-225,15935,3610,-13835,-6594,16028,-3472,562,2327,1147,4293,14858,-6976,-4968,-12463,6253,6135,14103,7094
2404,-454,-5178,3158,10436,-9563,-4725,1424,12017,8035,5001,-12819,-2931,-15798,-7823,592,9181,-9596,-5120,-9140,-10526,-9530,-13158,-1090,-4093,-16306,12819,-3453,-9261,-10201,14034,-1746,2784,-2179,8617,-14485,5785,-8721,-11689,13490,-6869,-12191,-10178,11390,-11229,1825,-1672,6037,5671,-13941,9670,-11384,-5003,-6592,-12391,16045,-15367,-1204,-982,10256,8775,-14534,3162,-11234,-5570,-5303,-4067,-4174,-12148,813,-1196,8603,14714,-4848,602,11302,-14902,8177,-8754,-15148,2660,-4482
-7728,1114,-2481,12833,-2360,10079,-14877,12352,361,419,-9603,10930,-13042,9865,-7188,-5829,7552,8707,14460,-11891,-13511,-3789,3818,8934,8673,12755,-3489,8038,-8886,1844,10199,-8613,568,-1302,-924,-9719,-7166,30,7542,4183,11706,-9153,-1918,2029,-15241,9632,-4502,-13709,8801,-12345,-9049,-10372,-7455,-5661,4590,-2066,7796,-15286,-11395,5670,4592,-3422,-15979,3139,-1474,-11949,4493,3550,-13817,1205,-3943,-16259,10880,2221,3563,7592,-10546,-14255,7755,11481,6991,-13639
11372,-7206,-5889,8381,-14492,-6178,-1401,1485,14715,-250,-12372,3406,-13083,9793,-3604,3104,-6409,10717,-8438,-12788,-13787,14131,-5227,-2354,-13102,-7977,1547,1272,8359,8996,3201,10495,-8630,8210,-9075,-4270,-12115,-7687,-3351,-7212,-9657,12274,2000,-11867,4522,7331,1087,10845,4678,8050,13267,10190,1597,-2925,10656,7678,-3554,-12326,-7129,9337,-13833,-7411,-11448,181,-7260,273,-1931,12212,-15412,-11566,9883,-7865,-7955,10772,-8681,-1700,-3579,-6005,-1595,15364,4130,-4318
