40,
83,
2365,-254,7461,-15931,-9626,7807,3502,-4322,-4669,-3058,7594,-12977,-9959,-6139,-2980,12483,4645,14513,13203,-16079,-5990,-14664,-11411,5633,-9222,-11806,11372,-14166,-8088,12181,10961,-791,6094,6796,12510,6836,4016,15534,3964,2242,-14144,3031,6929,-11088,-6357,10668,13569,14563,4663,-15954,-12345,-1934,-10707,646,7882,-11927,2744,9916,-2633,454,16013,-4219,824,10552,5267,1122,1587,16127,-11019,-2886,10069,11734,8704,4361,10046,-12306,-7769,-4057,-2264,15559,2577,13878,-9188
1821,-15762,12741,-16311,-7394,8588,-8394,4500,-9472,-11194,389,10894,10494,-1055,-16240,2576,-2774,-9570,2975,13854,-5715,11258,-3826,11500,8229,13968,-69,5767,-9740,3666,217,6062,-101,-3390,3492,-12593,-4102,-5214,8141,-15747,-3219,15238,-12629,12240,-9211,14620,9318,6588,-1466,-11557,-3063,-8094,11479,-11624,-15767,15333,9317,10225,14626,-10383,12432,6217,-14503,-6545,-13213,-16060,-13645,-2373,13803,16335,9791,14062,12541,8866,4984,-1877,-3048,9118,7277,1726,2848,15921,523
-3714,-5137,5235,-1109,812,12601,-8039,-14898,6833,-14353,-5273,13754,7606,-7169,-12100,-15893,1215,3365,-14349,3272,-5904,-11394,-5431,12230,-9096,15927,46,5236,9629,12466,-5774,-752,-760,-6203,8946,7403,-3901,-3638,-12134,2452,6654,-15179,15987,-13779,14857,4430,-3861,14808,3064,6852,11440,14647,10529,9006,-4638,-7969,14881,4122,1100,-8430,-4249,5658,-3231,15352,623,11590,9210,-4827,-4895,-4871,6669,4510,-3830,12410,4035,4977,-15054,14106,-11643,319,4410,-15446,6266
-15613,-8551,-5198,-6335,-10839,12741,-3667,-592,-4217,-14048,5257,1826,3247,2589,-10382,15863,-7513,9496,5343,13897,-15501,-3296,3306,12100,-3756,13306,-11077,6756,-8464,10105,-8448,-4185,8418,5676,6596,-6659,14564,-7979,10999,581,-3735,5915,16343,6814,-13721,-3045,4316,12965,-7475,-423,700,-13522,4385,-12383,5652,-8459,4499,4195,15101,533,5024,-8164,14735,-15490,-4038,-14404,-2895,2918,8277,-4434,11260,-1516,7247,-9742,1637,14201,-12044,-15977,-3057,-4970,13566,-6731,6139
12372,13879,13459,-7766,-8770,15894,-4002,6984,-7744,-5508,-15300,15740,-5314,1513,163,11039,-9353,9951,-1840,-4741,3334,-9451,9849,-15803,12528,8711,15205,-13813,-7104,359,-6257,8990,-1778,-808,2472,-14902,-15023,13360,5645,10407,13397,4306,8802,12022,-1949,10483,-7533,-955,-10027,-3393,-10932,-5860,-2718,-6701,-12516,-1189,1106,-4816,-14229,-6718,-1061,-14357,890,14703,8714,12974,779,5864,-16293,-8593,8346,-10681,11022,-953,-3533,13470,-14681,-1776,-4858,-2811,-5916,13101,-14470
-6798,1616,-6369,-1791,10158,-12148,-5229,-15119,-2151,9044,8442,-10386,-5485,14939,-382,-14283,2564,2398,-5677,4637,10403,-13152,3234,-15217,-3781,-14996,5077,-13579,-1437,-5511,3378,-14635,13480,-6969,14391,6854,-546,15005,60,-12028,12681,-1061,-9853,-5547,-3992,5317,-6927,-1734,9254,12032,5985,15138,-966,9432,-9097,-707,6468,2863,10780,1045,-10059,-14118,14861,9412,7287,-15919,16260,-6072,6995,14623,-6910,14596,5509,15518,-2222,5240,14107,8156,3984,4334,-10002,13771,-5584
-9026,7672,-15496,-7705,-3286,12788,-15,-1902,-987,-12961,-6501,13833,-2703,3421,-11345,-10340,1755,-11411,1525,306,-4428,-12893,-7615,-3183,-3108,-11888,11948,4736,1249,13407,15324,13619,7619,14506,-1970,8985,10074,-10939,6759,14885,9032,-14969,7717,-4882,-12995,14980,9676,13261,10528,-4039,6189,-3536,7050,-2613,-10664,-5107,11058,15132,-2053,-16296,10608,-15293,-2397,8688,-9256,7282,-13828,-315,12727,9958,7007,14674,3114,2461,-765,5542,12310,-6345,12161,7388,2858,15790,13962
1812,2368,6269,22,1627,1123,-854,-12293,-15509,1374,7527,-13250,-13967,-1342,5976,-10894,6048,-698,-14127,-5429,7791,-11483,5281,13509,-10015,-1197,748,-13824,13652,769,7117,1452,10485,-7031,12062,12205,-13825,-14415,12989,496,-2778,-8495,-10711,-7921,-8553,-9826,-5411,-14892,-14157,7758,4404,-7264,-5263,15704,7496,11915,-1147,-10633,383,11800,3599,-11636,-12931,-15054,9234,-5855,-7359,5178,-14765,-12335,-5998,11338,8112,14606,9183,1180,1292,7063,8540,-4696,10996,-6119,11533
9078,-9762,-4493,238,-9547,7584,-14805,11051,-5919,-13335,253,8489,-93,7430,15254,-10356,9125,-5546,6751,13492,-4877,8512,14246,-6997,-2338,-7084,12329,-16123,260,-4926,5462,11392,-3593,-9742,-6164,1765,3885,12301,4173,3600,10380,-8851,-306,644,9514,-7711,-6646,1598,5967,13042,-4952,-13604,10742,6299,-14516,6944,12344,4155,-1964,-15036,-8791,-8880,5075,-3806,-8129,7740,-9907,-15997,-11308,-13800,-9397,-7333,-11348,6772,11517,-7666,-11602,-1143,14065,-8645,-3621,-15922,2029
-15010,6688,-2300,6598,-3599,-15187,10854,-10604,-10933,-2547,13352,8435,8992,1580,-2808,-11871,-2738,-14258,-10340,6480,16338,-13572,-14571,5464,12041,-11182,11239,9831,7314,5158,14091,7751,15383,-12937,6589,-16312,9737,4590,-783,10534,-5671,9138,-12860,-13339,8513,-3330,-15182,-2479,15936,-11647,-5032,-7387,-11092,-9560,10861,7548,7832,-6216,11459,-2442,2584,3359,-8521,16194,-5574,-12279,-9901,7319,-7762,-12412,15484,14561,4234,15486,-15181,-15860,2800,-11314,14744,-2109,-7468,3390,12960
9587,-7786,15253,4486,13706,-10719,-3714,-13971,-6078,3880,-446,2817,-5582,-3101,-69,15732,-12992,5134,-4669,-4718,-11269,-6058,12948,-10566,12035,-6092,5623,-10553,6590,-9278,3788,-3839,-5507,2008,14402,-12498,-16089,10969,542,-14171,5504,-1931,-15070,4029,1470,-5639,-11430,9641,-12679,-11424,3219,-924,-2418,9612,-8566,10625,-13019,11001,11738,13609,-8229,5769,-15898,15492,-12620,-9087,-2442,3333,14940,-12494,-10817,-13902,13894,5315,-4389,-10904,-6755,2149,5866,7726,13542,14825,16058
1680,-15025,2478,-7109,-15934,-4485,15852,10496,4521,-7491,-10644,11985,-8,14103,14409,10496,12569,9688,-6076,11411,-9736,4938,-11379,13640,835,788,-8970,3755,-14271,-362,7386,-3977,721,-13585,-2426,-14511,-4690,7533,-9061,1488,-3511,2737,-10083,-3923,-16361,-3619,-10459,1891,13283,15483,6742,-15006,2173,9641,14514,650,7817,-2689,-14207,3106,2217,3425,-16097,8023,-12957,2341,13307,-5248,6279,13313,-3784,2434,1099,-12188,14651,9434,9864,-5565,-12778,293,-4051,4013,-6698
12956,6403,79,9764,177,13966,-6555,-8550,7895,6730,-13509,-4783,8319,-16212,-11794,-11414,9170,-2224,1004,-5143,-1410,16189,4836,2417,11553,14405,1512,12981,404,5785,-2951,-641,662,-16350,-5726,-5467,-7951,-8005,-4383,-10822,7012,932,-14618,-6578,-12368,-2962,-8646,1560,-8810,2825,-12126,12020,1711,-15797,2643,6047,8120,-7176,-4073,-8633,-11523,14372,3399,7665,6204,-6814,-4813,6531,16176,-10942,15599,-8594,-5602,15246,-9224,14709,7042,14414,-5166,5660,-13123,-3202,-15566
-4497,6036,14746,10632,-1907,-6504,-12670,1161,11729,-3476,1746,13938,-8287,-15989,-9721,-13846,-331,-7369,754,-12008,-11876,-13577,-7535,-5209,-7623,-1424,15555,328,-8193,12703,938,1811,-5486,3592,3240,-6336,3381,-6987,-735,-11388,-1701,4232,-12730,15932,10068,15749,-15994,5753,12160,-5658,16281,10745,-767,3945,5916,-2045,-6724,-3838,11052,14950,-4091,-11219,9487,-15420,-10243,-4512,11040,2011,8822,-5306,15639,4886,-10847,1170,-8887,-9069,8088,-816,-145,5949,1293,-3017,13393
8505,3695,-8822,-10775,10296,-4470,7074,8583,7094,9735,-4513,2114,4972,-2057,14338,-13792,-9420,12294,-16156,5767,-12898,7340,-8943,-2994,-1036,13572,-8123,13000,11127,3207,13775,-3054,-14303,-9519,7686,3790,-15917,-11698,-15708,1275,-12600,1355,-11168,14010,-6388,-15815,-944,14939,8265,4911,-5068,7022,8873,-11002,-9536,-13246,-11377,10314,-1371,-7149,4501,12837,-8652,-4848,-2245,4716,-14073,-7392,15851,-4201,-5280,-7013,-3448,267,-10888,11485,12507,-15643,2241,5738,-13707,-14574,13428
10416,2109,-15852,-4065,-7292,-7692,-13076,5716,-8356,2368,1851,-26,7758,-4310,-238,-12618,2920,7846,-310,-11760,-542,-879,4664,3074,6586,-5457,-10537,7133,4467,5189,4269,12411,12902,10944,3467,5770,4504,-1261,-6676,-11995,7309,13100,2961,-9789,3128,2264,-2235,10869,10295,1687,-2155,11943,15344,-11824,4076,12643,12998,12683,5237,-9207,14217,-13300,2057,-12370,6764,2159,-2969,550,-1641,4819,13371,1881,-8656,-3338,-13045,-459,11618,-9692,-6876,-4783,-16048,-10381,8862
983,-8699,1149,6956,14784,-9594,1092,-10629,5050,-7297,719,14723,12271,-4386,12095,-12889,-8777,-4563,5738,-9828,-2204,6052,-1886,-11925,1801,11564,213,-8411,-9626,12862,-664,11803,-7572,-6080,11640,-1722,15643,3388,-13912,-856,-4021,14149,-3658,11307,8763,8165,13056,2005,10248,4038,352,15573,-15815,441,5065,-6953,7751,12672,8217,14839,-14080,-1722,-8471,-9355,-9128,-11012,-13928,-309,11858,-1439,14593,-15524,9586,8102,13349,-9026,661,-10532,-7138,-7174,4335,10232,-3825
-5075,-10531,3340,-12260,-12054,156,-14549,6675,-11817,15299,-15657,9060,-6923,-11148,-3918,9185,-9212,-9456,-7212,15880,-6614,-15578,14943,9782,-3656,-11231,13734,1963,-15921,-1727,-3743,-6168,6050,913,-4356,-16194,-13724,-7812,-8687,-711,-3146,1415,9142,-1667,-7262,2718,-7161,-5119,9156,-9303,11418,5161,3743,-11718,-9426,9142,-13778,-11689,3617,3660,-5064,16185,-1966,-12961,857,12217,-334,7712,9129,-5163,-6205,-1332,-8529,9281,-2524,5953,-185,-6184,-7441,8699,10211,433,-12565
5892,-14492,-12730,-14373,-13233,10294,12706,-4191,8360,-11672,10276,9522,-7630,8990,-11293,-15441,-5723,10762,-13830,5732,-6274,-605,7942,2121,14828,12910,8159,-11528,-3499,2258,-9340,13334,-3164,-7964,-3972,10544,3146,10011,11701,1388,-12918,-5538,3976,-5865,-15542,5284,-3256,16339,-2005,14278,-354,10584,-13362,9114,6566,-8605,4670,-5950,-9363,7389,15275,-15022,-5381,-3451,-11079,6393,-3244,-10511,-14213,-6424,-6703,-10897,12582,6924,6816,-11235,400,-2342,-11359,-10298,-11483,3395,2732
-890,1652,1723,11543,14763,-11392,-10767,10248,1498,-84,14711,4232,13802,4747,-7739,13194,9061,5995,15770,7593,13263,8852,4049,-16014,8459,10378,-4091,7297,11141,9006,4051,12734,3868,-11439,-9164,9795,-6915,-6942,4683,-6602,14841,-9837,7142,6238,6038,-12334,13625,-1315,12740,1985,-1133,-9891,-11199,-14767,-12285,-3813,-97,-1410,-10963,-14350,10456,-4156,-768,-6081,-13790,-6819,13410,-6063,-2984,6551,-649,-3757,-15203,4332,-13601,14455,-9645,-2448,3620,-13705,-16090,4287,13266
132,-11048,3028,-3224,7679,6163,-9104,13884,-96,-11100,11677,7150,-4308,-47,14970,7153,-13814,-11876,-12489,538,-12124,9127,678,-8602,-10900,-4855,10538,-4414,-11859,7723,-8960,-4956,-12491,-4863,10972,-15859,9403,-4638,3140,1286,2992,5401,-8332,-1481,10771,5195,11420,-645,-6113,6080,1946,-12078,-730,16083,-5343,7279,1452,14773,-9744,-5824,-12232,-4981,-3250,-5202,-13219,-9397,62,-10573,-5186,-437,-11728,-14646,-14953,5643,-2381,-10032,5898,-1559,8476,4111,-14761,-11923,5039
-15682,-16222,4559,9565,-9824,4520,10623,11236,-14207,-6098,1472,-10685,3174,-9964,-1952,-13333,8930,6965,4224,4365,-16006,-3374,6748,-5357,-738,2141,177,-11172,-13916,650,-2721,5301,16363,-12467,6378,9520,16139,12205,-178,15566,-10183,-15055,-11255,-4167,6534,7308,5784,10397,9222,-6318,7203,859,4875,9955,-9011,4781,1645,-15756,6483,-7141,4109,1643,16225,-15383,-4243,13921,-9199,14329,3896,-4809,-2474,-12079,8469,-11733,-10308,14431,-12972,7398,3743,14396,-14096,-5502,-15536
13074,-14502,13041,-11017,3630,-15442,16140,6886,15861,-2862,421,-12519,-4645,1904,2951,10399,11703,-14921,13623,924,15493,819,-1295,13841,-11079,4031,5731,1409,15769,-1568,-8408,9582,-10414,-15309,-5995,-5374,4869,2483,5737,6460,1684,15581,5495,-1709,9821,5629,-6486,-6629,15445,-7143,8023,-4419,3144,8614,-7819,-14886,-7322,1535,5229,16063,16032,-12623,5844,-1037,-7526,13151,8456,3622,13198,2819,-11786,-9143,11560,-2641,5464,5510,-7016,11215,-4682,7863,-2496,11298,-13474
-5640,-7169,-14625,-15550,3365,-10088,15357,14636,-10958,7509,5281,10541,4734,-5509,4835,-6640,-1178,15795,11734,6174,8183,-8229,4050,-1685,13301,-8465,3823,15106,-6268,-9680,-845,11734,11299,9683,1063,5367,12037,-8416,735,-13574,-14475,-15872,-7844,-14770,-4506,11063,-5466,4922,13976,7569,2352,-58,-4000,2768,12838,12938,-3707,-13502,14414,-9454,-8868,4028,-6113,4063,-11593,-14707,5017,-6250,-1904,8627,14817,15201,9100,-1247,-2085,4473,844,13728,1123,-6735,15184,16275,6370
-4032,-4539,-5220,-13400,-2760,5225,15792,-7822,-15287,3140,11877,-12316,-9641,-3511,-869,8879,2276,-3937,5971,3757,-12767,-14174,-14253,13881,-16291,2363,-2574,11765,11444,-11343,-13651,8222,-932,15785,1312,-12987,-11296,-10126,3996,2840,11599,-7463,-6147,-1155,7522,-10397,-4368,14291,-3391,11981,-10806,6808,-15873,3557,7057,3075,-506,8692,4184,-6218,8499,4362,6233,-11949,-4240,-4848,-1628,-12326,-14518,9393,10542,-10237,925,4407,9238,-3957,12246,2172,-10345,-9729,-9926,-12001,12030
2525,-3019,4597,-15217,-3560,-2362,15949,-1900,6603,-13938,-11287,-8691,-1151,16142,589,-1767,8180,11079,12615,1455,1652,6062,-929,9587,412,3050,3348,1331,12728,4723,4357,9056,-10817,-9913,11887,-5001,-9496,10775,15894,-6634,7891,-450,-9647,-8423,9903,620,-4666,12647,-13642,-5481,-15287,-8307,1368,13926,13058,9648,-16015,12697,8649,-6374,7540,3798,-1927,-13165,13249,3607,-6389,-11527,10001,7146,-7237,-8196,-7510,-7585,10072,-7848,8481,-15088,-3066,3938,-12400,-9605,11200
7838,-5594,12903,-3261,2425,13124,4958,-9185,-16381,-5985,-6259,7610,1035,11425,16099,91,10823,-270,2411,6101,4730,-7992,-11695,3571,3501,-10053,8225,-11831,10440,10543,12982,15059,-11784,15232,-12290,-2016,15920,3138,6543,-6820,-2888,10665,-10502,2187,-14525,-13398,-7976,-2565,-1975,-5302,12506,-786,-13081,14909,-2780,-12316,-15755,-7572,-5525,4408,-5473,14907,-14927,-12384,-5719,-12471,3556,16334,-12220,-6427,9474,8095,-6369,3725,5297,-10573,-14085,7563,-4240,574,-2548,-12073,11077
1690,-14522,9990,-13564,-5927,-14447,-3926,-4107,10998,-12850,-361,-12499,2426,4004,8217,2833,-12165,9316,1165,7088,4821,8855,-15623,-8869,-9373,10037,-1053,-3815,-6581,14445,16149,-4387,-12138,2454,-14325,5740,-4333,12148,16344,-15003,-16126,-7682,13423,-12378,-7633,-3725,-3195,-3196,12775,-2366,9516,-12319,14272,1532,-9224,14328,-3890,11992,-8293,438,14586,1345,13463,3526,5415,-1657,-290,-1367,15136,7301,14112,-9794,15143,-10451,5395,-7194,-11319,2393,-3956,14158,9368,14915,-14291
-3980,10408,-1848,-756,809,15458,12881,-13691,9230,3869,11080,-15488,-660,735,-1697,3246,-15760,-14778,6229,-8856,12853,9508,-15632,-6782,9157,-12181,-1765,7472,8173,-5507,12342,4892,61,6292,-6918,-11999,12172,1912,7460,-6737,16045,15920,2275,-5305,-10119,15449,-12149,10478,-4728,-15248,3844,12596,6692,4669,9887,3789,6047,7178,12439,857,6465,-8888,-7747,7038,13307,-7372,-6696,15827,11277,-9961,-12663,149,2933,11635,6562,-13535,-16238,4720,13681,-7482,1656,3027,5818
-12411,3109,10790,-4442,10849,6142,4931,2402,-1600,5025,3046,-1101,1177,15533,-6017,-12527,13409,14069,-2930,-7533,-5585,-2924,6487,6452,7912,-5639,14811,12925,-1756,2890,3490,741,-14010,-9054,2172,327,12618,-9786,14474,13441,-12266,-13911,-8593,3177,8744,-13111,-1304,-3180,-4891,8967,2284,8981,10142,-14153,-15597,-6884,-2539,13866,-11835,-13526,4510,3932,-16337,8972,-11247,8972,14719,16287,-15426,-9188,-1841,8687,5880,-8644,6582,-4046,-13917,12979,-3886,14418,-2672,6612,765
747,-10157,5443,-9518,-3491,9242,-2414,13029,6369,6973,9887,-11080,-12335,7290,-5080,5955,-1846,2684,6137,-12807,-2884,10636,1128,3677,-4811,-314,-13226,-7758,-8235,-2765,-11091,-5598,-9116,2890,-5171,-13209,15993,-6166,7130,-2907,-10489,-498,10887,-4232,-4210,8490,5270,-14734,13671,-13121,-2994,1585,-4525,-6747,8510,-8077,2612,8631,-13661,-11401,6737,305,2307,-6192,149,-1573,3427,14199,-9027,-14728,-12384,-2320,696,-3229,14658,-2489,-3640,-5948,-2621,6560,-15292,3217,718
6057,14731,14782,-11014,11015,-11032,4229,-702,-2755,-6868,-3850,-5754,-11302,-6744,-7296,12372,8629,-14119,356,8089,-10677,11319,3793,1481,9040,-16380,13953,11333,-15610,8019,-4250,-10086,-15286,11356,-14086,-9586,-2008,-10171,-396,15938,-15164,5836,-4155,-8054,-10744,1153,6105,7454,1233,11668,-14551,7526,-5215,2277,12509,-1192,-13265,-7843,-134,-4732,16022,14905,-9528,-11592,3745,-14417,4044,-8644,-2244,116,13701,-1579,-9931,-1324,-3998,2377,1230,-14196,15271,14800,1217,3090,13103
9639,-6831,8561,-1206,-2421,-3865,11163,-13392,-4161,11409,-10165,3610,-14214,561,11752,10944,5864,-11148,-7196,-1170,-14037,8043,-1669,-8248,15528,9037,-10179,1767,-1151,15637,658,5216,5489,10467,8334,13551,11986,-11457,-14374,5799,9232,-2546,973,-7384,13394,-11436,-812,10845,1885,-10892,3516,4993,-10461,7413,-1236,-9218,-10670,-3817,2009,10526,-15261,8159,13106,1335,9519,5485,5283,12907,-10161,177,-7963,12325,5034,-14830,4766,3824,7922,4915,-11562,12125,-8177,-2221,-15943
8371,14828,8695,9631,-15758,-15740,-16168,-3218,5951,2718,-5203,8727,2675,-1032,-14448,4255,11368,14857,-5908,-13306,45,-3058,11855,3418,2573,9325,-5351,12708,-6945,-7204,-2861,14149,-9692,-11288,4620,-13517,-536,-12831,16189,15501,6692,-1458,-4457,-9683,1078,13427,14571,4269,3906,11063,-1629,11473,-14780,423,-4327,9323,-6340,-2057,-9703,6706,7486,-12612,5713,458,-10623,882,7264,10222,-10008,-9451,-140,-349,-6573,12601,-10709,-5893,1610,-8472,13175,15396,12723,11285,-4688
2400,-5213,-6288,-11301,15818,2534,8749,-1579,-8083,2752,9213,744,7333,-5748,-14299,-9550,13292,11819,-10393,8106,12772,14976,10310,167,-15505,-4750,5646,12211,-7301,-6067,-4185,12596,10434,9136,-13651,-5864,8471,-5453,-7846,-11064,4321,-3339,1930,16372,6242,5968,-6523,-6265,13555,411,-11537,7628,6878,12089,11261,-8702,12406,-5086,10418,1011,8166,10059,654,767,-3285,-3480,304,-5480,1990,10346,13654,7396,12927,11661,-4587,-5748,-7094,4298,12503,-10568,8048,-10264,2006
15807,15331,8760,-11987,10249,12837,-1942,-15130,11296,-9024,13936,-5193,13308,12029,-12146,839,7426,-15154,-4063,-2302,6729,4199,-10092,-13168,-11396,15806,-2283,-8982,-11855,12685,-6330,-1705,10677,6571,-2285,-706,12611,-6160,11248,2572,2185,9783,10264,4384,13409,6983,-15680,12945,10695,-14680,11654,11605,6859,-4318,-3694,7603,15468,-15870,-3961,-4010,-2285,-1794,-10990,1489,-10921,4765,-10495,-5591,-2398,-2719,10201,5384,6425,3342,-8498,-4107,13987,-10460,-14122,6936,13014,-6806,-8328
4000,8088,11860,-3001,-8106,3784,-13354,-14375,-10652,12966,11538,-15040,-5836,-12620,-5474,5288,-5731,12375,-7329,-13570,12693,-1671,-7561,-8052,-5636,-4878,-15193,8699,14121,14363,-13917,-7874,4163,-4480,-6436,-14168,-4354,-9317,-8363,9081,-15025,13107,12015,-13884,-12522,718,2745,-3208,10472,3759,-9410,7974,-11733,-6603,5290,3310,-9170,-13081,13093,11945,14000,11762,-9459,5323,-1161,3704,-10559,1618,-11129,11290,-11672,-996,2401,5165,4666,83,2602,2896,8062,383,11626,-2385,11288
-11777,10630,-5654,-2455,-16216,-13269,-5648,-12808,-11382,-1589,-6302,6513,4703,-107,-5897,8511,-1914,-6514,-9710,15961,-15859,-13898,14562,-16034,-12308,-8515,4044,5262,-9842,15000,5904,-6946,-729,32,-127,-13125,-10010,11483,11083,12404,-8375,3438,-2538,1333,7648,11742,-14734,-15710,-5926,6164,14440,3893,-13498,-13829,-15734,-14833,-8111,16221,-13628,-7703,-13003,4529,-14369,-4114,-12388,-4093,7168,15131,-7938,7753,6685,11383,1632,906,7594,-248,14505,-15492,-14755,-8192,-1244,14922,5710
-9597,11941,9654,11927,10023,-10791,5063,15940,12983,-5081,-5763,-585,15556,15164,15535,-10920,-4716,-9650,1948,-8692,-7193,15149,-1422,4881,8307,-11152,453,-273,-5666,-5886,-11052,-5150,15369,-13954,-14875,9964,4416,-9967,-14385,-11032,-14166,-8164,9994,-2630,-7970,-1504,5784,13419,-13572,12174,-4251,7237,-6496,-7483,-5748,10923,11163,15553,1284,-15085,-13360,4882,-15020,-9922,-13063,11852,-15667,-2393,13831,-15337,1606,-14603,-11763,-15069,-7396,13396,-5359,8751,12462,-9492,-440,9607,3096
-10579,-12733,-7713,-14897,-9467,-4377,-7601,8585,9239,-13484,15061,-7334,587,-13012,-82,-4459,-7647,-13217,-9412,15796,-14199,-6488,-3698,7653,-3171,14085,6290,5415,1480,-1266,-15644,-10803,1037,-8539,4944,10988,-5417,10752,-7279,5100,14455,-7690,12281,-13807,-1493,-8910,-5938,-2233,-12057,-13738,12680,-14059,-9617,-820,6430,-4757,-5169,16079,794,7499,8953,-11168,11525,-6249,14253,9026,11242,-3904,4798,-12792,-6743,9586,12406,199,1594,-14899,3642,-13953,10842,-15767,-1840,-5435,5259
