40,
84,
-1743,-12087,9039,4562,-14395,-12897,-4168,-10369,-14175,7528,-10254,-13343,6790,-16084,1727,-9087,-9993,3378,13528,4071,-4216,-15025,7941,-10831,-11053,-14103,-1354,12122,7712,8806,12056,8491,-737,-15777,-5486,-8492,5566,14401,-1061,10725,-5254,-1402,-15680,11856,-5998,8251,-2385,7356,-16102,3827,14015,-1983,-7667,5435,14326,-13148,4492,-1732,-14497,11310,-648,5327,-4339,6027,-3608,4004,-10552,11131,-4703,-12483,6578,-15027,5622,15025,9049,-6211,-1905,-10230,-4154,2338,3586,6071,-15589,2851
4578,-6812,-4269,1220,11003,3528,6908,109,-13259,7863,-14204,-15951,14754,-305,13895,-4985,-3549,8176,4323,-6447,6335,-6921,-5566,-2958,-8370,-6523,6270,-9252,16040,-14776,-5577,16286,-6040,-3496,12588,9764,-11163,11513,-1473,2124,13264,-8788,12581,-4178,-10680,-278,4283,12101,15475,989,7807,118,11748,13136,15625,-3250,-11257,-347,-4208,8922,1405,7057,8627,-11595,11957,14562,-10219,-16161,-13041,-2213,-9069,1216,9454,-6706,6312,281,-10565,-6514,13127,-10281,-9833,11453,1085,10361
-5845,-9700,12128,5839,-13707,1925,1545,-556,-10619,11829,-8643,15964,-2509,-3776,6353,3449,-12323,-1584,3595,-9052,-3506,11355,-811,-2792,-11633,2262,-1688,1819,-5993,-9583,-13393,-14704,-5580,-8028,107,-16218,-13791,14205,-16230,3724,-14172,-13385,-15555,14093,8109,2425,12749,-13763,-15942,1190,-4197,5692,1957,11918,-8977,-15749,-6958,1995,6455,-15491,9918,-12911,15835,-6271,3666,3721,12642,-5491,14199,10005,8358,-11619,5554,15573,7487,-10137,8222,3084,-8773,5414,-8523,6501,12497,-14310
-2858,570,4213,-15132,6523,-9927,-3414,-6533,-6330,8047,1646,3044,3328,14832,10089,-10369,5706,10628,-7732,-1146,3958,-13400,449,3008,12168,-4903,1636,-2224,1040,8465,-8464,-9664,-7838,-11501,-11809,-10789,491,-10760,-2144,1671,-538,-3677,-3632,-12202,-99,1552,-1669,-5089,-12294,2180,-3832,4849,-3762,-2433,-13212,1737,-7211,-2801,-3087,13557,6242,4500,-3977,-9046,3287,14840,10667,-1658,12722,2500,5293,-14138,7841,13080,13997,539,8038,-11538,-1457,11541,9660,6688,-2547,-15386
7937,-4703,9902,-8531,2070,11981,3683,-14200,6353,210,14195,13502,-5990,13314,-11225,7212,-13345,2637,13383,-5856,7836,-6745,6747,-15055,247,-12921,-12802,-13148,-4829,2448,10701,8109,727,-4195,-526,5470,5987,-7399,-2901,-12051,-13435,2003,2757,1906,-13891,-10287,-14029,2073,6119,3741,11359,-11192,15854,5584,1167,4349,5564,-12825,-7062,-16033,2720,-4767,-13261,1911,-4596,15272,-174,8534,-8286,153,7139,13070,8644,9047,6227,-6230,3222,7164,2611,-138,-2900,7841,-13709,3249
6519,7028,-13655,-7537,4928,11364,10502,11549,16315,-2768,-572,9521,7315,-6793,11544,-9157,3298,10546,3875,3726,-8316,-12146,-50,6066,-4788,-8650,-5710,2420,802,2230,15647,2357,-3910,3728,-7569,-7316,2013,8428,-7410,-4845,-10264,10076,-767,12038,-427,-5927,-1364,-3741,-6116,-126,4265,-15237,15025,10518,12794,-6398,9648,3170,16008,-12188,13148,7838,-4470,-2494,-9221,11060,-15751,-4934,-2745,-1175,5685,-14158,3993,-12009,15393,684,10653,205,-11813,-6071,-9929,3731,-13201,-7606
-13317,6882,14506,-7214,-9141,14595,-11569,-9353,12968,11612,-6674,-11079,6074,4471,-1619,-14849,-16097,7113,585,-3336,-10572,12540,-12599,-14065,-15308,11455,6332,-14512,15248,-6915,1835,5087,4793,6957,6267,10325,11121,264,7287,7040,-9765,-2178,-10469,7552,15600,5801,10098,3383,-10889,-8537,-5507,4859,-4042,14371,-7171,-11767,13263,-12794,-7016,11748,14933,-3308,-2749,-16363,784,-10464,-5904,16063,-10267,-6979,2562,-4044,11687,-4398,182,4977,10941,-11501,-4465,-15781,9326,1162,-6883,12623
6562,-15182,-3266,13181,13927,-4154,3722,619,6134,-4619,14149,-4508,-10095,-9745,6551,-4151,-4313,-16352,-9067,5933,-7458,11747,-9619,-87,9338,5623,645,13239,-1427,-9907,-14222,915,4040,1009,1909,2301,-6473,-7400,5783,-11290,5996,10156,-5002,5344,-15661,3833,-14194,15835,-14761,-6014,10177,-10142,-11843,7450,-413,-6673,-3392,1001,13303,-383,8021,-6214,11587,2188,3512,-3053,-324,-9739,-15562,-10627,4050,-3628,-4076,9036,12559,7091,-855,9653,-3437,280,3652,-3809,-2162,-7526
14714,-9247,451,-1375,8606,-10498,2118,-4404,-8528,-10845,2564,-8322,5001,-14017,11994,10807,-1709,-2309,9924,-2795,6154,1581,-6765,-411,-3763,-9940,11606,-8859,-12062,9329,-8144,12149,4632,14819,15822,7689,8640,8724,11970,2421,-15273,-4500,-5639,-12811,-9825,5479,-3175,2659,14374,16281,7317,14676,14183,15955,12203,-15420,-1854,-13275,-1881,-1119,-12506,6948,11590,16150,4381,-7372,15246,11540,-1499,-4476,-7238,6703,228,-9067,10423,-8651,16268,-8095,-10284,-5820,-5611,-13660,-15549,-14429
1706,-15282,16062,3690,7444,-2733,-914,-6087,-7486,6189,2201,-13633,1826,7188,9459,10307,3343,8916,-6008,1659,-4609,-13254,13640,-2793,13829,-10191,-16107,-14028,-6184,-7232,11050,12267,11613,9473,13519,-4848,6796,-16101,14292,15887,6314,9106,13003,5295,16042,-12904,1097,12278,2128,11874,-4642,-8015,-1532,-1482,-8894,-5212,-15323,-10217,7264,12948,-10545,9337,-15423,7850,-3354,12279,-12400,15119,8666,13482,-3541,-14711,-13477,12402,-7469,-601,8943,-6327,-7714,2884,-7396,1540,-9405,-4017
-15530,11409,9321,12240,16376,4096,-5763,2624,13339,11540,-14314,6003,-10080,12281,-10039,-7514,-13346,7334,13555,601,-4773,-12284,4992,2750,5063,-16371,1954,-5084,1834,14381,3208,12791,-14132,-15350,11410,-4155,-9888,5798,14979,-5312,-1909,15711,-423,-10708,8532,-6991,971,-14592,-14372,13257,-16058,-11812,4505,14645,1926,-9562,10562,-3949,8008,-2591,-4101,-14846,6327,-1154,-1943,4158,14926,-13183,-4684,-15401,15511,-12846,4656,-4983,-3322,-3233,10245,-8872,855,2546,-13420,-11658,660,12745
-14135,-5633,16086,-13212,6678,-9048,-3426,11205,-11738,7217,13265,-15449,-10161,794,7763,11879,-10950,12628,-1270,10029,-13426,-15167,-15786,2491,15279,7695,-10029,-3796,-2910,1663,-6038,563,11209,-726,9075,8500,-9399,-9215,1867,11442,9750,14861,6371,-13801,9892,9228,-6765,472,-11854,16062,916,-15910,9484,6956,13232,-16089,11610,15283,10290,13676,8548,9214,-13325,5573,1017,-13784,-3313,-13246,-14030,13920,15254,-13514,4179,1311,405,10410,-2265,-6186,-4652,-3518,10363,6184,-9018,-16129
6004,11885,-4934,-6531,2352,5640,-15858,-3961,4557,-1635,-1932,-4185,4424,-55,-10787,5098,-8985,11240,-6425,13606,-14363,2537,-396,12308,-12457,-13607,-10466,14220,9989,3888,-4710,-6984,15063,-3795,7117,-2779,15487,10487,15582,-5108,-12211,-15987,-5111,11194,7248,16072,12473,5043,14334,-6652,-3261,8693,-13806,13507,-16225,-2304,-5350,-9158,-9093,2412,1544,14175,3184,-12575,1240,-5364,-11534,1597,-2527,15461,-2170,-9289,15683,-12874,9771,5764,1372,9634,6579,-2016,-13516,9758,-15229,16112
-10180,15765,-746,7696,10952,-308,-570,7145,-16271,2235,2036,-3266,-15863,15900,594,5642,10877,-10042,-200,7417,-2440,12041,-15196,-11631,10523,-3605,-5984,16378,-1925,-14491,-2060,10570,10197,-2899,-9783,-3670,-13323,16031,3927,4038,-8042,3667,-6568,-2097,4920,1136,13737,15259,6557,644,5368,-2288,13590,4416,-4304,1537,6045,1542,-9660,-5125,-3211,-11930,-2736,11871,-10647,-14509,-505,-11753,-11471,13159,-4690,4314,13044,5773,-29,-9056,-3976,9246,1083,82,-14870,-14005,-11396,-15284
6143,12605,6884,-10327,-6557,-12460,3313,-6586,-5839,2688,12056,10662,14578,-9254,10025,-12599,-11162,-10743,-14502,-14045,492,9906,12487,15842,15397,-6404,-5265,-16253,-10690,-8839,8101,-1368,9733,-4812,-13693,13156,-13461,14089,-602,-7218,-14464,930,-4129,-4964,-10584,1814,5921,-12283,-4219,-8175,-6797,-8992,15065,-7247,15044,-5369,-2338,-10951,-6999,-665,-14289,-9184,8591,-2790,-12766,-2854,-10852,-7749,670,-12843,-11558,10711,-10820,-1529,-11779,5863,-10036,620,-14597,-9285,-15624,2131,-11306,-7505
9373,2218,10633,8931,-9903,6838,4980,-3198,13114,7785,-16101,7608,2750,3132,684,11520,6860,10442,-10610,-4851,-15105,15296,9635,-13843,-10881,-15427,-4950,-3571,6404,6123,-15987,-4350,11507,-13403,12718,1163,12055,-2467,-12095,470,-12133,-11065,15786,10391,14286,11485,9228,-10471,-3318,-4112,-12458,-1866,-3364,11587,-13746,-15307,12864,-13147,11192,12185,-8302,-13767,-15588,15444,-3009,-15576,-16106,-848,-10822,3028,-5697,-6048,-3737,-1345,-1663,-13971,328,2094,-7768,-12290,-3669,-9018,7191,6540
3507,-9178,4027,12989,46,15106,-2614,3869,11471,4013,9108,15201,13705,-459,11178,3831,-2391,8817,-6080,5511,-13470,-7307,-8480,1204,-16180,-11400,-13053,-8449,-363,-9232,-7992,-5913,-3556,-8518,-4007,-14617,-16000,1099,-10338,16130,-646,15129,-8330,13127,15128,-6348,-1743,-6720,7544,6652,-11491,-3541,15388,9186,-15497,7347,-4106,-3021,2375,-7115,-12700,-12411,-6869,-13482,-15461,-12111,-6143,3455,-9554,11850,-7599,-116,1674,3379,3451,-9199,-13570,11921,664,13017,7123,6508,-7079,-2226
-3845,-8233,416,7669,10369,-2577,-6514,-3799,5572,-9585,-14938,-11021,2687,-2992,7016,-14844,-1230,-11288,-1104,8830,-12910,5293,-15367,-11563,893,-11193,-2283,-14583,3801,15666,-6382,12355,-9990,-5237,-3847,-16268,-14373,-3485,10765,14984,2652,-6444,-9162,-13974,9706,5968,-5875,11021,-13634,-16191,13253,15152,10773,13313,768,-4259,918,-10882,2149,-6113,11238,-10522,3974,-6297,1254,-7764,14106,1650,4569,5926,6539,-11528,1769,8182,3772,14961,-15047,-5390,10365,7854,-3864,-9776,-11788,13529
4157,1503,13419,12224,-11525,16226,9033,1873,-13595,-1189,2454,11376,-7112,-2663,-9012,-12114,11165,7882,10720,2506,3086,-8165,-3683,15838,9913,10091,-14134,14427,-16114,-6530,9036,10157,4187,4582,-5912,-11321,-3763,-4489,6222,3957,7880,8268,-8882,9964,13465,-3364,12464,-14048,15029,14243,6406,13138,10207,4681,14840,3561,14153,-5518,8425,-7219,-4379,-7402,3095,5297,15741,-14639,5848,13064,15163,1090,-6526,12658,7760,-1809,-4634,-246,13341,-13549,-14038,16351,-15318,-3582,-9255,-13091
14974,5690,7947,-13681,-10318,-11516,-5537,-15,-1989,-16053,6877,-7279,11365,-2972,6663,6472,2695,4173,920,15854,5534,3292,7776,-2653,-2566,-9121,9000,-2355,-7445,-780,-9196,-2529,-9795,-14213,-10421,-7241,-14467,10540,1111,-8877,15295,-3093,3082,15223,-6362,-14896,-16099,9078,-7430,-10718,6207,12322,-2700,-2750,4997,-1310,-5088,4740,-2033,-1830,4863,-5969,13561,11379,-2413,10699,4959,16295,-14137,-8528,14794,-4788,-1950,-15940,-7402,5783,-10562,7345,6771,-13791,2981,16067,-15221,-5663
-1054,11095,14037,12302,10099,-10319,-5094,7115,5767,-8895,13020,-965,-703,-2222,4853,2344,-6682,15636,-9199,-16243,15629,3329,11324,-9266,6749,15892,-6423,8373,12432,5048,-4043,-145,-12753,-12319,11424,14784,15630,-13559,1110,1415,11911,-3291,-15144,6918,124,-16115,4130,1990,11572,5483,628,-8449,-548,15890,-9900,-7967,5505,6999,-5983,1831,-9794,10351,951,14247,11842,14140,1297,-3354,-15608,10218,-11368,6916,3376,-14382,-56,3268,3482,-9285,-14412,-5107,13151,-6222,-10592,2876
-9687,7873,-6196,-6514,-7334,10363,-1477,14025,2150,12665,-15080,3296,15857,818,7533,12119,-3111,4365,11576,6651,-4381,-2266,13891,-9483,-7757,475,6619,-15418,-16222,-14329,12454,-14043,6567,-7260,-7441,13630,-15722,-6805,-15031,7479,-9668,6075,-7466,4367,-16053,2179,13114,-2486,-6068,-16192,-15660,11994,11873,11659,-9370,-15220,977,-8380,15453,-6633,-7054,-13125,-7724,321,-14428,8010,11939,4131,10660,3920,5271,4768,15446,3851,-4089,13058,2522,10388,-13578,13021,-15149,-4445,-4199,7534
1618,-10698,-14244,-11437,-9229,-76,-13774,-4818,-12418,15531,-13685,-15450,3134,7486,12097,-13128,3825,-13258,-6013,14065,-2134,12152,-5832,8896,14305,4585,9782,7169,-4348,-15736,-10421,-12477,7030,-11829,-10110,9369,13598,16048,2322,-12175,1651,11485,-12339,3915,-537,8311,11796,-4543,-7893,15911,-14148,-529,12446,6111,2520,14650,-3362,11620,-11199,-9163,3945,4153,-3986,-15748,-13745,-12188,-14753,-14309,-8474,6098,-13919,-8357,10880,11273,-12995,-14224,9041,1699,5970,-8420,2119,-10776,13046,3356
3333,11361,-8329,-10276,6418,-13380,4877,8662,-8114,-4787,-14521,-11780,-9317,-8691,4904,-5351,11417,-7917,-5945,-15513,468,-10399,-3933,13595,-10201,-10673,14499,8895,7355,6645,-3831,-3837,-6238,9434,-10526,907,-2511,-13364,595,2078,-13363,-15846,5034,-10033,-14426,-9363,9584,-14380,9133,11127,-2785,5619,-1833,-11081,4449,15471,-1139,-15761,-14360,11659,-3396,-939,12026,-2740,11466,-3613,-7106,3629,10900,-14739,248,2873,11928,-14663,-5865,-14909,-2358,16062,-3087,11178,1506,4665,14418,-7371
1143,2196,5781,-6686,6644,-12059,-7994,-9041,13623,-3031,5246,-13404,-13912,4967,10199,-9993,2653,9582,-15834,11473,11238,-6331,-13754,5060,-5241,-9421,14502,-6343,15328,-14306,530,14931,-5343,1783,1900,2397,12178,2871,3683,-11966,4950,-5244,6329,-3925,12767,8487,-2397,8204,-11886,4934,-14292,6271,14135,-14683,-1507,-13304,2430,-2528,-2002,-8633,541,7839,9480,1751,-12265,2297,-2426,11578,-1469,16033,5924,4021,3305,-6340,-11117,-12931,13901,-13829,15774,-14246,-828,2105,5381,14954
-14187,7654,-15176,-13185,7971,697,11402,-10547,6805,-3967,6205,-15021,3131,-7687,-1372,8246,-709,5033,790,91,10566,1945,6600,5247,-7248,4589,14986,6804,-7453,6430,-13158,-11000,-4576,-11602,-7400,5579,15648,-8402,1934,-3418,-8277,8609,14946,-14284,6765,-6033,14376,6096,10137,9731,-9673,14322,-9851,7579,2999,-7960,2108,-7364,-3124,6208,-8546,8879,99,-15774,11791,-14714,486,8546,9745,-3317,10297,10929,4565,2369,-1758,7875,-5613,-7720,7403,-2251,6655,6368,975,900
10492,5667,12946,1523,-1662,10962,12349,-15580,-11597,10528,-15138,16268,-6391,-8036,-5906,-14455,-5851,-16080,5608,3542,14170,-12992,-7107,-14455,-6096,9349,-5411,15505,7799,5058,-110,9164,4057,14997,-8490,-368,5210,7920,3315,167,6212,4227,-8874,11632,-9425,14224,12956,7522,-11839,16148,5853,-5763,-10454,-3256,-7538,-12550,-7096,10046,14047,11309,13404,-6624,9908,-6075,-13027,-2664,14941,4928,5354,-12232,-3044,8985,5657,10564,5617,-13708,-1367,-12187,1085,14511,-7841,5771,-12370,522
14291,15593,15486,12955,-10470,11210,16063,-11098,15501,5287,12829,-11206,7178,-15271,-1595,-8708,10137,-2179,2947,4126,-418,-15703,-12226,167,-13537,8198,-7649,11566,1405,7874,15539,-7855,2715,12242,-15175,11763,-5090,1317,14969,-10594,-3263,7801,3684,15009,7091,-9929,7359,2215,1624,-8485,-10819,13153,5862,-13644,13558,-1860,-1050,686,-15459,-7069,-5791,8680,-4151,-5448,-13834,-2446,3699,-6221,-10386,-13728,-9835,2545,2957,13320,-16188,-7676,-8170,1694,-11984,-1362,-852,-5655,11802,-5095
16112,-14949,13252,-8498,5801,-175,7392,4617,1631,10075,-15758,14991,-5457,-3790,-13688,-5061,-4346,-11862,-15137,-116,7474,11677,4656,-2405,8127,53,4012,-11853,7300,564,7126,-12747,15985,-8673,8566,-15640,1453,1528,9169,-6926,9349,-5916,-12884,6775,-15372,-16033,12058,-15073,14808,-3750,-15953,13989,992,-7820,-1076,-751,-10518,-3041,6715,4927,-3652,-7111,-11113,-15313,12903,-2550,-5627,-10025,-389,2727,-10685,8915,9858,-2583,-2131,-6557,-5476,8837,6513,7893,-2222,9288,16103,-1058
-111,-6633,-15480,-2444,11515,1957,16125,11154,-9389,845,1373,-7061,6557,-9155,3438,8219,12884,3232,14357,15471,-7745,3460,5527,-15453,-6150,-13673,16308,11838,-10666,6578,-7549,-1802,-10966,-897,-5379,351,-14553,8101,1109,-10191,16035,7376,-4343,9733,-6984,14977,13907,-5814,-3557,13019,10218,-13945,12708,824,-13569,7220,-7246,11630,-6386,10178,3776,-13469,6390,10027,-10728,15349,9274,14115,14488,-5494,-12498,-11849,1606,14396,14095,13393,-219,10772,-6773,-4838,3459,2983,-6387,-1208
7604,-673,-16217,1277,-15020,-5617,-8972,-9561,-3878,16076,2947,8844,4949,-3175,10836,12763,7109,-5764,6504,-8928,14990,9667,7079,-10102,5738,465,15235,-2768,-7117,10311,13757,-13675,-13119,-11038,15565,505,-6728,-6019,12770,-12973,-2232,-4251,15056,8434,13838,-12830,-4140,6138,-5966,-1784,-12853,14548,-8395,897,-12,-10800,11583,-14710,-13089,4328,16113,65,9313,-11329,-4948,-4830,6264,12058,6050,-9321,3759,-13546,2129,-8175,-12895,-7964,5413,2578,7483,2154,-16158,2383,8210,-14281
-11384,-5170,5496,-9083,-3001,-9844,13789,11272,12192,1502,2339,14308,-15823,-4208,10870,2371,1238,-9469,436,11794,-8249,-10955,-7766,-13285,-12100,-10139,7173,-4466,-5359,8703,12718,4761,-5143,2208,16130,-8563,-12219,-9886,-1517,-5057,5810,-3780,-10050,4071,-1787,-1925,10274,5535,-3182,-10644,12357,-4552,-6104,-1931,11979,3059,-14503,-5004,240,-1891,-12707,10679,4817,6213,-13210,10527,-1562,-8698,10652,6995,-11443,-15427,6243,-350,11315,14108,-10782,-14422,-11126,10499,-1342,-11743,-9845,12180
-1823,-1682,533,-1410,15327,10228,-148,-8298,-4114,-14344,12232,-9642,13760,9060,-6653,9851,9452,-9911,8373,16201,11958,263,-7321,-10129,-10904,-7754,-8981,3155,-7612,11924,-3093,2005,192,8634,7041,-3726,-11520,6090,14454,4736,-10948,6845,12036,3213,-7957,10023,13233,3622,-12721,-6466,2636,-893,-3216,7356,16162,8205,12990,10356,9178,8329,-4804,-13337,9233,15451,-5718,4383,-11783,4084,-11302,-8718,2225,-912,3800,-6745,7998,1650,3103,14496,-2781,15162,9478,-3345,8360,-8365
11857,2150,-13043,-7369,-2781,3999,3506,5776,-16117,1662,5349,14703,497,13922,10741,-3443,-9847,9075,5751,11960,3883,13443,618,-12545,2195,10745,-4471,-9348,7854,973,-11931,3678,427,-11477,-5405,-10086,-15745,5145,-14818,-11763,11498,6245,-4190,-10608,-1466,-1730,5620,1236,-3078,7217,-13208,4048,739,-13378,287,-9314,12319,3928,9553,11245,-11509,-12714,-14330,-11519,-10417,-8976,1821,-5369,-4970,-10044,295,-4804,-7413,-15021,14525,-8970,-282,5233,-7825,2370,4008,-12963,3380,-13260
14147,-6859,-3041,3597,-11441,-8918,-13192,6922,-361,10854,-2385,-13632,-5621,-13014,-650,4434,-4089,6795,-7641,-7915,6225,16338,15338,-14113,2775,-779,5756,3343,-15933,-9714,4685,-806,14673,-4911,-8796,2087,5633,-1384,-9909,5141,-5472,6078,6632,3673,14397,-5154,9558,-909,-12721,2800,2192,507,-7677,7728,11943,5262,16191,405,15506,-9232,14568,-10000,-16043,8331,403,14601,-6335,15262,-2212,5641,-2848,1776,-16113,6180,9455,3595,-6472,5346,-8648,-145,-14641,12268,11071,10733
-7295,-5648,-8570,-2622,2053,-12283,-13794,-6973,8778,750,-13273,-2045,738,-16352,-9943,-9292,-4292,4947,7890,-6101,-15286,16085,-4461,-14471,-15406,-4852,5157,-3440,14578,1482,-8493,-7684,-10775,12263,-12226,-1537,-11475,276,16223,-11553,9111,-10621,3179,-15893,-549,12641,-16099,-16245,14640,-11436,8566,4644,-15672,-10868,8982,-12649,-2812,-13321,3757,-9859,-6182,-4503,4593,15893,13514,8725,-11523,-15316,8755,10507,-1528,-2462,6876,11347,-9978,1763,-1907,-8251,-13831,-4850,1090,-10371,-16275,-1395
10508,4749,-13916,5286,-8993,7837,-15801,14840,10481,-9305,10813,446,14354,1379,5865,-3241,-12564,10637,-16031,9543,-15509,6204,230,-2193,5449,-9978,-9288,-5014,-1335,-3766,12418,-4491,15858,-14949,12976,15371,-11242,13252,1100,-696,-15602,6775,-1482,-13195,-1565,1020,4112,-9336,14732,-8520,-9056,-8893,14408,-14162,-7794,10902,-10253,-9410,11115,-9281,14827,-9560,14226,-15326,-6447,4411,12678,-14882,16135,-15628,-5701,13231,-2911,14606,9406,-1712,12898,13322,-11893,15577,2497,-9499,-12365,-9140
-6066,-10569,-13191,-8941,-5622,2572,-9467,-378,3272,-2392,-2269,3066,4199,14319,-2846,7549,-15295,-13801,2129,-16344,-4429,7086,7903,12342,-1954,-13087,10090,4051,13514,8388,6629,-2162,-758,-4496,-3347,8172,7150,-6924,10260,9259,-428,11555,8319,-7740,-13228,-6335,13467,9815,-10142,-5871,7088,423,-2513,-2806,-9366,-3706,1052,11170,2265,-13664,6436,-1107,-1540,-3350,9879,-2961,-2108,11155,12374,14877,15242,9613,11817,-6025,11734,12765,5423,2375,-6294,-10981,10285,-2312,-771,13649
7216,-4637,-15295,-11128,-1580,13759,-2735,-9293,7662,-10629,2243,7463,-10574,265,-10131,9097,-9734,-703,-2269,-6107,9324,-1776,-2777,6941,-6519,-3703,14148,14004,-7558,3734,-7983,13374,11964,12611,-281,14826,2087,8028,12752,9689,16072,11346,1485,-14678,972,12730,-1977,-5978,-6496,-93,-1494,11308,-3749,-12130,4233,2727,13115,12963,-7120,-2423,2119,-6647,-10398,12141,6666,993,-4438,9598,-12017,-623,14524,5958,14209,-9180,10031,-13544,248,-3321,6562,-11090,-13575,2791,6156,5718
-12864,-12591,15524,1087,14973,-11859,-651,-8038,-6621,-4793,7699,-10178,-14816,-13836,7874,11377,5409,3922,13082,-7722,5516,-9704,7651,-1068,2029,6448,-229,15345,11619,8411,-7224,-15646,-9641,-11241,5292,-6050,14325,6874,10303,3140,8850,7051,1697,-3146,8341,3757,-4952,-2672,4130,-4290,-15766,13612,-15990,13224,-14791,-14731,538,-16218,9101,-7152,12718,1258,5519,8333,-6879,-10781,-4470,3797,11159,11013,6785,-12132,-489,-1029,-9011,-9543,4541,-1983,-8082,-13081,12419,13767,6070,3575
