40,
85,
15699,-2858,-9059,9150,-5729,8604,-3749,-11952,13645,15510,-8872,1869,14457,-7697,2102,-11556,-13387,-10579,14507,-9553,-1878,-15463,13185,-12687,11178,9574,14835,-15105,12021,13925,-7609,5507,8506,-9461,-1587,-5486,4077,-9656,-3254,-1575,-9278,-6212,-14195,78,-21,5934,9998,137,168,-4811,7145,-16238,9819,1521,-541,10106,5534,5930,3390,10478,4532,7624,8844,-7143,-3395,-15082,1173,7920,-3327,1469,8393,-12061,-15565,3050,6873,5212,-1993,-8230,-14700,2928,11311,12186,-945,4454,10806
7415,-2140,845,4078,8032,10651,-14346,-8725,-5494,-12458,-7744,-11252,-12688,-1850,-2967,6263,6391,-8990,-4576,-7163,-14361,-1875,8280,13490,773,6257,7104,6692,1817,-13057,-7063,-162,-5001,-14632,-3604,7263,-1550,-702,-10759,16254,14431,11593,-341,2556,-15897,319,13845,-6428,-2916,8581,8051,11464,-13824,3347,-9712,7856,765,6541,-7001,2241,-2127,-10153,11981,2933,6987,10326,-5547,-10246,-12672,11562,-7746,-8083,1554,-11,11333,10737,-6502,794,334,3520,1523,-10911,9590,-9329,-4952
-4493,11117,-5672,-14366,9856,3957,14216,9437,7381,-12074,780,-1936,-7905,-1287,-15917,-5677,-7706,4609,-6446,11487,12548,-1931,6255,1257,-10125,10410,3599,-14605,-15423,12667,-14028,-2966,14647,14038,-824,1654,259,-7358,-2445,-9896,-990,123,-11768,-760,4041,9401,12102,-8416,6905,-15844,5830,3160,-10711,-2417,-6456,-16333,12583,-6685,-4260,-3004,-2328,-5316,7154,6580,-2716,-12422,8220,-3964,-14093,4906,3158,11647,14254,-14506,13548,16231,-15938,5117,5617,-16047,10933,-16137,4716,-12922,-4819
4234,12330,-5482,1209,-2067,12952,-281,12544,-7471,-12306,-7244,8703,13455,-6872,6093,-4852,2195,12140,-10086,-9211,7002,11436,6940,4228,12937,12477,14215,-9486,6010,8861,-10183,-13788,-677,-13581,-7679,7348,-9479,-3085,-13481,8147,11190,1982,4696,-13223,-11484,15081,-3671,-10430,8443,12749,-13323,3303,-3296,14126,-1686,-4131,-4747,3660,3088,-14613,-12754,8440,-14236,6866,11468,-12149,12915,-300,-6303,4200,-6415,6302,8340,7603,4872,-16193,747,-2857,-15703,-7516,-5632,1121,-5947,-14102,-7950
2107,8837,14156,10814,15795,-830,676,12759,664,10612,-2652,-11695,15740,-9619,-2578,-11193,-750,4946,-11933,6746,-8083,-8094,719,14785,2461,-1080,-3152,117,-16341,6504,-7160,13452,6348,-12822,3991,-3319,12676,7771,-11002,16067,-14369,-6694,2907,-841,9212,-7935,-13421,-4140,15310,8747,5567,7528,-4449,-5927,-13825,-13230,-9622,-11636,-16290,-15496,-12856,-1204,1880,381,10223,5722,-9393,-6430,-8066,-12757,15243,5765,-8341,-10725,-4102,595,-853,8087,-9726,7906,-9927,2465,1355,-14823,-3849
-10695,9645,-16211,2246,-5917,-11508,6300,-3086,-568,15123,-12392,-2995,-7503,-14506,13379,2457,2652,-5799,4697,-11334,13938,16169,-5040,-15977,-3536,-4173,14157,3894,-2864,-2494,14750,-2172,15687,-4698,11015,-14114,10090,3730,-4632,-205,14123,14491,1931,327,-11858,14732,-2708,904,-15623,-8358,-8610,15470,-13142,5109,-1118,5036,-6837,805,-15144,362,7872,15012,-8670,-4381,-11090,15457,-5155,-15416,-14438,8333,-5954,4187,10879,15300,1048,3993,-3376,9660,6790,13299,557,7983,14110,-11761,-13452
7517,7039,6144,5423,6850,13285,16022,-10618,-7102,8264,14391,-7627,-1987,-6762,-15118,-6347,13996,8814,-8885,-14365,-13937,13671,-13183,6816,-1720,10722,13015,16074,13624,15509,-14649,10554,7474,860,-8302,-8568,-2399,11364,6718,8170,988,-12598,-2083,3600,-464,-7011,-812,14991,-7848,9649,-14332,-2193,-6131,-5125,-5013,-13665,-6910,11309,-484,12089,16258,-12560,-13347,6028,-8036,7590,-4374,10064,14127,-13770,1777,6632,-15136,14279,-9594,-186,2992,7117,-4422,-9502,5136,-3142,13252,-8001,3187
11724,2934,-11671,12867,15727,5208,-2165,8792,3649,6920,8401,-4321,8082,3180,-10356,4823,13628,-10409,473,6997,14364,10105,-16066,13460,8034,-15977,-5972,12950,-2061,13147,5132,1002,-13982,13034,-5172,6843,14743,-12021,-1045,-9393,871,12177,5996,10392,-208,2476,-2004,-6698,7479,-6182,-7080,14695,5333,-3411,690,-14862,-5626,1131,-8180,5215,16253,3740,-6341,10320,-4218,-15916,1284,7423,9553,13188,-7063,-5344,-5207,-146,1642,-4512,-15842,12444,14215,-10053,-12569,4531,-15365,-9948,9781
-11011,5030,-11191,-848,-8199,6482,-11594,-928,-1189,1166,901,-11658,16222,7650,14916,5792,11130,8493,-2682,-2826,9196,14469,-2250,-2454,6979,13067,-6705,-7809,8280,16258,-9472,14392,14013,11830,9239,11603,-7493,-11758,-400,-10112,-762,-8140,-6872,5901,-13330,-12131,-7902,-9336,5124,2339,7768,-7295,-2836,-2662,12345,-9742,-3764,8112,-13619,11162,-5613,-14161,-11325,-3158,6719,-8350,-4266,-16321,-12032,-11675,-13664,12839,-6321,-11801,3221,-5388,7396,13255,6491,406,2037,-13287,-15627,13451,-2986
912,11629,13430,8444,-7220,12496,-4875,6888,-7262,-7746,-7319,-11946,14311,-8281,12312,-11695,2492,-313,12216,-12215,11557,-13264,16356,-7535,596,8413,-5288,15699,-8874,3608,9489,-6214,-12821,-15041,2053,-12849,-15131,-10569,-1824,8885,-6883,6692,4123,-11390,-9872,3092,-14552,-4182,305,-2264,-14923,-12895,-3626,4157,4676,9678,-5782,6604,-5491,8101,-4493,287,-9803,-6670,-10102,-14319,13815,-15351,-262,10662,-13473,3019,5067,-14176,-5008,-378,-4946,-2290,10283,3563,4417,3565,13614,-10178,5216
9164,4076,10584,13477,12699,3819,-11022,-12140,-2623,4483,7568,16117,10197,1139,885,14118,-3997,-10627,8528,-6484,8381,7352,-14262,-10429,15303,-12115,-7571,-12587,-5743,-2214,8221,15352,-127,12072,-14901,2770,-12092,-5730,-2543,10897,-8562,8885,-9646,4110,-1686,-8400,12664,654,-1111,-2896,3514,7591,14543,1983,-3208,14684,3170,-16128,-8613,6971,10725,-10450,-8567,14629,6319,-3697,-9805,-9529,2215,-12948,12102,-2995,-15566,-8317,-10952,6473,-6113,10102,-1098,-6892,-401,-3952,-7410,749,-10497
-4707,16099,9350,-12004,-4014,3121,9177,-3777,11437,-8764,-7045,4213,13736,9783,15523,-13788,-12860,-8147,-681,-13399,2305,1008,-10255,3322,-10275,-15081,16175,6629,-6232,2541,4572,-8378,-11959,-10518,1622,-10045,-6202,-12891,791,-14490,-4888,-5466,6886,15723,4763,16292,-4450,7519,8456,-7207,2888,-3418,-10490,3002,-13691,13548,13933,6492,14538,-13647,-610,-3366,2683,-4136,15350,-4129,-9254,14563,1479,11139,904,11172,-5399,13843,4410,-4860,-1980,5100,11726,-1960,7305,-12323,8044,-14273,5570
14862,-14428,-13797,5173,-1903,-13982,1919,8438,-7033,15418,-14201,-9342,-3481,12697,785,15148,3411,-15502,-9850,-11380,-4088,2663,-15095,5241,-623,11595,-3646,-10969,15620,-14041,-4790,-9470,-13608,-1441,-15270,-12829,-5545,-8761,10696,724,-2955,9065,3677,15296,7631,-4168,4048,3136,11092,5338,-11933,7105,5548,3658,1619,12808,1831,-2503,-9897,9768,-11746,1917,-4240,-5164,-3416,-9238,16383,-2706,-14287,-8893,-10915,7908,-8511,13261,14836,10387,2997,-5297,3488,-7284,-3835,-9536,-14476,-6633,14144
8918,-12119,298,-7676,-3252,-1754,4730,-4327,14733,15225,-10620,15394,13001,-1522,-843,4807,3027,2876,-12460,-6861,-9995,-508,11543,6305,13256,1713,-14000,-4933,-16237,-4245,16119,-14862,1261,15788,-15359,6830,-1305,8620,6215,7435,12330,-10093,-411,5021,-4394,-5358,16274,-2956,-11900,968,15968,1417,-10357,14058,8041,-5676,11830,13968,10011,13117,-15546,-6096,-1453,-13278,4345,11571,-15365,-11316,-6309,681,5648,13461,8676,-4560,-6151,-1362,8339,-8286,-390,16033,8886,12588,11217,7062,4008
-13632,-6896,16098,9885,-3606,10309,12477,3269,13587,14321,5423,3867,-1204,689,9230,1195,-11073,2459,5776,10672,-11737,16121,13003,4762,737,-9741,16379,-8140,-4954,-14529,16338,16325,-8955,-11339,-4524,8650,-11240,-15026,-820,2476,-10693,5367,-14276,9379,3184,-3530,7999,9189,-7225,7092,12924,-10210,-6112,-5850,5320,11202,-13297,16144,11981,-5491,6451,-10477,5698,9292,-6422,-2058,1889,-4378,12642,-1428,-15793,4649,941,-16046,-14780,-9257,-13778,-10000,-10442,1296,14173,11943,14521,-15257,12678
-13843,-8304,-8289,6345,7935,-14035,5394,13258,-6050,-11842,4062,11502,6844,7588,14535,893,-14396,765,1458,-13898,7054,164,-6888,-10656,14028,-13299,15845,-8137,10701,12787,4585,11713,9952,10111,-7231,-5867,-9010,10465,14868,-8011,-9196,1151,4482,-8290,-4826,14945,13234,11956,2089,-687,9703,15653,12769,-4795,9815,-3331,10910,11077,9889,-10211,8238,5641,-4754,15249,-4931,-16358,-7785,-6388,5469,-5224,6724,11730,11985,2357,-12995,12701,14762,3139,-7988,-9599,-15810,-4796,-5791,-10079,-214
618,-3847,-6458,-15091,-13918,-350,15333,11947,16225,-10153,1886,-886,1773,3081,-2764,4587,-11307,5387,-13720,-12033,3429,-11312,-14286,11861,7565,-5032,-14957,1986,-16189,11649,-15080,7232,6369,9825,4373,-8236,8903,4159,-3602,11957,-13166,-15164,-3048,-15212,11189,16063,-16028,-11172,-11501,-5154,6812,-8890,3316,-7302,8548,-5295,3475,10164,-5992,11090,-9147,4610,5184,-13460,2763,-9026,6066,-5326,5385,-5485,6614,-4027,11421,-2653,-4903,-8038,-2223,10885,-13126,5348,-3025,2324,-2807,-5226,1984
9790,10137,6451,-8811,-15997,-1961,-8630,8533,6474,13801,-12709,-439,11416,-1244,-9270,-2312,-3123,2735,-14293,-13824,-15568,-13576,-16200,-14694,2922,-11539,4465,3542,9348,5470,12473,3336,-11179,-761,6813,3311,-8244,6198,-12335,5708,-11422,11918,14690,-16176,-4391,15893,11576,3396,-7100,1799,-12701,13996,12785,2141,2870,-2052,6121,9990,-16196,14817,-15896,12384,15932,-16364,-11540,-7740,-1256,-15834,2944,-2547,12983,-9454,14652,4370,6446,3851,4101,10513,-5953,10004,-4191,3500,4400,11414,10789
11822,7102,6781,-9134,-5317,-5481,-13203,-8058,-5040,-4109,6483,-7348,-5149,-15694,-3086,1790,-1590,13526,6441,-14228,-3702,-539,7735,6926,10623,14579,-10235,4971,12583,13956,3463,3626,-11224,-2000,-8742,-9957,-6587,2961,9741,-547,-1089,-1529,11604,13829,-14374,8476,13262,-10280,-3984,10874,4053,-8200,-11665,-16183,10377,1500,9660,-13120,-13795,10231,-16299,-5010,1171,11780,-5655,14985,-8041,-13888,7423,5797,-3277,6190,13804,366,13714,-5093,11217,4028,-11938,-16181,-13680,7560,13462,-13459,13682
6847,-13340,-7073,-6717,15004,7224,-3272,-8139,11091,7154,-1784,-1845,10123,-5392,6827,14254,-5354,-13026,-7129,11825,673,5501,12829,-694,-14471,-15424,-11656,8684,-6897,4954,-9238,14670,8028,3947,-1778,-7152,-13305,15802,-13488,-8101,-14142,9751,4489,8452,-5373,-7889,10213,9186,12245,7048,-7668,-5772,12039,13166,-13599,-14692,8524,-14992,8878,-13470,-9086,-15511,-2823,-7617,-2906,3922,15982,2036,-6629,-11112,7623,-8555,-151,3936,-6636,1339,-12695,9752,-16230,14070,6438,-752,-4995,-4629,-9243
-166,-5625,14250,-5603,-11121,-11115,-3680,3329,-774,-14627,9191,4052,1387,2453,3168,12776,-8259,-6786,9300,-10613,12760,-14863,15657,-16080,7629,-3639,3722,-10360,1785,12949,-12463,4025,-979,13873,6275,2017,2751,294,-10991,9604,-6305,1644,6026,12520,5285,15435,12033,-9125,7644,-11018,-8998,11305,-810,11808,-1320,-2477,14479,-1259,-1815,-2932,-10461,7089,-1259,4744,-4656,-15359,-8689,-1608,-6324,-756,-5979,2002,-6978,16028,-15361,-2448,6824,488,1372,-16202,-6596,-10482,14361,-5630,1013
9417,-11042,10169,-16229,-1932,-12749,14109,-14464,1627,12901,-13639,9439,3824,10216,16136,837,2561,9433,2760,7650,11227,13116,7337,-1540,-11150,-5153,-10323,301,9517,5632,-10286,4997,-4857,-14890,12040,11403,7881,-9048,4711,1178,-44,6191,3580,3392,13618,13163,10219,5509,6119,15299,16111,9146,-2361,-2481,2891,11124,8024,4556,-15600,5975,4590,-6530,-10119,15312,12716,-5685,-2080,1212,6328,8604,-10143,13048,5759,11513,-8613,6041,3546,11304,-8000,-14191,-6261,6859,-7223,7269,58
8497,-2401,5450,3190,-6968,-2836,8768,-3787,9054,15167,4934,12332,2364,4924,4239,-588,6807,2403,1300,-9365,7653,-5219,3297,-10372,-5114,-3317,-14016,-4217,-2111,-4920,7099,-3710,-6697,-13881,8842,-3713,16371,11112,7087,-16332,1097,6431,8731,2367,-14660,-8915,3988,14143,-958,7913,13230,-12851,-14181,1546,-16278,15289,13904,12317,12923,8674,-8119,-12578,7214,-2558,-6530,-11852,-10930,-7769,-8927,928,-15409,10244,5691,-10333,-10542,-4843,-12154,-546,-3938,-10556,9615,12485,10431,-2844,-5970
-7877,10299,11268,330,-1921,12620,-5674,11956,-356,8734,-9804,12534,12944,2829,-15577,10740,-16269,7590,-1849,5410,-12782,-15346,-12618,-11907,-11623,5900,-9796,3643,9363,11533,-3673,1241,14191,8940,6519,-15179,14448,11560,-5850,7681,9134,-9935,-5708,682,-14068,9490,10121,-7320,2175,10622,-10345,-2469,4498,-14627,12334,3908,-474,-5497,5215,-8692,10012,6586,-7797,-15478,2448,13518,6228,11360,4708,14158,14208,-1054,3379,-574,7658,11807,-4916,7814,-5478,-4846,13660,7434,-2390,-5978,-16096
380,-12296,7735,9071,3658,2000,15119,-12499,3334,-7669,3067,-9571,-12295,13101,-13976,13022,-4706,2722,3951,15181,10856,-10106,7277,729,-10879,-10080,-7070,15979,-15403,8202,-15069,-2609,10629,-12466,-8019,-12932,424,13066,5810,-1328,-13462,-723,546,-6739,7216,1854,-3730,-6989,-5070,9550,-246,15161,-699,11369,2633,1600,-12285,-14872,-5750,-8380,-8047,-13984,11831,7052,-910,6383,-8123,13609,4471,-2382,2962,-5659,8141,-13710,-13931,15811,7011,-12749,-10067,2441,-5638,5673,9379,13789,3649
9168,-2555,7784,13034,-7794,11281,3275,16302,7343,4809,2430,7871,-6678,-15323,9154,-1616,2763,-9417,-13436,-15094,-9080,11880,9472,4393,2617,-262,14539,-2817,-5827,3605,-4032,-11986,3764,-14152,5721,4313,4133,-12037,-623,246,-6047,3516,12247,16062,1113,-6601,3458,12218,-11974,3525,-13807,6299,12198,4289,-14501,7595,14309,-6862,6439,14696,-10357,-15619,-6492,-3495,-2303,13191,-11812,15601,-14390,1731,-8394,10775,5818,-6246,8628,2661,-6108,1818,-1105,3377,-619,7759,5589,15823,-8651
14511,-13514,1963,-15358,-15034,-10360,2954,2489,13904,2718,-2131,-1393,15657,4537,-13834,1375,-3461,-13965,3649,9179,-892,-151,16242,7983,16235,-13467,14947,10000,-2810,11491,12965,-15924,6934,3041,14465,1692,-13967,6341,6096,11751,-6515,7140,-6388,11078,-9715,1612,16221,-15794,-2350,-15853,-5314,11213,-7729,10819,-4504,-14398,-647,2710,-7690,-9776,12645,-14211,-9519,12295,-615,16302,1459,-3911,-1493,1778,-2648,10509,-9353,13818,4557,3826,5563,7970,-14804,-6245,-12267,581,-5609,-11820,781
15580,1729,10336,7719,-3454,3774,12519,-12414,-11349,-7303,-3278,12057,-12011,1156,-4775,-10078,13091,10842,15340,-1593,-8608,-13537,-13815,2188,5681,14859,-3279,-1127,-10801,-12043,883,-8944,11948,-3006,1436,14421,9136,-9650,2413,6972,-10062,-164,-4470,3996,-14896,14464,-13821,-13438,3813,-15655,6648,-15660,12942,-2602,11138,9394,5324,-11120,-1560,15058,-2180,14604,10807,-5769,-5968,-5695,-1908,498,4696,4074,7794,9908,14510,-3283,-3674,9223,2247,14031,14654,-9573,15237,-6062,13789,1126,2604
-15687,-13798,-16354,13006,-14702,1612,-9500,-2839,14789,9979,7078,-3188,14945,5730,-14117,1704,-4904,-12918,1020,-10679,13261,-10872,-14671,-3081,15614,6177,-8194,-1893,-14568,-7262,-7853,-11066,1206,8596,-15800,-12064,-2248,-12067,11969,-8635,-1971,-9265,13787,440,12112,2418,1480,-12678,-5638,-9100,6012,-15341,955,-8001,-96,9158,2445,-14025,9657,-5037,1206,9709,-11309,15406,12788,-3045,2820,138,-14076,7282,-4676,5880,-10633,4107,5153,-8405,-7007,-4820,-12812,10570,8459,15726,-1174,-12581,978
-13015,9781,14976,5336,-9891,-6358,-4874,-9896,-7691,1005,12722,355,-9293,5715,5645,8797,-12629,14457,-4486,-11332,10314,-858,-4672,11403,-10092,8861,-7523,679,-4150,5353,5250,15987,-9682,-7551,-2287,-5963,13387,-1098,-8295,6979,6785,1322,-9158,-15237,14032,-8402,5748,-192,11605,-4953,7789,-9629,-6326,6983,8374,134,12084,-15145,-312,-14453,-8934,13201,-8061,7760,-5293,-7006,11094,6110,13463,-6813,11497,15613,-992,-660,11183,-10940,-10536,-14883,8281,5843,14380,5389,-12606,352,13533
4399,5673,-13344,-12307,13639,4810,-3868,-11471,2894,6175,-7070,12622,-9821,12342,-6229,-91,4024,-3782,-9328,13937,511,-2030,-7043,15300,9887,3207,-4691,-16181,5280,-9501,-13177,1034,3224,-14073,-15644,-251,-7886,-4798,-2143,14583,8308,-5317,-12123,-7590,-13885,-6298,6657,5076,10492,8083,-8384,11791,11496,2210,13445,-7245,-2968,-11403,7029,-4816,-8322,3612,-14477,8992,-11251,2581,-9717,-11457,7209,5123,-14562,-3381,12669,-4268,-14489,-1102,15155,-9821,-12635,10569,-14623,9495,-1588,11544,-7147
-1236,25,-14440,13453,-8868,10420,8561,-5536,1379,7923,16117,11445,-1111,1536,-8588,-4271,6926,-1893,-12726,-12639,8958,4791,-3150,1512,14395,-2717,10403,-15374,1989,-9690,-7736,1596,14276,-4918,7722,12120,3925,-8491,-12135,-6204,-6465,-4681,1505,-10314,-13734,12432,6487,6495,6824,459,1526,12011,-15971,-1814,15628,15240,-11785,-4148,951,9565,15773,2566,2889,-14159,10779,9081,-13652,8477,-12755,-6122,15767,-13321,-15718,-9919,3342,2453,2110,-6668,-4063,-4551,-12486,15384,10825,7519,12457
-3241,9397,9713,12502,2421,-15557,12514,4209,11206,15060,-54,-4202,8414,4484,-8962,2293,-872,12621,8197,7990,-10452,-11397,2644,-3772,1256,-3970,-11750,-1785,14093,8949,-269,-8124,3861,-4621,11357,-1171,6997,-8718,7456,6931,-9538,-6612,5340,-13147,-7935,-12984,-3850,8621,11407,15483,3841,-616,-2434,13758,12394,-6213,6913,-11899,13219,-11376,1398,812,3986,8809,228,-10094,12377,-7174,4720,15971,-15216,11851,9722,10543,4776,8203,8849,-11120,2403,8012,1904,13921,-9349,-12478,-5067
51,-6933,-7890,-7065,6060,-776,-13771,-11832,-3716,-5556,8166,11411,15964,-13938,-3170,-11708,11866,-4850,1164,-14208,3855,1595,-7942,6723,4069,-10671,11892,14114,-1101,1468,-11866,-10721,-8947,-14180,-8878,8492,-13019,4970,-4833,2927,7048,-14544,1071,2539,2440,977,-5966,-3281,-5843,-796,-13009,8684,-2134,2326,-5894,16317,-6615,-12110,-11195,-11231,15952,-13150,-361,11588,8416,12151,868,-4918,13841,-8849,3511,-10670,-2517,-1379,7871,-3590,12415,-15629,-14518,4411,6559,1776,-8211,4290,-9
1232,13979,-8730,9004,5742,1116,4323,-6426,-13605,15781,2081,-54,1388,-15812,-5844,12520,10821,-5055,-4466,4694,-14848,3826,7552,10445,8766,-10911,5130,-8290,-4918,3359,12647,8219,8766,4191,14388,12636,-11375,16282,-5888,-10600,958,5033,-382,-12714,-9997,3635,12767,2579,-10131,12142,-9366,-6824,13142,13912,13922,-13087,14213,-4698,9148,-847,-16345,4616,10262,-955,-1763,10062,-7173,14605,-8422,3224,16045,11227,10569,-15482,-7546,14068,10912,-14929,-10880,14691,1356,14643,14512,-998,-8656
-2356,8523,6513,-15535,-10814,6058,-397,-3825,-9531,6866,15055,-13768,-6508,-13471,5105,-2318,-4446,4980,8278,-9298,-13902,3343,-14219,-16138,11211,7109,-4400,-9292,1201,-14455,-14707,-11764,-4097,12376,-15975,5300,12438,2126,10137,-816,2678,13520,8325,-11604,5768,6,2424,1025,-9024,9274,7257,-323,6239,-4737,-2959,-4541,13738,-2990,11257,12143,3266,2625,263,-12689,15514,3022,-7948,12284,2017,2518,1524,-14663,137,-2494,11777,9149,8436,-11699,1019,-12670,452,12874,4391,-1036,8468
-3701,11128,9328,-1170,-10006,-12293,-6622,11548,-768,-11229,2936,-7515,15286,1489,-15656,-5692,14741,-10182,-16028,-9454,-5876,-11706,-9663,-8637,-2988,-2325,-800,14583,-12656,12799,12695,-810,10467,9181,-12459,-12486,-11323,7405,-1270,-13893,-4760,12685,6419,11440,8010,-268,14860,-15257,6814,-14044,-14284,11004,-4179,2735,-8015,-3727,8336,8461,-9401,3617,-5391,-12653,-10785,8505,6001,-15776,2433,16260,-16168,3175,9409,-14155,-15389,-12426,-15886,-8397,-734,10157,10031,-7318,11484,-8033,-7521,11553,14680
1791,13273,-10313,9929,-11987,13509,-7760,-9608,-6028,-1724,-14034,-14727,-2374,-635,1723,15557,-3756,3933,2862,-13525,-15138,6508,95,14372,14102,-14127,3625,5877,9682,-6420,-7878,1587,-4140,11196,4513,-8214,-14276,6954,9039,-3659,8141,14202,9878,11880,1627,8572,11713,13953,-14381,-8731,-10475,-1328,-15709,14544,13200,3339,3725,-15198,-10445,-13957,-4910,-15981,-8281,11024,1976,13963,-11485,-6038,465,3101,11030,2379,-8443,2318,-8267,-8826,-4655,8023,-1450,-7295,4918,3124,-4612,14683,-11950
-9912,832,16194,1141,-1892,7314,-752,8954,3058,8414,7136,-9971,8959,-1406,-10956,2267,-11858,15182,-3351,-4242,-2855,9313,7522,2702,-10309,13,9391,-13653,-3719,6544,8076,-3615,12903,-116,8304,4725,1197,-13858,-6044,-7454,13299,4042,3449,-12513,-12659,-1252,11419,-14214,574,11545,13836,12587,-12182,10260,13956,-983,-16106,-904,-4490,-12621,12510,4568,-2166,-11266,9105,-6300,10232,2521,353,-11681,10379,547,7049,7139,13800,-8131,15875,-1082,-13167,15569,5067,-6307,-1551,-584,2284
11798,-4670,-12264,13755,-11806,-15326,2200,-2256,-12440,-2129,-8526,-8781,-2122,10738,12762,-12559,1952,2317,12788,172,3148,10400,-4008,8338,15772,10063,11617,7191,-1804,12896,11310,-16121,6636,-11596,245,8033,-1681,13564,-11303,9352,7951,-1168,-16353,10010,1187,-7135,10525,-2376,-4548,-6287,-698,-7175,-5775,-9895,-11316,15760,12970,2422,-460,-8244,3360,5176,13150,-10233,9641,-10980,-1387,7468,2303,-774,-11365,14456,13873,3205,-6714,-1366,-409,-7389,-4533,-6246,-697,3413,16151,-12472,-16062
