40,
86,
12860,-12096,-5819,6279,15212,-2561,10869,11068,-7555,-5247,-11362,9642,658,359,-5183,5067,13790,-6485,9136,-12277,-4469,9931,6498,12877,9293,9536,-12682,2871,14862,-7811,8319,-7367,3779,-1048,6737,282,16222,10413,-11688,2244,-5368,9614,-511,-7456,12095,5932,10244,-7324,13270,7189,9021,-7952,7948,15061,-11430,11778,-13568,11629,-14053,-379,9638,7971,3881,-15692,8972,-6301,-9274,-6992,-11550,-3936,-2963,3445,-6114,1705,13740,8894,-7129,2623,1642,-7140,-11507,-10092,-11603,14003,-1912,2362
6696,-1765,-16371,-2681,-10029,-7976,-9381,-2346,11795,12401,2896,3393,3381,1596,9315,8238,1661,-7108,-8600,-806,-14694,5660,-6103,7310,6496,-13909,-14541,-13700,-568,5695,-8376,-6771,1995,5597,-10981,-14468,-3934,-2962,-12809,-6728,-329,-5944,7189,77,12353,-16156,1189,12904,5171,-3115,-1707,3571,-13969,-10322,-15786,-3185,290,-10924,-2231,-12644,15354,-7693,-5764,15418,-4931,-14980,-15894,-10733,16189,13072,-10718,5063,-5674,-12049,-3328,-6173,-10056,3425,-10868,-9996,-11013,10603,4206,2443,-14009,16202
-7336,8733,-6835,2822,10598,10385,-14938,204,11778,-64,-4203,7740,-13531,-8149,6425,12906,5878,-11011,-4384,5550,7011,-12428,12389,3026,1898,6478,13865,10507,1638,-7901,5162,12523,-9599,3439,-9581,10916,16124,-11935,12006,-3977,-7520,-8187,9979,9628,-2803,6403,-270,13323,12523,-11075,7750,-1489,8528,-1659,-8368,-10758,-10124,3244,-15492,-12006,-14024,-15078,8765,12240,-16001,-13481,12014,2060,11283,1506,8493,-7438,-1963,-5022,4942,11837,-528,-2893,-3631,9222,-10289,11703,15656,-1590,13210,4654
-11140,-5568,-12638,15674,8271,-1217,-14688,4784,-10579,15172,-10597,-15963,8059,2190,2717,8160,10750,14724,-8270,6334,11930,-10846,-16334,3239,-5831,4039,-12622,-1430,13204,216,-8904,-9350,9213,6624,12624,-4764,13473,2009,4580,3071,1665,-15927,-3347,5233,-14487,-417,-3701,-13258,11797,10945,14998,8080,-3003,10816,-14941,8451,12977,-5363,-2095,14043,-8770,-14792,-1156,-8902,90,-3215,-16138,13225,-2618,4034,-13807,-6808,-12864,-3327,13366,1018,-11416,12691,3267,9453,15228,3791,-1621,2800,-534,1044
6303,-9757,3744,2043,-16256,1250,-2917,-6483,-13615,11063,351,-5837,-5831,-6818,-5537,-11487,-296,-7444,-4189,1108,-4440,-16072,7432,-2927,13095,10237,16217,-8456,-11029,-8728,-411,-4106,-9860,11609,1827,-6903,10398,-6365,1631,7955,-5468,11701,8373,14157,287,-5452,10978,-15204,-14336,-5971,5705,3405,8694,-4838,5148,8761,15275,5710,-16242,-5711,9631,11899,-9553,-7166,2863,2131,-6932,4848,4417,11327,-10823,-13249,4022,-14888,11865,7288,-12790,-11408,15284,3966,-6395,-8255,-15372,11609,-2372,-341
1172,-4309,-15761,165,-15578,-12248,14948,-7518,-14885,-2951,3554,14820,5954,-16161,-7402,1763,7125,12372,7922,1671,-14333,6786,12047,-3477,15099,3081,4423,15942,16190,-5429,12554,-1180,-15400,-5293,-5053,4272,-4044,16064,11383,-1835,-7593,6665,-16342,-1233,13696,-14629,5829,-14617,11210,-12790,-9267,-14946,-2810,-12578,9469,13178,2711,2958,-7995,-4848,11267,-12881,-3154,4344,-2492,12891,-15545,-6220,-11017,3521,-12282,11806,9301,1899,-4751,619,3292,5153,-6108,3332,-14241,6452,-4866,-10009,-3093,7678
-8085,289,473,7548,8015,-4594,-12862,-4577,244,-11196,12349,-3851,-15505,-2271,-3217,-12908,-3167,11150,-9909,5898,34,-760,-10521,10099,-13504,-10768,-12404,-13895,-3587,-6551,-4437,6364,-6946,37,-16065,-9096,6929,15465,-9023,-9196,3632,-7704,7488,9593,-684,-5440,-15679,2617,4782,-15437,5227,-14648,-13892,12001,-3023,856,-989,-9356,-4899,240,1936,-1794,16087,-1348,8959,-7154,-16083,-10253,-2861,-14705,11976,15059,-15795,7008,-1386,-11456,204,-13956,13824,11394,-9304,-8894,-9601,12933,8477,-3824
-12562,13457,5353,14371,-7836,-14306,3938,10806,10501,-13194,15369,-13014,-16367,-5179,-13008,-5439,4151,-5088,1988,8992,-6952,-2779,5238,-14947,15218,11476,3849,891,-8094,6294,-5910,13880,3395,6488,-8574,5150,11787,10708,-7711,-7803,-10427,-11584,14000,-15209,-4589,3590,-5456,8222,-6152,13069,1296,14922,-13554,-14212,8239,-13107,5156,5371,-9474,13711,15732,-7168,12446,-11325,-6537,-6552,12394,-7263,-9985,6182,-10166,-16260,-12328,13897,-4932,7515,12263,-11978,-3700,-6261,-12917,-12600,-1866,-10614,-7198,-12515
16175,2057,-12367,12788,-4380,1221,-6170,-2603,-14075,-15799,5606,4852,11457,9065,15227,-10954,6075,-14501,-3461,-13778,4389,-4194,-6968,-2769,11006,-13559,2185,14732,-4555,-14388,-3339,2884,7039,10129,-7786,7023,-10006,-8164,9609,2848,10695,4728,-3454,3110,-5548,11763,6831,14508,479,-14109,1727,11039,-2150,-6372,-12107,-1259,-2125,-12509,-11708,-6847,-7194,-485,-3707,13962,3502,1239,12648,-1190,-15778,6366,1475,1573,-10149,9948,2687,-2088,-3774,1827,-9694,-11140,-6638,3334,-12971,-10441,10600,16120
-984,-6184,-6652,237,10132,10010,-4512,-12517,-16249,11324,5730,-3993,-16181,12139,-5907,584,2883,16087,-4819,-6432,-5603,-2563,11137,-1688,5694,15880,-11155,8305,6455,-15664,-11593,11594,8980,13903,-9061,8940,8174,7163,-12895,-14306,7723,-1341,-6206,-8783,-11593,-11161,-2422,-14285,-9920,-5379,28,-1645,-1962,-13326,-2129,-5907,-134,5793,2059,279,-12192,15702,-11888,11966,2920,13739,-13193,-9968,9989,14141,-12927,4326,-5462,12634,-443,-9440,-6385,-2915,-14326,-4140,12271,-10627,80,-10344,3448,12180
4798,-8906,-9068,15361,12673,-1229,16361,10430,-13420,-13302,-4492,-1349,-12410,-6878,-1228,1337,-10455,14218,-15926,3068,5991,-8769,-6633,-5261,10213,-1419,-3554,-10872,6786,9840,-8252,-1122,16133,-12866,-3120,-13727,-5056,-10520,2039,-8925,7266,-8943,-14149,-8772,11819,-7713,-10298,-9510,-3530,6538,-2961,3146,9392,7191,9107,-6544,10786,6905,12991,-7115,12374,11667,-4093,-12257,-712,-11933,13992,15894,4488,-11794,10560,-463,8511,-3105,6645,6022,14195,13452,5483,2073,7231,11675,-6007,-12859,7205,7400
12861,7969,2487,7891,10920,-14255,8536,474,-6974,-12056,5114,-8855,3873,2546,-10007,-3735,3426,6147,-14107,9798,15289,-14066,-2564,-8272,-7403,-9956,15292,7758,-7690,-9198,118,14952,-1129,-7689,-8709,-13661,-3786,-10025,-10259,-4867,6655,3989,-8071,9073,13858,-10116,3628,-12662,3975,-16326,7565,-7348,668,14935,-6142,-15307,-7331,-16321,13228,-12718,-8979,16118,-633,5629,-7436,-9396,15232,13126,13362,1942,-3613,13986,10709,12384,-10868,-11534,3109,15390,-15702,4422,-2878,15138,-585,-3783,10076,-289
13837,-10496,9317,-16262,-6331,14991,-9138,-11162,-4330,-2526,-207,15692,6966,-3491,-2353,-5248,-990,-8834,-11094,13755,-4235,-11163,9563,-8464,14482,-5598,-14945,16297,14563,12998,-8051,10074,-408,-10682,-12085,9328,3180,-13909,-10121,-16248,2778,-15586,-15270,-11954,-11871,-4653,7887,-5771,-47,-6787,13062,7410,13273,12514,12196,11451,9783,-13959,-888,5850,14271,10677,3773,-4816,10629,-15994,10534,16336,-5841,-11383,5726,-6104,4133,-13875,12491,11133,4214,9742,10231,12073,9484,-1294,3154,7301,13691,3627
819,-1524,-1339,-3069,-14797,13558,-15976,15414,-8979,4316,-12725,7040,-10027,-7701,-1209,13348,1753,-5286,10573,-11101,-7033,11557,-11147,11258,9568,5735,8201,11361,-5492,-7949,-9767,5880,-12451,12808,5240,14923,-2173,6990,512,16150,12037,-14005,-14715,14240,-11318,14811,6620,11566,1395,3615,184,-4163,9992,-5434,-10606,-1236,-11426,13012,-12029,32,8547,-8730,9468,-8766,-11231,14878,-606,822,14555,3053,-6303,3202,4005,-3682,3457,-7620,13023,-16310,7833,14739,-14240,-1719,9779,-13795,10912,-12980
7328,9607,10609,-1798,10280,15125,14052,-3228,-281,14125,-14060,5756,-3331,7957,2459,-7428,-9566,1146,-15926,9087,12279,-6905,10361,-3719,9299,3075,-5032,-8033,14725,3082,14759,-9095,-3284,11533,-1038,14979,-15658,14558,-4930,4046,-7297,291,-2859,8822,12422,5918,5366,7035,-5389,14071,-9908,-4333,9135,2009,-2123,-5653,9283,-4648,-3439,-7028,-5478,6411,4475,-7638,-2754,3365,-16275,-394,-9416,8929,-10263,-14686,10593,-4774,4155,-8298,13967,-15576,-12711,8892,12222,-9737,-13145,13014,-11056,-7534
15567,1252,-6209,3206,2694,9520,-12676,-3410,-3440,3545,-7752,-13846,-6480,-3488,-4122,-13785,15648,-13067,-7167,-9775,9091,-5735,8041,-1191,-10032,14816,5866,14213,-10361,-15394,-1906,4270,1375,1227,2772,-13873,13256,-1381,-14112,15442,-3583,1105,-8214,-1535,-15215,-7515,15123,8384,6607,-10939,2528,6956,-14961,9000,3567,7975,13576,-4319,-13636,-3061,-2604,853,3002,15953,4969,13002,12480,-6358,14473,-2264,-11595,-14013,12439,971,-4484,-8889,10536,-5605,2028,-7965,-14112,14719,7116,-8587,8955,-12613
-16099,6519,13787,-46,7768,-1399,11856,-14682,3907,-12459,13556,-1821,-9148,13202,7289,14127,-13270,9498,3984,-375,8728,7855,-11888,-15736,15944,-11573,-7469,-661,-12300,-8163,-3306,-1532,-7970,2805,-15155,-13063,-8434,-256,8534,-7910,14564,-10864,13238,-9756,-12668,535,-362,-2983,-10672,4693,-3213,-12655,-5954,-6685,1656,2965,15628,-15717,-14412,-2216,3122,-219,-13728,14420,-6150,-15494,-852,-5561,-11976,4970,-6020,2273,-7784,198,10498,9714,8450,-3730,-10630,8905,6785,2553,7649,6427,13353,-14448
13057,-4740,-13643,4944,-9886,-3290,-15566,-10560,7742,-10702,15053,-8978,-1656,11058,-11897,-8093,-1645,-2829,-4454,7649,4051,-9506,-4070,164,-7638,-2399,9258,547,7157,-13262,-15369,-5126,-7227,4875,13237,9082,4536,10264,13337,-11257,-3076,-2789,11955,-12140,-863,-3911,-1629,6806,-10068,-8138,-3467,14863,-1039,-7463,1472,-10179,-8112,8547,11194,6443,6513,8805,2464,15820,-5661,2828,8925,7516,-12874,-15030,-2509,-1848,3112,-8321,-8008,9691,8024,13277,-13175,9729,-116,2733,-12541,8733,-4534,-652
3380,13390,15278,2298,11458,13584,5260,14139,-13084,-2747,-1467,-16198,-8839,2447,2497,7278,14822,6410,8293,11946,-3958,13210,13352,9511,6783,-14151,13444,4229,-10840,-1177,6580,-15549,15400,-7847,866,-3364,14157,-532,-1147,14511,-15572,-1000,-3275,252,5497,-1600,10244,605,9513,811,-5896,-4759,743,-489,-6865,-5056,13791,15471,-3718,-7373,6378,5573,12748,3859,9383,8283,11314,-12518,9380,-4597,4756,-3504,13021,13846,9365,4573,6332,12435,-10188,9954,5134,-4203,-272,11357,-11762,-1115
-8344,-3460,-323,4340,-1650,13365,519,-6206,-8685,825,1842,-13465,-12652,-14462,-4786,198,3943,-2375,15553,-4211,2604,7767,-11384,-2031,1924,-13882,10728,7792,8595,4032,-87,-1489,-7283,3886,-11335,1850,15066,12757,1260,-3003,7583,-522,-5557,9061,5709,2612,7963,-2387,9837,13828,4936,-10430,8514,-14354,12611,7523,13449,-11637,-3742,-14361,-11087,4989,-14506,12896,4137,-7704,8766,-4028,-2751,-8315,-5458,12205,-12573,-306,-7445,2044,-1625,4503,14386,10929,13848,-8512,-4619,12291,88,2849
7898,-5438,-8749,2529,-6391,-3272,8707,-10376,-9625,6340,-14517,291,767,6997,-11851,16170,16138,9751,1520,-13877,-1677,13937,-61,-12819,-7038,-10580,7563,-5934,-1726,-11866,10818,11302,12722,-8748,1497,15556,9934,-7835,3153,-9422,-4441,282,4938,12846,16316,-14897,400,-11427,-2385,12032,-1027,-5760,14883,13674,8776,-741,-4704,-3623,10727,-9043,-13247,5482,12061,-589,13792,-2563,8474,10590,15707,-7244,15405,628,-7216,-14795,6256,11349,-5423,4677,14784,15658,-6806,-11821,-13848,-3200,-14839,-12496
-15450,12052,14911,-14934,5167,3192,-3240,-6782,-1646,15316,10365,3498,-792,9250,10028,4184,-8746,-1492,-11709,6330,7019,911,7450,-8568,5169,5192,-4140,15511,-15594,10488,8850,2835,-9762,-16118,-16219,-1506,12413,-14680,8813,-2770,3354,811,-5692,5382,7134,-10007,9009,15740,-8937,-6165,-14137,-443,10217,2204,11290,-15287,-10439,9996,-14197,-9088,10973,-4403,6931,-16259,14937,8476,9704,-194,3978,-2057,-13875,11400,1346,9659,3832,-461,11600,8379,14016,-8916,-3841,-5046,-4867,-14082,2803,7268
12753,-10974,-1883,5303,-4165,-12030,-10345,-5003,-10635,-2338,12182,-2893,-3678,2571,-11317,-1129,14700,-11043,-8293,7567,-10830,-5028,1636,-3089,11626,-13055,-9345,-10447,6084,1525,4199,7008,14041,-9809,-9463,1597,-12014,16202,-5699,-4188,-5892,-11471,-764,-2181,-4727,3954,301,10908,-12031,2929,-4233,-13721,5905,-15157,-16050,-8382,16324,8488,11480,5069,-9566,2791,6467,-8853,5134,-1365,-9162,-12102,-15661,3309,-1092,-15166,-460,-3087,6420,-12276,13003,3411,11288,-10319,8135,6532,-6235,-5910,-13206,10594
-11996,4326,-12605,13123,-13099,409,-13967,-6458,4424,3178,-13989,-6387,-14678,11183,-14237,11979,-898,-2316,-4681,1173,11266,2358,14007,8664,-11597,9355,-3795,11722,-1990,-4017,9845,12347,-10020,13354,-3741,-997,-12388,-7602,-11460,831,-1137,14681,-12341,-8848,-16331,-13975,-9888,9847,10069,2959,-14134,11186,4380,15095,-4739,6475,-3416,-10846,-12238,-15846,12092,-8347,-13964,8204,-16365,7790,6020,7956,8187,2838,15103,8464,6564,10338,7393,-10228,-9842,-15040,-8447,14046,497,-11653,-9114,5052,-6059,2103
15422,-5222,10965,-13887,-7543,-4179,7977,12707,15042,2067,674,7828,-9754,-5561,14168,-6761,1377,1762,14753,-8907,8258,-13810,12790,-11860,-13634,-7022,1118,4897,13970,3262,-1271,-8836,-15105,14878,-7999,6071,-12794,-13572,-8962,5284,-1079,8337,918,12299,5998,9388,33,-5257,13988,9178,2462,-11029,-11932,-11021,1843,-3726,-7818,-10789,3038,-5182,3127,14641,11870,4998,1382,-8899,16034,-5012,-2143,-7146,-10085,4445,-13077,10892,10856,-510,-934,-16168,-656,7999,-13759,-7994,-12745,15857,-1827,13684
9862,-2328,-11825,-6905,-2040,12346,-380,2186,-3714,-544,-12880,-13413,2382,-11552,-11245,-876,-11829,-9086,12609,-6834,13798,-4009,-9387,-4834,12401,12278,13551,-2494,-7740,-13971,-4154,5832,1597,-6666,-9338,-816,678,-10455,1434,3020,-11236,-14534,7211,8003,-14050,-14818,-10739,-13721,10572,8589,520,8497,-6673,-3988,15345,4418,-14941,-12239,5510,2260,2099,3330,-12608,3762,3230,6310,11950,-2221,12967,-6698,12874,-9545,-1904,5046,-2570,-9752,-12958,15262,-5630,9817,-9288,2704,-4848,11091,12189,-14467
16338,14602,6140,8291,3572,-10929,-3011,-14983,1333,7917,11190,5909,-11647,-10093,-4053,-6866,8123,5571,2320,-6111,13602,14258,-7826,-10966,13776,-11834,6999,-7716,-264,-14263,9819,1811,16045,12675,-495,-10644,10105,14193,-13875,5188,-15133,-8000,10403,-9843,2218,-13111,-2295,-7455,-1724,-16115,-332,14246,-13889,3725,13173,2335,14876,-2697,-12462,1152,-12604,-3665,-4871,-15214,-15659,2039,-9801,16189,10239,14530,6590,-8545,-2652,-11559,6402,5809,194,821,835,2772,14226,7634,4606,297,10244,-4495
13052,9887,-11636,-9413,-13718,13395,6812,-10549,6005,-7657,8295,12031,-11171,-703,7906,-984,6308,8708,1759,2438,14330,-3892,-14596,5640,11953,-15835,-6573,5254,-12587,-5599,-4696,-3241,7533,13477,13030,2077,-3089,6733,8363,1051,413,-13597,-1240,-11207,-16001,16088,-14278,-11728,4672,10074,-1236,-2016,-7156,9941,-6828,-14539,-7076,14745,-11905,13140,6743,14409,14766,7362,-12679,13827,-4679,-2116,11452,12863,11234,-6789,-14201,-982,841,3964,598,-10676,5688,5944,-10185,-9321,-4468,8159,-15956,-12117
1042,6657,3769,4429,14338,-2565,-2924,-8068,12292,-13285,-7742,-11497,-9538,-6944,2772,-13071,-9070,-8660,-7593,14234,-13893,4661,-14440,3704,10497,-601,-10600,-10338,10113,-5220,14734,-3395,-12594,7059,4081,-9108,-1554,-13167,1927,-4245,-12229,-13099,-3401,10382,-7385,-983,-7401,16268,-4482,-11175,1133,-5467,-10643,116,9082,7187,-7140,-16089,-16175,8048,-8997,-347,-2349,-10355,-13395,6957,-1628,-15412,-7775,2877,12605,-3296,9579,1528,-16293,-3093,7016,12641,-14841,-9926,-10129,10810,15883,4474,9030,16376
7306,9261,-266,10839,-11,9022,1332,1377,4191,8016,2169,4176,13666,5006,6476,3659,13171,-16039,9752,-5938,5648,13746,-444,995,3275,-15310,-2183,-3135,-8138,-3625,13969,-15879,7988,-4578,-6210,-7439,2626,-4286,-16226,8542,3871,10918,-7606,-11045,-11966,3468,13763,1271,13887,15146,14941,-1248,-8735,-12297,-10127,-15128,14593,-12429,-10140,-3530,13015,5228,13750,13534,10538,-15398,202,13610,6555,-2133,-3446,9074,1566,2061,-3065,-12581,-4724,-4584,13571,12169,2730,4609,-7571,9643,-14995,-5147
-1933,15218,10036,4528,1196,1853,3464,-9603,4160,7918,-2923,-12004,-11714,9127,-1197,-15120,13580,-5698,4236,5860,-16163,11150,-10704,-14929,12456,-12451,-12018,-8071,-5818,-6862,5986,5006,9337,-14837,-2132,6927,-4951,-15484,68,-6277,9705,-7749,8488,8994,-7723,11759,442,15933,-9779,396,-10287,8600,-4969,2816,-5248,-2403,10682,-12388,-2205,-8798,-532,-6597,58,13123,-8622,-15377,-10254,12306,-9233,-3100,-2456,3413,12715,4736,4204,-4718,-6666,-15604,7990,2342,-1937,15552,15772,8619,-15280,-11460
-5656,-4965,5472,-15501,-2770,4849,-12223,16191,5807,6067,-6922,14777,-3149,-10921,6621,-12495,4754,5827,-14630,-2656,-12249,4588,5573,3707,9149,14520,12353,-7623,2874,-2736,6540,8766,1107,-14233,15598,-2412,14355,-12546,-2688,71,-2130,12175,-12582,6345,-2566,-12274,4885,-15850,4196,4449,-5403,-14539,-8577,9707,-14172,146,-4797,14212,144,15458,10899,-6715,14829,-8108,1552,-890,10648,13048,-427,-3370,4163,-7875,-11866,-12453,-9328,15589,12518,-14826,13409,-14632,-5347,5220,3386,-15282,14836,7551
-10547,3615,-6162,-971,-4875,-15183,11503,-5990,-15326,-3615,14527,828,-16321,-7357,1685,8048,-8221,746,12780,-15287,-5770,2687,3841,-3049,-3434,7752,-9641,-2790,-8971,9094,10976,16009,-10601,11700,-3306,2282,-433,14679,-13688,-2762,3396,-11806,11026,8347,6462,3649,5383,-5935,-7543,3203,-10151,7950,5300,9856,-665,15244,-16316,1856,-16316,9322,-1255,7282,-11698,-10656,6612,9330,-318,-11764,-9680,-15173,15513,14126,-941,-4598,4358,1038,8202,13485,7483,-10463,7941,-14493,1311,471,-15810,13568
-615,2566,397,13605,3671,-13966,-10351,-12049,15671,9329,-8776,8574,10808,11086,-8376,-9201,11329,-14956,-13797,-308,-13606,680,10791,13872,-961,-461,6259,3696,-9748,-6633,-15144,7862,6370,-3559,13670,5798,11204,11094,-2615,7609,-13506,5114,-10829,-15064,14023,1039,-14261,8439,7479,-15196,16180,14176,-15470,6325,1428,730,2990,4078,5389,-5632,1617,11277,-10946,8041,-1019,-1451,15182,-2187,-2603,-12929,3183,15075,-2025,7238,12037,-12682,5059,-13027,-5550,-60,-6145,1840,10015,-13091,2826,11802
-852,-7065,1109,-7509,12275,-4694,11398,1387,3275,-14951,11448,9464,-9827,-15407,-13200,11118,14109,15263,13307,5944,12097,8747,-2699,-16261,6340,-12843,13910,3399,11937,15642,13799,-16198,-14132,4415,12528,-10375,4475,-3998,7418,-10622,-16365,4970,1876,3863,-4059,-7714,-2477,7861,-12158,-14769,14544,-12380,-834,-810,1335,-12643,-7173,15195,13482,-8315,-5125,7866,4837,-7301,-5327,16068,2011,-567,-5077,16371,-13375,15142,9274,9315,14725,5489,2100,-5439,-6884,-3105,3908,586,11350,10497,-4028,-10684
635,14733,13323,1970,4755,-13477,13728,-1508,7103,-1548,-8313,83,11656,6020,-10200,326,-1092,14029,8846,1862,-5779,-13780,-11846,-12076,-9097,1582,5641,-4428,-7163,-672,-3153,14495,10523,251,11681,8855,10262,3322,15412,-7162,7559,-4189,3486,-12635,7788,9486,8561,-6286,-14512,-12864,-4669,2315,-1691,-15222,13643,9381,3408,-1126,11717,-9745,7179,-4003,-13428,9060,-2048,6329,-2044,7186,-12319,4114,3213,-9736,7302,1197,-5553,13230,-15084,-4159,-9017,-11122,2095,9497,-12541,15817,-13336,-13857
10258,3393,7005,-10563,-411,-729,1696,-10605,15663,10940,321,12562,-9893,-13880,-8566,2603,-1011,8049,10599,-2512,15944,-13979,-1716,13169,15938,12917,2029,-10658,188,9349,3871,11530,-12548,-15164,-851,9452,-4698,9412,6390,8633,-12019,-70,1996,10094,5898,3204,10158,-553,1915,-9109,-3842,9211,1944,-9461,11241,15869,8462,-5126,14768,-16077,-2110,9910,-11393,9036,5138,-3033,744,11001,6867,-441,-7163,-13912,4388,-14353,1619,12001,12109,-14914,7126,-5762,10293,-2848,-861,1204,1791,14676
6455,15209,14759,-11500,15399,1338,6752,-9872,11202,10057,4427,11831,5309,-2953,11319,10065,6436,-4232,5409,-5017,-11481,4615,-2688,3335,13469,7449,7609,10504,8917,-16273,3176,-1326,-7581,4687,-2408,14613,1026,-7995,-314,-10851,6481,-2596,12838,-10340,1577,16256,13502,5400,-11234,-4331,5429,14732,5005,-3439,-13183,6193,5870,14768,13721,10925,4128,3534,7629,-1555,-339,-8759,1489,-11084,-3867,12503,-16258,-10317,10350,-15333,14514,6601,14463,-530,2756,13952,-6664,-8919,-3747,-11841,7161,-4796
-1849,-14426,13202,-2292,1567,13913,-11067,13265,14889,-12044,5735,14556,15024,15252,-8790,2483,10853,8011,-12387,2850,11184,-1158,-6790,-5111,2820,-450,-1498,-12477,5654,-14937,-13038,8258,-15714,3829,-15225,15815,-13524,-2653,-514,-3526,11850,-10796,12384,14114,958,5299,12878,5725,10325,-13416,14755,-4457,-10698,-6523,-305,15840,1174,4444,9049,1322,-8754,-5290,8592,-13887,-6010,2419,16268,-8532,-6264,-7139,6758,-6118,-4687,16047,-12311,11316,-9113,-10116,-314,-8315,-9441,-13415,2151,5050,-3356,-12249
11387,12071,-1119,-14652,-11949,6684,-1075,15408,-8405,-5146,9539,9215,9435,564,8120,10483,15023,150,-8701,-342,11214,-11554,-14634,-9057,11661,-14486,-13189,5691,-10003,3243,2354,12139,6146,-3302,8890,-10775,10315,6645,-4461,-5698,1408,-5138,6634,8648,12510,9844,-10938,14997,-9467,-5577,9920,-7055,8454,-7517,-805,-13068,7591,2160,-12226,-8404,2223,-3345,-5094,4614,-14712,-5864,3274,-1401,-3031,6558,-15130,8266,-12922,-1690,-3597,-7825,11938,-6645,7831,11128,4619,-6587,830,11462,-11185,1403
