40,
87,
-845,12137,4005,3508,998,-10686,-14051,-9919,6480,14408,-3424,12481,9279,-5677,6876,12429,-15667,6457,-15464,-1298,4842,9377,15880,-1450,1244,-14117,7174,5137,13123,-11060,32,4826,-369,-9827,8534,-10752,4499,10390,629,5703,-7715,-6258,-5022,-522,6938,10607,9436,11427,-6754,16205,-16315,13974,6184,-11194,493,-12935,11154,-9139,9015,-7960,-1035,-11529,6744,-871,4716,-9595,13900,11556,-3176,-1480,-6115,9626,-455,5996,2898,10746,-15320,-9066,-6418,716,3952,-10550,-8907,-16331,-13707,5087,-3013
-13217,-5503,12485,-16286,-14834,10662,-12797,-1400,-10294,911,-8049,12578,-3090,3158,-12503,-3477,14083,-6233,-10778,-4717,4506,3247,-1792,-12350,15675,-11452,887,-10378,-7834,15761,15693,-8449,107,-9978,821,2182,-2587,-4152,2079,7670,-566,12810,8530,2066,10119,-6625,-10239,-5336,-3196,-10185,-4798,-2387,-12594,6032,-13803,1112,-783,-2264,-14249,-14717,4304,12344,10504,5178,-14716,-12592,12516,16041,15510,1572,7168,666,3465,-6318,4129,-14883,7176,12516,-16067,-2619,7225,10667,-5557,15982,-4817,-5082,12303
6023,4352,-1048,-200,5719,-3856,-8224,11635,-11127,12235,11814,12295,6521,13268,229,11860,-10812,12277,-3651,877,-15178,-12582,-16031,16075,-15365,-1780,-2995,14716,-12489,-5644,1414,5500,-9243,-2753,-4092,-3657,-1099,3432,-6536,9883,-9361,7675,12179,-16006,8234,8648,10205,-7350,-7394,6324,4378,12672,12178,-6852,12560,-3885,8714,3317,7583,12182,-1660,14843,-7063,9932,1415,13872,-3259,13348,-1071,-12857,3541,-2515,592,-12712,-9876,1411,7817,6758,-3525,-14010,-3148,3882,2927,5909,9539,-14588,14890
-9422,9190,8658,-12624,-14967,-6279,5047,13166,-8863,-6832,-7235,-3502,13641,10721,-14985,-6546,5239,-10618,14014,-9789,-8004,-15078,4167,5376,638,-2981,-2765,-14334,-2344,11774,-5465,-13147,-15898,-8191,-12973,-14666,-15608,14636,-15629,8793,-6219,312,-6906,16066,7533,9062,-13762,1669,-4334,629,7076,586,10483,15059,13758,-15754,6573,-2305,9886,4576,-7711,14986,13596,9431,-3540,979,-1997,-14533,-15450,4865,-754,-1655,953,-7772,11500,10505,2858,-16177,-12674,2541,-6142,-12396,16152,1051,-4385,-11646,11213
-7449,-1002,-539,13322,-7796,6099,4524,718,5819,8223,16180,-13832,12957,8200,13914,10265,-4929,15096,-12810,9391,-10214,-10594,3653,9374,-7682,13681,-5973,4929,-5581,10930,-1427,-10824,6122,-547,-314,-4747,1973,-5287,5972,-12772,-9350,8259,-8190,-7279,7126,-516,10295,2843,1249,12743,-15673,-3715,13480,-16056,13031,10963,-10155,-2297,15803,13660,-1690,-10452,-12301,9124,-12435,-5310,11193,-13392,2170,-8090,2424,8672,-15605,-11282,-4091,14593,15026,16078,8560,2744,9435,760,-8433,-13029,-4353,1270,632
-2240,-168,-12129,-11181,-9202,6225,13613,348,602,12638,-4683,-1531,9831,8356,-4636,-1125,-11490,5514,-10673,14335,2860,-11893,-10922,-2882,-8224,-9795,-6079,-2324,-5760,15795,5429,6565,-2056,12345,-16112,-12517,-7636,5693,-2122,3325,873,10934,-4580,12065,-2062,2836,5036,-3402,-9498,11793,-9429,-13374,-704,-6424,-3229,15673,-6106,2818,2392,-10543,9129,-4725,10598,-8635,-7903,-487,-7916,-15775,13038,3601,-6256,3750,11255,13311,440,12855,4547,1107,10568,8343,1542,15458,6649,-1611,-14380,84,941
12491,-9779,8261,-10258,5455,-8828,-277,-3927,-10127,-8221,9310,3095,-878,14584,-5115,8495,-1248,-13684,11142,-7371,-1090,-11929,11969,-4240,-5248,473,12804,-654,7710,6006,12848,11698,-6858,996,12551,4031,13837,-5867,13431,13900,-556,12234,-9323,-7614,-9924,-14951,8708,10088,5200,-427,-2614,-7573,-15448,9169,-10321,-391,3808,-120,14223,-1665,-8713,-14521,465,431,198,5899,9757,7603,14900,916,14998,-16091,10423,-8792,13558,-10445,11334,-4392,-5272,-6466,-16134,10002,-5232,11425,-2325,1402,3001
-8117,9107,-6801,13002,11095,12136,13675,-7813,5580,-859,9557,15771,-548,14824,879,15110,591,1080,-5799,-15124,11120,5244,14593,-13102,-10914,-1982,11727,-9467,2939,491,-11160,-8663,10050,16036,-7507,10250,6953,1542,-11659,-11860,-9368,-2726,-15445,-6738,306,15913,-14798,-11636,-11968,2306,10255,-10596,-9238,-10064,1993,-9045,-15169,10281,4828,9698,2039,-8173,-12207,-11447,13537,-8510,-2913,-12932,-7886,1581,-14993,-4568,-6566,-5752,-13667,-4520,9814,8782,-3773,-12498,8002,550,-12397,1888,1771,-3443,-3945
3047,13421,11901,-12275,-3929,-14335,-880,10838,-12283,-2324,-6069,-9309,4917,-12791,-3696,3047,-8997,7481,-4712,-19,1580,5436,1686,-12939,10880,657,-4595,-6723,12157,7130,-6403,13934,-5982,-14582,-11302,-6523,-3282,6492,-9750,-8226,10347,-9659,16312,-15063,-1585,-4687,-853,4271,5172,10580,2156,14195,16080,14079,584,12600,6378,7450,3739,12882,4806,-13887,-3029,-2047,-3371,-12120,5323,-8364,190,8451,10455,13935,2259,-15669,1052,-15633,12288,14797,15768,2183,-16195,2013,11045,-477,755,-5513,-1193
1509,-14966,-9697,4185,13386,13190,-4235,-7135,-1269,-7613,2741,13299,2588,9371,11008,2210,5621,-5765,-3202,5040,-14692,-5040,-16093,10009,-13650,-11025,-7364,-9041,-12692,-2477,6961,2060,4266,1329,5498,-14165,-13222,3098,-5557,11868,-430,-1266,-14801,9769,7129,7855,13838,16125,-14273,3742,-533,11815,-7227,4121,13756,9382,-6890,-2883,7507,8231,-10285,13922,16330,12006,-4893,5918,7836,-2504,10315,7542,8065,14573,10434,-15449,-14431,-2619,13379,-5314,2993,-9341,-10867,6833,9998,-3263,6838,-6769,-3498
-12806,-14493,12319,8977,-4065,-1797,3077,6573,6953,-6035,16115,1128,11620,-5192,-13158,-3007,-12120,11554,-607,15058,-83,989,-2801,6753,8375,8372,-12269,3014,-8192,3543,4402,-14089,8075,-13240,1431,-11799,1025,14919,-2091,2842,12467,4489,8220,1881,14668,4935,6276,-11353,-8723,-8154,13737,11131,3258,-14680,6224,1360,8737,-1584,-15040,-7495,9906,-14572,-7284,-8010,8972,10794,-3461,-10427,-6335,-12741,-15211,-879,-1396,15960,-3232,8378,-642,13847,-8212,-7195,15548,-15727,5125,11507,-5095,13869,3746
-3923,12669,-13279,-733,-7426,-6878,-2510,15840,13433,-11734,6899,-15839,223,2872,-168,10993,3465,3114,2813,-9517,12152,-14386,-5618,7243,-4431,-5003,-5403,-10023,-421,-8180,-2042,-16294,-16190,-5166,4364,6624,11135,-3829,-4737,7253,-5647,12412,-6040,-10889,-14931,15183,4980,8854,609,-2960,-7485,-12173,2322,-1399,8789,-3731,3342,-39,-11514,2241,8368,-3397,-14594,7958,14555,4840,3273,-11652,2590,4725,12294,15737,12093,15762,10150,-2449,-5902,14816,4186,-237,7358,-5554,-4942,5459,-1744,4994,12204
8941,-4933,10678,16327,-7888,-1294,-3457,-6210,-7547,-9740,-7885,13537,-1125,-2087,-15486,-1119,-10514,4231,-11421,-8332,6631,-4295,-1478,14817,13370,16138,6775,-14734,-7316,10290,-11091,-761,-11271,-14412,15341,1334,-718,10172,4993,-15097,5065,12244,-7112,-7357,10499,-15018,4129,-15252,-2093,2160,-15986,8782,4529,-12179,-1832,-649,-5574,-477,-2120,13916,12568,1203,-8018,12798,-6402,455,5541,-3339,3521,-5795,15634,-14259,5059,-10829,12207,1540,12689,-4657,-2472,1869,5962,-9587,12892,10498,6865,-4160,3639
2380,7463,-14073,13508,1522,6982,-1002,-4882,-10401,-5559,15974,6295,-8875,14089,-62,-2299,-12484,13245,13584,6407,-6553,13871,15015,757,-2945,5270,-11909,-14123,3389,-4682,-14908,4432,2774,10233,-14352,-13391,10020,-221,13019,2835,-127,-7293,-4463,-6047,1384,-16203,-4053,-3294,10034,7895,4910,6409,2577,-10730,-362,-3090,-5798,1829,-11638,14741,-15981,5846,-1181,-5771,-9503,-13107,-1194,13757,-10528,-9836,-9959,-14065,-13036,-11703,3303,-8564,8202,-14798,-5758,7136,1086,-11250,-11922,-5743,-4542,9253,-5276
-5608,13578,4318,11789,12644,-514,9716,1712,-5239,-4582,-6504,-14781,7090,7043,9373,10269,-1529,15592,3201,-8673,6080,26,-1981,-15850,1177,-15027,3069,-4315,15386,16048,-9462,-8842,16287,9642,1128,12543,12373,-7287,1596,-13363,-12921,11210,12206,15221,-2471,-15663,3441,-8820,-9336,2867,416,-3677,-5846,14113,6622,6421,-730,11783,6924,7605,13071,321,6390,-716,13865,13299,-972,9123,749,2828,9724,7623,-5606,5040,-14453,14398,-8748,-7622,4014,-8733,-12424,13960,-9276,1907,-11916,5207,-13438
8577,-1042,10726,13334,2594,10042,7887,-4854,-4864,-6060,-9932,9717,14688,4131,15305,-11024,14420,-10638,15871,4105,-185,-10646,4815,16006,8453,12977,-1780,-11452,-310,-15291,-5254,1426,-371,13818,11533,2495,12784,-476,11464,-9233,9380,-6000,12136,7233,-11015,3939,4625,-9456,14598,8833,1624,-7196,-2940,-5591,-5278,-8996,-5820,-12235,15998,8599,15118,-6377,-10883,-13273,1692,-15463,-10796,7503,4426,3419,-13401,9821,5323,295,3806,-7851,-9061,8044,-6948,-3631,-15022,-12863,13476,-12051,-15199,-1651,-7736
2838,-12953,69,-2068,3092,-7928,-12288,1651,10567,14913,-15033,3239,-3887,1578,11389,2153,8056,16328,9156,-5559,-10859,7852,-1720,-16013,9749,2731,10667,-10109,-10093,-4636,-6387,-7963,-11198,2978,3909,15817,12308,-9161,3552,-9169,179,14070,5967,15521,-14542,-7304,-14507,-463,14890,1287,-11770,-14272,-14713,7839,14720,-15473,10454,14803,2735,-7347,-15001,-12902,1370,-14032,16353,12671,1849,7799,4409,6751,-13166,-8554,-14531,-7400,-1117,-12082,-12393,10752,-8361,2168,-6990,8577,3180,-14062,13964,-2655,6159
-15472,8300,-11677,-9397,-9750,635,11172,4454,7728,8929,-14111,2962,-766,-8966,653,-9762,-12587,-15817,4198,2419,-10115,-3309,-12263,-9444,-13839,-10549,7237,-14997,13943,8642,-15069,-11812,6441,-14509,-4812,-13247,464,-5530,-14291,-2258,11685,7966,-13236,-10445,6950,-12384,1080,-14594,14746,-4757,-8069,6322,12939,8907,8980,-3682,13704,-3738,-12107,-9736,2788,-5245,13804,-9739,9946,-903,-10075,-1222,-7606,-7859,-13198,7705,-7472,2405,10971,-4900,10272,5960,16010,15976,-3895,-6886,-3274,-9138,-12244,-2951,788
-1679,-8720,13887,13507,-6621,-3660,-16369,-9525,10577,-4057,-5868,7778,2237,-2277,-6319,15074,15377,-8529,250,7025,-6322,194,371,-7142,-8833,4168,-12184,6891,9983,-4311,-11149,6823,3443,-16026,-4075,-6436,13868,-166,-6637,-11474,-9122,-8372,13986,10245,-14496,-15272,13389,-4859,-13387,15209,-8272,-8380,-15165,-12766,-7217,-2551,15886,-7746,-598,-5038,-13586,-13392,-12041,-5654,-10646,6166,-14383,-14994,773,3154,11353,-4305,15452,1718,-1954,-11104,7424,-9556,7753,2605,-794,-11929,9175,-16275,283,3406,-5696
-597,-13432,-13288,3249,279,-7584,-1633,11588,12804,-4888,-10553,-3440,-15170,-3189,-213,12151,177,-12496,-13853,-13594,11960,566,7604,-7366,-3441,-7783,-12852,-8692,-7627,1046,7471,-14038,11276,13097,15118,1030,4485,8345,5266,-16064,10047,3693,4667,-13729,6401,-7955,-16241,14517,-8796,-9,3721,12958,4917,-4906,9161,-10163,-5209,7293,6367,15736,3332,-15784,-823,-5102,567,-13799,8746,-6172,7177,-7005,-14157,-10140,-1362,9375,9547,12753,-3458,6016,6496,14733,-16127,5213,-10552,-15682,13992,9367,-849
15145,-5184,-2339,-4175,14142,12462,12224,-7857,-8237,-1868,-10769,7280,-15794,-3048,15413,2627,-2545,16144,788,-92,-14477,11597,2640,945,-13474,-14238,-5068,4248,-5861,-14802,-4376,8220,-5631,-13950,-9335,-4243,12071,6563,-7625,-6790,2250,321,12866,-1147,7718,-12618,227,3036,4412,-6071,-2376,-3220,5697,468,-13476,-14482,-3060,11330,7,4954,-7107,-15508,10656,-16285,7913,10898,-15246,-4980,-15023,2509,12834,11417,-11498,13747,-15706,-6561,-9200,-302,-12288,1913,562,6388,6520,-10541,542,-2535,-9990
-15316,-6887,14298,10418,15643,4513,12079,9936,1905,-12579,799,-11937,2923,-1183,877,-9247,-1522,-3071,-12797,-3128,8281,115,-2912,2144,11133,2055,-8221,3782,-15259,12756,10622,-637,5114,-5862,9690,-8277,-13098,-6146,-13853,8038,-13120,12038,8761,13876,991,-1832,8689,-11570,-13185,7249,-12751,-14308,3911,-2126,9499,-9446,-4635,6451,-10806,534,-13922,-657,-6602,15602,12027,11986,12493,-16287,-2216,4532,6163,-3306,3227,-1094,11953,-12278,7488,13309,3054,10181,-5879,13432,2736,8272,-13497,7772,6908
-10000,-7524,-14911,-1498,13993,-8651,-12024,-12664,703,3336,-8254,9725,-11724,15219,16106,-11874,7028,10000,-9626,15430,-10715,-1000,-4695,-6078,4479,-4455,-2844,-4574,-4872,-5581,7706,12940,-1469,16254,-14210,14893,14984,1699,13223,5172,-12924,4308,6117,4720,-9449,11677,-1135,-15064,5525,-7722,5659,3340,-4546,-3467,11339,12321,7993,9005,13172,-6052,-7415,11693,12597,-1698,-227,12716,-2014,-16208,8531,12904,7447,14232,-9806,2869,13621,4618,5416,-6382,8312,4373,15660,-9112,-1285,-3645,9251,-9662,941
-13693,9064,-11773,7728,9878,13530,-12227,11057,7527,10347,-7128,-15968,-4796,-2912,6687,-11036,12013,6385,-12459,-12606,-5515,2998,12966,5748,-1837,9049,4243,2615,-2006,-8328,10741,-633,-1342,14564,-12944,-3421,8333,-3994,11127,-10884,15441,14392,13368,13498,5864,12791,10780,-8524,-12336,-10887,-5205,4696,6497,4535,559,7468,571,-5465,-6356,-11945,5864,-11155,7500,-14321,6163,-4564,1218,15666,4736,-2137,14833,-9851,-1945,1348,2839,-9315,-4403,6501,1523,2010,-14383,12395,605,8999,5241,2484,-6468
9555,-8096,13730,1412,-8117,15669,-13718,-5710,9115,-5950,4751,-15100,-1289,-6218,7841,14858,-16050,12575,-15554,-4721,7161,-14432,-14984,14594,2714,-8721,-4084,-7531,-20,-15674,9946,-2445,-12312,-8117,14615,-9896,-7318,10119,2607,-7051,3006,15367,-14962,-7986,-14027,-1007,8656,16301,-13002,-4607,-11890,4892,-7440,-5137,2911,-13890,15157,-9139,7198,-10476,-8222,-11360,563,14045,-7020,8906,-2298,3893,13349,12138,-13338,10348,5143,-8932,10614,-7255,-11496,3443,14592,5642,-15631,-11060,2471,10968,10046,12457,-1888
13490,-11419,-13132,6140,5340,-16264,-2752,7243,-322,15641,-3303,-11626,-15840,4371,-8730,-1569,-4187,13980,-427,-6204,-3357,-5502,15441,-12860,-11330,-8952,9327,-10458,-2552,-12369,10641,-11333,4937,-3621,10650,12191,-12171,4398,11105,-13588,12659,-15640,-3649,11973,759,-4536,-1748,2110,-8249,-14715,9421,-10979,11835,-6878,1910,5518,-2562,-6496,1497,16013,3215,-15847,-6990,-10612,-7870,11845,1092,-3976,-11831,14621,-7133,975,-5483,11293,5127,-13326,15399,1807,12912,14223,-5341,4584,-1489,8668,-7569,9999,3102
-13699,-11446,6998,9625,15330,-3860,-11154,-824,7168,15236,-14526,9148,-6819,8165,-12972,8811,-3689,-5746,-8780,12437,-295,-12621,3343,10524,-5844,6790,-15959,3657,-9750,1889,-14394,1506,1146,15678,11758,14345,14254,-12502,8183,-6707,14142,3942,-5922,10060,-4919,-1699,2167,14649,10190,11786,-3046,-15577,13240,-8721,-4184,-4422,-13758,788,4017,6166,13697,1037,-14474,-923,11841,9656,16252,13284,13175,15564,-6272,-7305,6228,3320,-9926,-9292,-10838,-7193,5589,7466,5982,-7320,3181,7057,5518,-8177,-11457
10209,-3755,-12233,6097,-9903,8333,-3744,10677,-4200,-8592,-5842,14918,6106,-9361,11330,-7040,-3690,514,6457,15723,5291,-13220,5464,-16142,9546,1800,1543,1176,-9511,16177,-657,-2275,1468,14786,-12186,9687,7218,-7759,9881,-11939,-3046,10241,-13158,2426,-161,11146,-14181,2225,6878,-13884,10021,-8459,-4745,-656,13848,14120,2983,-13568,-7421,-15485,10391,16046,-1219,8885,-4633,14690,-14335,10070,-8807,15113,12203,-2940,-5398,-4552,-7362,15897,-12771,16290,8800,13584,5223,-8090,9986,-6951,9906,13549,1636
-10620,-12580,16243,-162,14368,7543,-15258,-13538,-143,7764,-7253,-15400,-2609,12739,-15071,-11462,-3297,-8020,8714,2869,1321,2046,10211,3614,-12914,-818,981,-11317,6160,9133,-371,13706,-12882,11973,1401,3298,7431,2152,9518,-15508,-8488,1750,-16141,-8359,6420,13039,-11612,-9757,1781,13227,-4706,-371,-11688,3523,-14679,-461,11643,-12546,-3911,-9881,14851,2264,-4946,-745,-14224,3919,-13614,-1118,6772,1281,-1265,-10423,-7219,5112,-4715,9562,11285,-10194,-2138,-1525,-10057,13460,-16347,2004,-12354,5630,16099
-5559,-15380,-1136,3751,-13363,-14890,12942,-5412,-1677,11914,9836,-15787,9778,4414,-6513,4395,6455,-14275,-6823,5741,15889,4106,-707,3442,6703,-9916,-4010,3446,9459,13800,1353,-3821,242,-2008,-8509,15870,-14271,1597,1394,-1714,-11457,12922,-14575,-2262,-9685,12293,-5161,-12525,-9354,-5642,-6926,8969,-3917,-6563,15966,-988,433,-11539,15155,-8696,-10791,5344,-11408,-15085,-15549,-8617,-1265,1167,16335,-559,2955,5713,-464,-6637,-12262,12270,450,-15194,-13560,15633,-2662,-13813,-10008,11321,-13803,2019,11691
8603,8826,15773,-6260,-5879,4716,-16099,16199,14617,2526,14580,-6899,6398,9765,-14849,11204,10871,-12654,-12740,1529,3352,3106,-4961,11857,3794,-12202,14733,13232,-12213,13646,-10314,11538,-11096,-12779,10273,-1485,1833,-672,-5579,11729,-6357,3103,14548,11608,11120,15660,-520,8714,6576,-6107,-12970,15572,-4620,10414,4787,1835,-2554,-725,-1581,-9484,-15884,14760,10280,14685,-13814,-15494,16028,-10823,-12517,13955,6835,-13379,13023,5491,9457,16365,10153,7280,-1745,-6223,1347,-4860,-1595,-13309,-15682,12256,-3062
9230,-4605,-14215,-9344,4207,12662,2958,-4741,2182,-807,-4028,-9175,-9023,-2618,6116,-6652,2066,9999,-16344,-13912,2634,-9438,-1527,-8497,-9540,-11630,12624,-9482,8107,-10519,14287,-9525,13786,-1964,15268,-7041,3849,-466,-15615,-7435,6045,15945,5002,6254,-16141,-11754,990,14755,16182,15149,-10105,-10680,-9040,4658,3718,-10142,1230,16307,-9034,-1787,7838,-10026,-14669,-6681,1913,-9325,-8011,-5382,12997,8348,9052,-12425,-8622,9454,-421,-11218,-4175,11721,-6714,7026,-14365,-1354,6135,-12543,13700,-11822,11165
-13296,10126,13586,8046,-9867,-1082,-9443,8922,-6936,-832,3970,-8147,9850,-11003,-640,-11016,-11712,-7060,12629,13235,2731,-12213,-6927,-5466,13356,10150,-5793,-9874,3747,-6924,7889,7069,13623,4330,-5873,15929,-10852,-9753,10346,2087,7005,-6014,-1911,12903,-10797,-5371,-2028,-9267,12459,10006,3673,-14439,-829,16361,12191,-13193,-5748,16256,13301,-7337,-8146,12085,13456,11393,5757,10072,-10790,-15716,-8307,6207,9174,5234,3445,-7750,-9522,-3219,-12290,6380,-3228,-4640,-1758,1916,13653,-15757,1031,-14687,15317
2151,-2320,-3402,-6683,3889,7742,-8661,-12068,3276,8623,-9914,-7503,9018,12839,-6804,-1500,9617,6468,820,3419,-12679,-9498,-1736,-14163,12736,11451,6590,-2342,-10268,-511,15840,9305,13424,-417,2757,-13587,-9156,-7710,9935,8377,16330,-8287,-16175,-13058,9005,12643,-13618,-9322,-12443,-5951,14888,-423,-14122,7515,5525,15698,11706,-7316,4805,15167,-5054,-16199,8758,-14345,-769,13028,266,264,5304,5396,11850,-11445,10625,7801,-8942,6391,-381,2739,11489,10252,-66,-9697,-2302,938,-12770,-4685,-3204
5560,-8944,-15671,-2491,2867,7125,5879,-1047,-11946,15026,-12905,-7898,-5954,-1184,-10891,-13754,-626,-2937,14867,2832,13838,-13745,-10539,-1864,-6130,-14260,-13751,-11933,7647,-750,-1636,-9224,-13262,16308,9235,14235,1675,398,-5741,348,13852,-10482,15495,16000,10409,14361,-14426,-14816,-15203,-3906,15061,-11712,13264,-2987,-2541,15127,-9981,14777,4402,-15276,16042,-11320,13463,-224,-10218,-8755,4924,9927,-12395,9482,12842,11462,15523,-11431,14412,-7724,-854,-9110,10003,12150,14870,-5395,-15921,-2495,-2291,-7411,-15483
12779,2762,-12872,12496,8810,10802,12765,8256,9895,-8666,-5520,10692,-310,-8998,-15928,2848,11325,15210,5652,14973,12208,-14396,-5107,3022,-9005,1460,-9804,2043,14654,-7084,2131,-3748,10522,-8832,-1779,-16131,6322,7494,10812,-16179,12104,5619,-8994,-8776,12070,-13615,-16198,-15675,-2132,13642,-3184,-15020,-5292,8291,9980,-15312,-855,9577,-5623,-13312,-3527,-11407,-3174,-6617,-5695,-1089,13434,1897,-978,-1247,3143,-6639,-14698,-2648,-14420,-9326,-14354,-16002,335,15107,10432,5973,15781,-8605,2680,15722,15852
15611,-6858,2463,-2926,-1931,11786,-7133,2470,-14207,-7600,-12187,3065,-7109,9116,16269,1730,5305,-13975,-12039,-1260,9497,-2195,-9271,-9447,-15616,4699,-2715,-210,2632,-6407,16030,-15546,-2201,-12450,-891,-11398,16028,-4448,3973,-8981,16230,11579,-11244,-11756,-8797,-4622,-3923,-6183,16149,-3262,13854,13246,-8400,11780,125,-11096,10504,8417,4464,13833,1653,13280,11986,10341,-11867,-3522,4797,6732,12898,9833,-2166,-9524,-10403,-3962,15203,-12058,5949,5589,5436,-6623,-11493,-1180,9736,-10862,9772,2569,10548
-2564,14442,-1093,-1798,-14847,-12125,-10178,12523,-6840,10486,8692,-1642,-15245,13686,-15747,-7074,10504,3637,13219,-10009,8868,5136,6078,14778,9122,15952,14134,1022,-10071,4164,13490,-11259,-5487,15790,-9307,7044,-10047,-13363,-9858,9762,-14193,4032,-7742,-14694,-1348,13505,-14678,4087,5833,9940,-1255,858,-3785,8936,-2186,-15370,-16364,8763,-16346,-15709,9364,15435,-12125,-5253,6442,-5059,676,-11408,8897,9960,6878,-15559,16240,12933,10764,-14985,-5306,9064,-7101,15064,5361,-11719,1560,3832,7913,6367,-15562
-6121,3637,3905,-3284,15183,9083,-8412,-1700,-4812,-15905,-7978,-8595,3733,10860,1238,-8135,4631,8624,6147,-13498,-14099,8966,13308,-9464,-14527,15854,7929,-5992,12707,2183,7610,-1728,-10267,-12387,11169,13997,-6511,13207,-6121,3999,3723,10673,-176,-12777,11520,15375,-7607,1302,13510,316,-14134,10369,-2531,11354,4503,8796,2386,-8591,3620,-15737,6670,-9364,2005,11680,-12116,10187,-13841,16044,-10434,-4859,-14143,14014,-9442,-8966,-4133,-10459,-61,8888,-14405,13749,-11449,-14157,7787,-12990,-3444,9533,2740
9452,-12532,-1988,6816,-1292,4157,449,-3443,-10819,11603,5391,-9665,10891,-3340,-13808,-10379,15397,3827,-15093,12397,-15703,15702,-12322,-6448,-12946,12559,5086,7106,-9655,-6801,7732,-12070,-1710,-15300,-225,7075,11405,-11196,-719,-4970,-11954,-13808,-12577,-10981,-14524,2397,14157,5397,3888,1242,-15019,15368,-2057,-4282,12692,-9747,-11655,-8432,-2119,354,-16005,-5554,-623,12927,3146,9152,-9651,-7716,4189,2836,-15433,-2545,-15762,12636,3208,-46,1643,14428,7861,-12752,1288,7128,-5009,-12504,2777,4341,1387
