40,
88,
16230,14289,-8251,-3989,-8318,4689,-5211,-694,-8678,-9671,8431,8329,-2101,42,11858,-11668,6298,-1194,16078,11756,14392,13011,5892,-12428,16080,6036,-8857,2962,302,-13721,3804,-659,-13389,15805,2259,-14897,-1283,-3443,-2887,2653,-14800,-10783,-3652,-8401,-7776,10705,15280,1227,841,-1128,-1938,-4466,9806,16044,-12338,13911,-10849,-948,9001,12629,12918,8696,3568,-10468,14990,6667,15958,-12431,-3740,-9730,2634,-13514,13872,-3103,12528,12300,15300,1001,1653,-12412,11856,-9476,11021,13364,373,3911,-13360,13389
5774,4855,-4561,12518,8976,-13596,2628,-16027,-14708,-4841,-7872,-507,-10830,-1799,3627,-762,-7866,4624,13467,-888,3029,12724,-2894,-16219,-3911,-14603,-849,4283,-14458,8690,-8315,2466,11926,-6608,14586,4894,832,14446,11197,-630,-12935,3369,-12174,11939,-15892,-8081,-9695,2373,-10577,-8424,7699,14799,14085,9440,14722,-3980,6062,-3137,-15894,-11124,-3312,3304,7584,-11185,-225,6176,14407,566,-4326,1046,13180,-8707,-4122,13444,12873,9237,13012,15143,-721,-9558,14627,-5224,8585,6252,9987,13541,-1285,-6149
-1725,-827,-7575,-11705,11767,9735,-6530,-11424,2342,3689,-7996,-10353,-8072,-7109,-15728,-8157,-8322,-15281,511,1099,-14874,-4854,-5461,-4647,5207,14762,10180,4135,-4876,-7966,-716,11395,9907,7349,3332,-4061,-4834,3800,-8886,5460,8426,9287,-3228,1437,-8708,4148,4310,14380,8827,8977,5469,-197,15643,-724,12026,-5159,13842,-16084,-4004,-503,-10758,-8805,-13178,-12931,15441,-13307,-11568,7142,-7381,4361,-9366,-9246,13804,-29,-4904,6959,692,-11096,14370,1884,4288,3744,-532,-129,-15849,-15653,11530,14851
1858,-3676,11968,14420,-6076,13437,-13489,-2571,2342,6944,11965,-13683,13101,6475,-7570,-3658,-13897,-5146,2377,-5721,16322,9666,-11235,14638,-11683,11457,778,-5864,9166,-3068,6035,7480,10904,-12432,13391,6109,1503,12970,-1932,-4295,-5346,-13132,12077,4300,369,6813,8187,-10605,-15954,-2014,-10561,-9095,-5800,-9726,-1019,5965,328,549,8119,3371,-15697,-6482,-316,-8003,-1733,-1342,-13166,-6672,-15802,-3447,-12345,384,-3067,14662,-3395,12603,-10035,-12026,-15219,-15314,1545,3721,2247,2613,-8940,12480,2224,11592
8619,12216,-12191,-4955,12377,2323,12548,-5921,-8979,10839,401,-15565,-14981,-11988,-8124,-3504,-12457,12588,12029,8833,3341,9645,-2218,1093,5145,-15817,1254,-7964,-5537,-10544,12856,-12373,13480,-1527,-15089,13058,1791,10648,12977,-10402,11471,-15087,-9309,6722,-11939,11426,-330,13330,-9798,1648,6784,9664,13235,-3077,9712,10750,13360,7526,-3795,8607,13527,1664,-177,-2664,14251,1660,2420,-2794,-7316,4433,11090,-1598,2851,5127,13583,-12429,234,-314,-3300,-2184,14833,-1016,13679,-11650,-13642,-14842,314,-3755
-2098,-5816,-8804,813,-2867,1009,5543,-5599,-843,12710,-1460,2889,-7925,4722,-6615,-5678,11895,-8928,-15898,10993,1555,4539,-5695,-7665,8353,10323,11343,-10522,3491,12624,-8367,1381,9677,6165,-11518,7743,14517,16085,-10270,7454,2271,13974,-673,15383,-3790,-7885,-10576,-937,11440,-13323,8579,-3447,-8396,9799,-1260,9290,-2833,-9857,1301,3704,-11066,-27,-5615,-14175,14483,12665,-4064,5726,-8030,-3843,-9378,-14983,-11157,2892,-4880,53,-6077,-1911,-9522,-9141,5057,-7976,-8106,6467,-8493,-9693,2380,7614
789,13848,9656,9215,279,-13368,3780,-10630,-15171,9365,1753,-6432,-8410,12198,-156,15776,-14119,6399,-6446,-7931,-750,7960,-13125,-5400,8792,12004,14721,12012,-7467,-8595,11450,9944,6617,-15263,3523,-8352,-7861,-12209,-13154,5992,-536,-1644,9959,-8755,-602,-6712,2708,-5319,-6858,-57,-10372,-4116,-13737,-4031,666,13111,-13072,7216,-10796,8475,-15343,3045,13644,-1482,-6593,8554,10963,-12633,9007,10973,-4699,13661,-15228,5689,14591,-12542,-9680,-9453,956,-1934,-6996,-11974,11822,7232,9542,2620,-8214,-14941
8725,-8295,2202,10347,-3565,11856,-8349,10268,-15152,10488,3231,-9865,4019,3531,-768,-3231,16061,-13452,-5020,-326,13806,1763,-3845,-13579,-9408,12265,12402,-6882,-1963,3208,6502,-8650,2183,13512,9486,-1862,14902,-694,-7444,-15298,15549,-5899,2590,13564,-10043,-11073,9411,-7501,-15756,8878,6995,-9061,12574,274,12793,7215,11220,-10866,-15262,-11640,-10396,10153,-16374,-15182,-15990,-14762,10937,10580,15251,516,6871,744,5849,-3982,12676,13682,11376,-10427,-15410,491,-11139,8475,-8024,5944,12854,-5585,-794,11673
-396,13549,12920,15405,193,-14413,9380,-4534,7876,8545,10093,13689,-9442,-12503,-5367,4188,-8056,-3989,-3465,-12213,14002,12819,-3673,-8965,-12330,14674,9819,-32,-15657,3873,1387,9022,10013,15225,-12699,3045,-9686,-10586,-4716,-1130,13188,-8277,11537,11619,2151,2414,-1566,-15902,11189,-13543,-16275,927,8644,12960,6344,-5378,5965,5935,-1345,-6470,962,-1840,4123,-13964,14875,2744,2770,15979,10353,-8385,-7228,-16107,12346,-2735,-7845,-3402,-5791,-12875,7588,-2593,-13233,-11795,-3790,-6916,11925,4493,6948,10568
1694,-15228,4487,10561,11859,12693,7529,13905,-13632,-518,-6218,8495,-3376,11302,-5299,-6109,4251,4933,2724,292,13004,-6482,-4669,-3217,-14851,12225,-4117,-1173,-2117,5447,-14196,-13113,-1356,11617,8508,-15630,5980,-910,-7381,-4720,-14206,15288,8000,3701,-4959,7254,12612,-8593,5210,3225,1274,4537,-10433,-7891,7975,3578,-8651,-14589,-899,14975,-10381,334,8749,3341,15058,5533,-5267,13982,3362,12807,-10465,-1647,-3010,675,-5988,6991,10092,7159,-7872,-3050,-12981,-4131,1746,4009,-47,-8494,4790,14035
-14842,11426,13690,10309,4349,-15214,-15520,11656,7831,2701,2370,3909,-9854,-10358,3202,8218,1753,-9800,12751,-7761,55,5967,6459,13283,-1578,7785,-13434,3069,-12332,-13163,8761,10097,13970,-5477,-10501,-9064,-13856,-4009,-16297,3045,-12600,-3883,4305,-1820,10970,9152,-1679,-12561,3908,6557,-10564,-14160,-9477,918,-12839,-9984,1837,-7873,-8834,-3257,-1589,-11200,2952,-12488,-12534,-8777,-7626,11496,8563,-8754,-3986,4321,-5595,1720,6397,-3148,-1261,-5377,143,3919,-2577,2923,-1687,13877,6480,8106,15922,4447
13593,-12954,-16162,9991,3288,5478,12611,-6352,-2267,-5094,3266,1864,-12980,-781,6549,-5274,-3716,-8309,6261,-2454,-3998,10432,12333,-12493,-8212,-12941,3515,-10761,5993,-11938,-12255,9651,-6796,-3745,-9080,15195,13598,10907,4352,280,16095,-1124,4871,526,-7123,13060,-14041,-6710,627,4039,-16347,7814,15730,-11312,-8147,3720,-2914,435,-2436,-16200,-11142,625,-15166,-3301,15306,2915,-7146,11004,1190,2954,-4455,-11663,-6487,-12887,-10281,-16353,8661,9143,1765,9180,3427,11627,13123,-5598,11837,8973,-4567,1440
14228,-13727,-2649,9589,5695,-12525,-7371,-3998,4227,-14532,7758,-6811,7741,-1578,10912,-10049,-9812,-4521,-10002,15553,564,5949,-4832,8500,-15361,-4594,-16382,3590,1886,10136,-14803,353,-9885,15593,-15704,4653,6122,-6805,6728,-13957,2612,8275,4593,-12206,1896,2004,12255,-14413,13735,-7606,-10304,-15861,9634,53,-9949,-9867,913,6794,-11886,-14910,13457,-2569,3433,11693,13179,13351,15124,2137,-6967,10609,150,-8591,-14719,8275,-4360,-11688,-4061,-13597,15393,-9995,3002,-13087,14680,12680,7749,5769,-10803,-4406
-609,6013,-1804,12545,4534,9926,-2265,1776,-5135,-2402,15911,-14879,-995,4884,-13928,5162,6372,-7432,-2906,-518,-2919,-7996,8869,-6679,-1497,5289,14838,3371,-13435,-9752,-2684,4346,-3650,-8482,14340,834,-14632,549,11291,7383,11758,9972,10521,9205,-3637,-15873,16212,-1720,14368,2468,-10990,-10855,7432,-5281,468,-12741,-14898,15449,-5340,-2913,-10216,-12682,5013,6184,10908,11745,-658,2668,-2238,-7780,5619,-497,-9482,10757,3999,-12550,-4639,-14086,-3825,-10746,-4851,-11606,1207,572,-1923,6925,-6902,-10530
-11719,-5365,6621,-12093,8677,6926,8464,-7693,-8676,-4622,-1603,-14070,-1868,12808,9910,-3602,8592,-10129,7858,-1356,3173,12385,7137,4158,-12749,-14957,-2885,-1780,-12046,15747,10061,2117,-10245,3217,-15098,-9794,6742,-7662,1491,10467,8697,13369,-6825,5953,-3466,-7036,-6461,-5340,-14588,14104,-10463,3465,-1303,7075,-11394,-11021,3687,1232,-5555,-8482,9419,-6052,15969,-15705,-15031,13059,-14004,-3592,-12352,-15590,15865,-2771,8839,-16099,-16066,4214,10090,-1948,15744,4466,15022,14510,2739,12948,-3460,4845,-3868,-3011
4107,11180,9048,-7273,-16156,7779,-15718,-1712,-5329,15322,-9725,15702,14608,15631,175,-10759,7924,-5572,-7153,3802,-8763,9259,-3063,-15113,-3343,7090,11384,-14316,-2180,-12884,-14374,-592,-1132,-955,3030,-12557,9468,5178,-12128,7426,-9618,-11622,-10058,100,1312,-6491,8007,-11056,-6145,500,4988,10429,3210,6033,4300,764,-11647,4143,-15109,14481,-1883,11,6424,14754,2061,-13203,-6693,716,-1254,-13353,-9969,11882,-1981,-16295,-1658,10544,-6739,1636,-6740,-2806,-14423,-5564,-8535,9884,12007,16020,14075,2462
-14792,-5926,8422,16363,15338,-14947,1990,7750,-8909,15645,674,-12440,3840,-14913,-1405,-2151,-14723,3357,-10674,-210,1742,7760,-7107,-14714,-9905,-12690,-10455,10247,-11425,-14903,-474,-5515,7032,11586,2999,1699,5637,4539,1460,-6491,13075,3682,2780,-4615,-9884,12770,-6761,-2993,12674,13904,13521,-5480,2493,-11274,13945,478,-8213,12836,8376,3765,-2567,-4325,-13774,-6185,8570,-13553,1961,-6109,-12935,12667,-11059,-13405,10951,-7788,9450,-9109,-13225,10270,15092,-9733,12774,-7613,-3417,6015,-157,3156,-13285,-4674
-12114,9248,-145,5812,-10920,-11171,1013,7507,-997,-14356,15681,-3583,-6459,1386,13107,-14058,-16325,14759,-14999,-16211,1659,15281,-14516,13920,11013,11376,-10410,11232,-11779,12767,-1506,13939,10924,-4056,11220,-13101,1667,-6921,2889,-9483,1705,16246,-15494,-6487,-14730,-9215,7613,10544,-3959,1674,10211,4602,9485,-14197,-8184,-4128,-12492,16206,-801,2229,1439,-12602,-5420,-683,13059,-4,-10820,-4155,-10041,-7195,3813,15807,13516,-662,-1688,2288,13098,-9513,15151,-572,10029,-6567,-11573,-2025,4340,-4627,-15819,-1663
-6557,12218,11369,-1235,10730,11181,-11682,5303,-12426,8997,-12634,-3540,3659,12367,-4047,-1189,1092,-3882,-15771,15942,-8816,-1408,-15276,15364,8626,-4679,-9891,-11472,15126,-3099,13803,-13109,-7686,-14323,-14053,-4311,13934,-14849,-11928,-13072,-897,15486,-10346,4418,45,-11714,-9884,-2835,-9199,10643,-15524,-15141,-8318,5501,5180,15390,11889,-2845,8622,4928,-14985,-838,-10135,11435,-5053,5210,-7250,-547,5644,-8486,9275,6505,14113,15402,-11298,-11044,2789,8651,-2365,-2203,-9189,16318,7045,4007,-8800,3775,-4375,-10528
-4342,-7811,-11168,-9090,-11530,2700,-12370,8126,-6730,-10326,12003,311,8463,10127,6121,5189,-433,-7702,4121,14499,11511,-7263,-12404,-11279,-13895,-840,3144,13764,5627,-4712,-2299,-14885,2588,6329,-7483,-14225,-8311,2411,5586,540,-16364,-10695,10235,14313,7458,2971,-12722,14918,8178,13373,-3894,8041,1142,-10232,15093,-3434,-12596,6960,-11920,-11909,-11515,14684,3160,-11766,-7217,7952,-12619,-13776,-69,10763,1929,9947,-16017,16082,10547,10672,12820,10148,-10078,15117,15708,-9032,12008,-3353,5714,11912,-10500,12551
12162,-5641,9427,-2874,-6244,2753,-2526,3976,-4581,4437,15634,11857,2103,8764,-389,2125,-14414,-13122,15500,-2681,12481,8030,-16357,-2519,-10799,360,9953,-15897,8092,10907,6592,-13221,14315,-3321,8918,-1059,-13886,8037,6151,-15283,-7888,-10911,16074,4002,10061,-102,7464,10948,-3391,-10496,13540,13269,-12975,-13417,8731,1355,-16236,3583,9447,4329,-1383,-12995,-12990,3415,8816,-8258,-3728,15641,91,13641,6469,-2974,12294,-11207,15096,-15654,-6697,-15189,5375,-6935,15290,4419,5424,-7236,9030,-14462,1469,6969
10949,13246,-10894,9374,16307,-8274,-10095,3203,-10670,4642,-14019,14797,6277,-16031,10840,-9394,9354,13132,4489,14513,-13104,-8670,1603,-9790,8359,2213,1793,10326,-3300,2945,15451,-13545,11055,1795,6728,-15287,-11087,5640,-11033,-12089,3198,-207,13889,12138,7616,5214,-1527,15327,-2166,-11710,-13567,-4754,12743,-4690,-249,6858,6616,5066,8576,12313,10204,11497,-11792,13922,-10251,-9321,-5601,3770,8151,10287,8721,-5195,8910,-2921,10028,14696,-13154,-910,5578,-4752,-14083,14211,-14059,-7291,5055,9572,8853,-13964
-10830,-7669,6905,5600,8468,3246,14261,3985,-3963,9620,-6839,4669,14414,-7943,-12502,12907,-9130,-11279,-15245,-10125,11310,-14930,7135,15532,10945,-10461,-1055,-5722,3309,2216,7966,-15105,1109,11813,-658,7383,-7206,-13473,9462,1362,4952,14147,-7691,6508,-2421,-6887,14121,9627,-13156,-8132,-10037,-7095,-16278,-5186,-1597,-5629,-9641,-14628,-2631,16210,4856,7245,-13351,-6248,2793,15965,3405,4062,13482,-10466,-16232,7294,-317,-2438,6809,-3083,-10975,-8348,-5534,-14696,4776,-14526,14690,-13547,12825,-1613,14235,1093
-14651,11676,10928,-13963,-4531,-8892,4726,-193,-12449,12896,-259,2479,14309,5085,-8099,-14194,14473,-1562,-6665,13754,5364,-8312,12236,-15176,1741,-8437,8226,-7025,-8803,-12049,-4076,3798,-13356,7278,-13556,-295,14247,2464,-12427,-13914,-3378,11694,-4908,13751,-5117,-1617,-13741,-4544,3954,898,-14652,-10419,-5673,5012,10429,-9828,-2146,-2876,-9527,9535,15085,-5319,-11843,5464,7446,-12022,-11429,-8247,-14186,-12198,14338,-11151,5149,-5138,7450,2629,7508,-11717,-96,-12330,-16347,10979,5980,-5017,10768,-13359,-8413,-8781
-5514,-8505,-16086,-1025,6975,10993,7380,635,13143,125,2055,-887,-1159,2980,10630,-2150,-186,-13597,-10710,16175,968,12327,-13065,11638,-882,-14781,8625,15355,-13635,10959,-14246,-1751,-11150,-8499,-7388,4514,6536,7316,11912,14925,2017,4062,9785,-14307,14874,-7178,4934,-12159,1954,1482,-10275,14626,15027,9738,11856,-1055,-11709,7202,-9641,-13202,-14579,6969,1865,6692,12171,14409,11447,-192,10636,1003,10368,12602,-14906,6693,-14154,-2227,-10937,6644,-16282,-9067,5611,-5767,-5590,-14445,-3040,-9498,5822,-9066
-14211,-4864,-7010,7138,-86,-7541,-331,-6087,14709,4880,-952,11675,4196,-983,-8742,2621,2287,-8081,-6783,-14665,-5897,8406,8984,-15917,-13945,3869,5920,12507,15322,11722,8837,8889,6604,4153,-12451,-14209,-7757,4888,-9691,-464,-1428,13807,7528,3775,3422,2791,1551,619,14649,5789,1301,-1176,-12133,-13582,5743,-15084,-4337,5718,-7888,-5130,15854,7264,-8531,3381,-6986,-7642,6098,-9831,10675,-2449,-7587,12466,-14536,3934,15616,15978,-6124,-9690,-11512,5072,4826,7429,7802,7264,10118,5201,5905,10654
5016,-10387,7778,11450,13944,-2348,15271,4334,-4965,2801,14068,-15387,-4974,10599,-6055,5259,4269,7779,-10166,11346,13952,-4358,-15873,9460,-5878,-4537,-8695,-1023,-2907,-11922,-10205,16335,544,-9743,9084,5944,-9942,4925,-10935,4326,-16028,-7680,-15204,13408,-8866,11621,7554,9490,130,15040,-1644,-10127,-10779,-2241,13767,683,863,9441,-3437,-2339,7935,-2981,-13932,-8205,3103,14396,15855,689,-1408,-13568,-11728,11478,-2434,15097,4490,-5708,-5790,7032,-13457,8939,12955,-12081,5022,-15297,-3937,6155,-6565,-12942
-3315,13949,4796,13327,14293,-8044,-4806,-10430,712,-6953,-12971,-9286,1073,8177,-11552,15088,13995,-319,8965,6202,-10894,-735,-6416,-6288,-15128,-14932,5869,-5536,14434,9976,11023,12874,495,12557,-13397,5143,15538,13723,5518,791,12952,2427,13824,-1173,-988,-6522,15551,6611,-13051,-14549,6845,-4951,13349,-10280,-6541,-7584,-556,-14769,13824,8654,7694,2808,994,-7315,-10492,6933,-1732,5060,-3580,13751,-425,-14220,4444,10622,-12122,3431,9213,6255,7665,9639,-4186,-1900,9060,14535,-5134,-10298,-6243,-10365
-12736,3681,-14726,-5680,-14160,472,1196,10377,891,-7831,9220,-5692,14984,8374,2264,1742,11509,-95,8401,-12409,6635,2726,4983,10890,-15140,4272,511,-13062,-3346,-14079,-9358,-2669,448,-13115,-9105,-9851,5727,12736,9393,-12767,6417,633,-15489,11008,-8162,-15718,-12005,5690,-617,13245,8776,-4522,6561,-8738,2376,-15127,-5781,14660,-5605,2530,14400,-6549,-1809,-3008,-10519,14211,-16021,8203,8596,-9788,-15228,3217,-10352,3052,7688,-3248,-9813,-15566,-3658,-13899,-6860,907,5119,7732,-14965,9201,518,6851
-4191,-1451,-10953,-12059,-12131,-7979,-306,-1194,-14450,11185,-11413,-9635,-3224,7511,13941,2212,12577,-12031,-3281,-10378,-13160,-1073,-13802,13550,-14457,-6913,3164,-7803,-11407,1331,8497,1104,5123,15286,2491,10120,7232,-2055,-10548,-7686,15328,15278,-835,-12597,-9976,-8220,-10496,467,8723,-12363,-3274,14959,-13212,13278,-643,5047,5300,-1986,11595,4753,-6852,2038,9195,1519,2041,12779,4366,-4919,-10806,9530,-11218,3390,10743,-3758,569,-13211,-13179,-4513,2942,-12315,9030,-16334,-5932,9628,6166,6665,8700,-4576
-7038,-3810,14215,-15316,-2134,3101,6415,5952,12457,3941,4393,-7240,11047,-8089,-9955,-2837,13556,-9269,15363,11715,-11578,8921,11907,-883,-4797,5998,-637,6189,7456,-6776,13395,-1293,-10179,-6938,1514,6886,-13107,-3012,-6000,14319,-4247,12332,4920,1830,16122,-3628,-7667,7228,-3725,9174,3327,-323,2697,6129,8014,14563,12154,-4475,-12769,-14091,11043,1197,15101,-1532,362,-12556,13915,-12049,15236,-14122,14785,-4251,-12349,-9420,4247,-567,1199,-12324,-15700,222,-9974,-4180,-7463,777,15893,-13984,7742,-13693
10950,3314,-9405,-10709,-2754,2349,11488,9165,-15046,14703,5587,5278,-11100,15793,-4144,10208,16337,7863,-11882,14954,-9803,-12812,3232,9973,-5451,-10137,15780,-15966,13799,-13611,12792,-2437,-7005,-9618,-7279,13666,-2137,-8563,-8263,-15167,13442,2140,-13789,3641,10141,-2175,13540,-11650,14731,-11565,-9424,-2772,-1004,-1414,-12392,-10555,5524,2229,-4553,-12137,12552,-171,-3593,-10638,-12666,7723,-952,15892,-8492,-4027,13109,10031,-728,7010,256,-4435,3472,13572,-42,13615,-836,2648,-604,-8235,1096,3095,7304,5184
14146,16112,-3256,15573,9782,-1513,-2669,420,-31,-4917,-6907,1233,2759,2120,8401,-6753,8795,-1357,-10462,-15933,-10394,-9850,12351,15846,-14755,-9546,14500,-4611,-16332,-9958,8516,-3308,-1367,-12424,16129,8636,-203,-5893,164,-8625,1064,7355,1582,6410,15671,-13193,-2298,6733,10483,14909,-13048,8051,11433,-6764,14074,-10958,10082,-8249,-14606,10571,-14654,-8319,-8226,10974,6016,6463,15769,1139,-222,-1605,9034,11739,-9427,11301,-3709,12125,-2494,-10549,-925,15851,1368,5962,-8010,15807,1596,12008,-2480,-2327
14551,-2470,-2533,-9561,-1058,4692,7775,-16251,-15562,532,-8934,-14953,3893,-13875,-1496,8808,13577,-15758,6131,10959,15599,-10523,8856,1522,9619,14449,-494,-15623,-8418,-5706,-3117,-6024,-1455,-16041,3218,8459,12776,-3768,-3668,5813,5940,-12748,9923,5964,-8139,1101,13987,-4868,4755,13983,-9232,-10505,-12528,6675,-16053,7406,-15239,14006,15744,-3262,-14183,9058,-11080,15737,15739,6061,13264,-3964,-7750,-12931,7812,-12852,-3282,9628,491,-15230,7567,-4907,-9444,-8033,14108,-12644,15204,6889,2025,-15199,-6396,969
-5381,-7757,357,-5697,-9613,-506,739,-4004,-722,-13058,-1456,-5639,-10233,-2687,-15994,8330,14988,13645,12757,5617,-8672,-1120,14739,-14884,12881,15147,-287,16022,11778,17,10032,8254,2027,-13992,5513,6976,713,-11720,9649,-901,-5567,12282,8791,-2203,-2835,-12788,-4979,3165,3450,8748,16087,-2956,-6732,-11550,-10153,9898,15615,-10631,7912,-12134,-4493,13855,8384,5230,10101,15616,8555,-13652,15199,15705,-8524,-13350,-14177,5823,-11774,-11907,12248,86,-105,2603,1885,14379,-4485,-15008,-1263,-5191,4207,15185
13831,383,6026,13271,14269,-11829,-8079,6447,-14262,14990,3937,136,-10133,-11864,11669,-8425,13250,-8494,9956,4113,15096,13008,15762,932,-6571,-13547,8951,-6245,-16226,6744,1253,-15077,-12109,-1160,-8817,10586,-13816,5602,7425,3692,11377,-3446,12548,-4631,16141,-7171,15763,-4031,4144,10342,3947,14198,1960,-6261,15460,-14516,7351,4167,8928,-5969,1401,7207,12741,-15952,-2384,3590,-4784,375,8317,-15701,13844,11384,-3595,-4237,-10246,14093,10364,-14607,-10779,1047,-13007,4111,15151,-5527,-8752,-211,-12813,-6238
13207,-4498,16160,-13628,-11018,11328,6023,1635,10654,11649,-7328,6994,-4049,-2707,2908,7470,9480,5594,-572,10717,-9323,-2100,16270,-14846,10692,-8587,11249,11539,5043,9274,-14535,-6308,3218,2657,11385,10308,-2333,10441,7527,7423,-374,3304,10644,9801,-12077,8536,-1602,-4678,8238,-2471,14622,13914,6701,-12915,9906,-5542,11625,12273,-6436,-14065,-8345,15368,4002,14731,-14317,10221,8857,-11356,11941,6218,-3632,-1633,7130,-12901,-11393,1488,-8631,-2242,1049,-2281,-6462,12105,14256,-15610,8277,10776,-12695,10327
-14943,8261,-1680,-853,-38,9856,3679,-5018,6941,1590,3665,-10746,-1817,-4280,-12995,10065,3620,-9258,12263,10719,13046,6158,13603,-5044,13625,7668,-7770,-11528,3395,-2091,4641,12489,7194,-13145,15896,-3793,8608,-7037,9058,15527,-7037,5370,7325,-10095,-10083,3152,16277,9332,12429,-13992,8859,12662,13252,-11449,10113,-8748,-12412,-15638,1589,-4227,15240,14259,14842,5207,-12477,8696,-755,11405,7161,-8579,-12135,-12267,-4758,2639,5926,15383,-8886,3393,-6571,-13327,8655,-4116,15902,-4821,4069,-1599,-7364,15736
-12055,-8148,-7962,-976,-2489,1187,11785,13506,-141,6970,-2947,13160,13724,-6294,12171,5668,-8117,14127,-7334,4147,-4143,-5839,-7787,-9602,-12255,-3924,-5250,-2688,2561,14090,-6211,855,14058,14854,-15639,9281,-5145,-4408,-9570,13334,-3547,-16300,-15872,518,6792,-12504,5456,5774,3130,8821,-2090,-4857,-8998,-13774,4452,6092,-13634,-1637,-2194,-13291,-9727,-12673,14655,-15527,-11092,-11774,-16298,-13815,-6713,11967,-11891,-9987,2688,12388,-10918,-1515,-10829,7848,5494,-13692,-6489,8070,-43,-11462,-1753,15768,8335,-9742
-7658,-728,15505,6456,9534,-3553,10778,714,-7589,12067,-7397,-10363,8356,-9805,-5848,13896,2453,-8172,10324,-3177,3889,14668,5792,8672,-4453,-9570,4201,9993,12276,4910,1422,6384,5618,2572,-9372,-1877,7412,14469,-4851,15540,-13206,12884,-4202,13787,-490,13553,8156,-663,-6584,-3869,4539,-12451,13207,-5482,5810,-13327,6525,-9302,-10017,-10458,-14490,-2193,5368,-4376,14223,-123,-15097,8391,13722,-525,15325,10206,14495,9656,13433,13451,1074,-15267,3223,-7905,937,11190,6282,-11881,-5541,-5364,12075,5788
