40,
89,
-6165,14904,2776,-13486,-13513,-14000,-1255,-3673,209,-214,-1265,4331,4871,4266,-59,12812,2175,4582,3307,5731,12625,13695,3491,8703,13118,2660,2495,-11655,-14956,-4028,-2535,12108,9749,3186,-10697,4435,11053,-407,7821,7017,-1171,5331,8666,-6050,-5890,-4818,14396,-14381,-10040,1585,-5286,-11370,4402,13016,-3537,-5556,1598,4565,13515,-9497,-13001,7277,11840,13472,-15159,11225,3127,-9250,13476,-10645,-7935,-2176,-14988,8172,5175,-1713,4985,-10598,-10511,12022,339,-16205,458,-10769,14582,-6768,8432,-12597,-14362
10533,2394,-11851,13555,6609,12783,6259,-1672,7274,-9458,-12628,-5789,-9118,3488,-8452,15246,13616,16042,-745,-11973,-3610,1430,14922,12132,9234,-1112,14263,10579,-5736,-12424,8131,12752,5624,11582,16078,-15616,4122,2905,-11887,-13888,-12748,1638,-9102,5442,-3852,-4965,5111,10542,760,12078,16080,6540,-2019,11260,11122,13217,-2196,10763,6647,-1928,-4224,11795,-13920,2618,-7309,857,11463,4494,3,12732,-852,-4861,-13070,6507,15483,-289,9898,12806,-1894,3157,1140,15183,5337,-780,-14603,-829,-7036,-7772,13627
-3264,-6195,5720,-7000,15340,-4604,2918,-15939,-11472,-7172,-2109,279,-276,-396,-14035,5492,-15712,-9798,12594,3548,-7390,4354,-3965,8373,4759,-10651,-2589,-11721,-8263,-13626,-5873,16309,-12851,-16074,1154,-12297,-9460,-15185,629,3638,-3756,6100,-9398,6810,-13426,-12631,13991,415,-15857,9923,6563,5093,-3826,9575,-2343,-4826,12124,7376,6393,-164,14682,12654,6293,10812,12035,12773,12339,-14489,10447,-4189,3905,-14839,-3383,-9050,-6458,-13518,14026,-4182,-5641,11758,-13409,8579,7003,-7304,15084,16245,514,9222,-9167
3213,-7789,15175,10660,-15520,-13949,7239,-3451,-12152,-5210,14691,-10254,15340,-10528,-1286,9747,6810,14950,-11950,13731,8297,9137,-987,13766,-14400,-3460,-4185,9991,9473,-13253,2425,-16245,9505,46,-15347,1598,14946,-10895,11364,12603,1362,5646,-11926,-1818,7313,-11148,-8805,-5644,-11159,4364,-3271,7121,11895,-7949,15172,-8999,8400,5842,12270,9448,-6466,-16053,4399,4025,6535,11437,-10754,1696,-12083,9640,812,11483,-15958,-12539,13476,-7787,-12617,13084,-8530,13352,7835,6977,13780,-8005,-3380,3737,12661,-7102,9358
14675,14738,103,-8300,-13446,10451,6672,-9827,11476,-2082,-1548,-4302,-312,-15999,-14598,3368,3071,-11457,-15907,3511,-7067,954,6969,8997,8852,-7168,13791,10060,14392,-16295,-10589,-7164,11475,15610,7891,3232,10655,-9039,-13081,16087,-10696,-4831,-9067,5588,-4782,2272,-5832,13940,-7050,-3388,-1749,-8181,-6734,-3690,-1607,12437,-12327,4092,-12730,12265,14693,2625,8967,4484,15522,4468,13444,2248,-6460,13900,1502,-1176,14686,14253,5053,-10119,-6593,6463,-15979,-3360,-15585,2794,834,-9142,-9350,-5501,2950,-7396,11294
11736,1934,-3018,-14689,-8513,-13947,2709,4126,2109,14126,-4898,-12248,13425,14290,8196,-15461,15436,-5416,-8629,1651,-8079,-720,7049,1452,10080,-10071,16,-6949,-8509,5461,-924,1676,8792,1855,-890,1362,4974,231,8473,-14423,-6238,1908,-14062,1111,12340,157,14480,16125,-12183,-3798,-11275,14478,-7638,6724,-8542,-10616,-9933,-6890,132,14936,12837,3881,3399,11914,12316,-3099,10153,-14610,-311,1777,7465,-11754,-3727,-1828,-2774,-893,-10753,10777,8284,-15629,12036,3459,-10989,11178,1075,5206,756,8803,-3051
-2740,10864,5589,12369,-11177,-2361,-11371,-13308,-6810,1813,-5627,-8466,15558,-11391,11450,14134,4416,-4641,3294,15874,-13202,12629,2582,8739,9615,12433,-8267,9205,5587,4608,2771,-5215,-3952,-9060,-13855,11777,14508,4396,9273,-3225,12552,-5805,-15359,1601,-3124,15419,10272,3373,-6604,14820,-2101,9814,15655,7508,-13211,-15519,-9454,-1743,-3265,10070,-9244,-13635,10884,9429,2144,6309,-9654,1881,14673,-11474,-14810,12055,-4706,-2904,10258,7803,198,10196,15613,-2936,1801,-12827,-14523,-5388,1774,-9779,2052,837,6751
11543,5373,-11164,-10035,-8013,-5281,8019,145,-3896,8614,-2141,-6804,-3985,-14393,-12249,8080,1870,-10499,-6529,2263,-16177,9169,-5543,-15170,1421,-11524,-3680,5205,6590,-8929,230,-16184,-13235,-12298,7340,-13131,-7700,5828,6517,4271,-13951,1768,-14478,-5545,14324,-13399,3956,-8536,-15777,14165,3576,-654,10480,1785,14443,-9971,-8441,7455,-14452,7199,5965,12242,-23,5237,2316,-5856,6818,-13463,14837,-9845,-2568,11066,-5171,-16193,1504,11269,-5790,5390,2942,-12429,-8478,8426,-9186,6960,-8149,8800,5593,-13977,-5017
7382,9618,-8093,-14736,9968,15702,-15724,-1492,-16374,12755,-72,-9068,-11189,-11404,12096,-2281,-6791,15561,7793,-12555,5881,6070,5946,-8785,-12236,-2741,-10987,-12293,-7157,-5470,926,14892,6697,-6460,9318,8349,-5550,4005,2655,-10901,9378,-14434,8069,5192,536,-10803,-9164,14067,-10408,4928,13747,-14103,14323,9009,12737,-14703,14062,7674,-6066,-15772,7270,-15808,-11408,11872,-3958,-9161,-1658,-15400,-3823,-1575,514,10413,-5085,-11784,-11443,-9840,-12789,3135,-13770,7603,15659,12445,1621,3713,10129,-4886,-10951,3958,2072
-14519,173,9016,5408,-11840,2844,8561,-15361,-5589,62,-12933,1193,-11807,-7614,14110,798,4145,-733,-7523,10875,-6036,1015,3777,7675,7293,14864,15031,2018,983,5416,15739,15152,5849,-12528,-3603,-4254,-5521,6999,-9344,8295,16167,-9636,3748,-830,-5188,-2969,-4582,-8282,-8881,11805,-4842,4704,16001,-5241,-13578,7046,14554,-8220,13320,-10232,-4508,14414,-11152,-10285,-16237,-12050,4566,-9880,712,-9472,-16107,13289,-9421,-4032,-6181,11180,-1999,8575,-7036,1585,15281,10681,-3174,-5094,5265,8598,-6824,-9985,-13510
13335,-14669,-5962,-12214,-2571,-3500,-11483,-2612,2417,14069,2896,1493,-10772,-15582,-12974,-16000,34,9062,-9577,-8269,11358,6204,-745,14149,2885,-15344,-15165,-9592,-1491,-6395,-11268,11681,8472,5391,-13150,-5139,-2091,2795,5817,3461,-4612,925,5215,16201,9189,-11043,-8182,6120,-5027,14486,-8581,-9337,-9008,-14745,-4910,13212,7932,-1513,-2093,6016,-13848,1994,10449,12519,-11392,14324,-13188,8021,-5011,-15436,12024,3067,-11445,11358,14291,-7919,-2149,-9743,9209,-746,5412,-13251,1914,10722,10731,492,-172,-8676,-8915
8899,8150,1870,-2200,11914,14985,14759,-14791,2514,390,-10691,9456,-11499,-4565,15058,2247,5981,11288,-16346,-698,-9219,2391,8415,-5336,-8920,-11986,-420,13028,-9235,-6682,16249,3099,13141,-11443,13608,-11206,5042,-10071,111,-9175,-5718,-7061,5283,-16254,-7573,-13295,-10778,-8280,-6076,7535,12376,13784,-9917,3497,7813,-3355,236,-4256,-8301,-932,-8929,212,14090,15052,-726,15174,16092,-15764,11017,10729,-11910,3690,7020,7260,14591,-8248,1369,-6180,6826,2059,-5893,9916,-13346,-10471,-4772,1810,11064,13003,3510
-4751,-5323,12121,-7145,-3603,-3775,9209,5673,-14549,13003,2333,16095,-4065,-15016,-700,-15589,2986,10767,7881,3922,8939,-16112,-4813,9623,10264,7990,-1244,-7224,-13075,-11955,3654,1519,-4180,-1936,-2420,9533,13136,14279,-13419,7856,-212,-2978,5717,5004,-15292,10346,12380,-8323,-14835,-7143,2371,1159,2158,-15360,-11894,4036,239,7413,-5722,-8908,-4244,-9281,11929,2234,-13671,-4309,15334,15005,-10202,550,2766,-12322,15910,-1313,11168,-9445,2085,9049,2074,13161,8957,799,-11478,-6392,283,-2366,14310,10761,6889
4425,6675,7287,7840,-9658,5090,9600,-4392,-922,-6058,10797,15405,3456,3783,-4824,8758,-11865,2572,-4697,-12664,13108,-9301,4363,-11066,4137,-8545,2839,93,15103,10985,2793,5250,9757,8423,-4932,-1882,9946,7636,3658,2828,2143,-9419,-12309,-15119,-3479,-14158,3,5525,-7794,11210,-15321,14392,-9196,1227,6669,5302,2353,-10225,14245,11047,-10271,-9691,-690,-10583,15278,-7110,4882,-14925,16309,-2264,-15700,5850,5270,-4075,12804,2228,10663,-2612,7983,2046,7703,-10789,-7018,12345,-14210,7661,3003,-597,15395
3989,-1424,15509,6608,-478,12189,-13180,13883,10404,7704,4792,-12215,-10181,-7458,-13997,12941,8897,8304,4374,3042,-2982,12523,-1739,-4270,-7657,13707,11162,-1514,10844,-7830,-3780,724,876,-2456,-5463,-4418,-11654,8101,-7146,-12481,10146,-8651,-12358,7202,15326,15751,-14667,-231,11242,-3155,12068,-8756,-16015,-16199,-1363,13874,409,-7532,11439,-7085,-14874,-7582,-2327,-145,13591,15431,-10495,-6334,4094,14406,-15755,-6450,10133,-3021,14002,10210,16086,14492,-4633,-15035,12777,10488,2415,9085,-15004,4643,7995,12852,-5203
3958,162,-8784,-16344,-6871,-13701,-12724,-11422,13041,14820,9898,9664,15491,5752,3671,-15338,-10031,-12039,-7120,-2803,-4502,15691,1503,-8390,8782,7081,14068,7112,-14778,-4459,-12146,958,4214,12543,7570,-13075,-13649,-2955,209,3682,13600,2282,11176,5362,-5400,235,15613,-2553,1516,15089,-1786,-11182,9939,-6617,-14056,5806,-3328,-7525,3092,-6630,6757,13543,3019,8432,15555,4738,-2069,9437,-3486,-13558,16144,5994,7022,11346,-740,5782,-13070,-7058,12667,-628,-12210,2277,14390,-15393,14713,1378,-7273,15837,15306
-14096,-335,-8217,10978,14427,-13360,8306,-1124,9669,-1424,13192,9303,3727,9917,5795,107,14994,13364,13776,13621,9242,-2518,4089,5708,15057,-15369,-544,-14074,9249,-8850,-12088,-12277,-9232,-11589,-12863,8520,-6684,7173,-182,-14096,-2644,-15908,-12442,6984,2911,-1182,13862,15598,8225,11877,-12626,-6287,3985,-2486,-10219,-14197,1637,4569,14600,6624,15958,-740,1178,-928,-11579,-7140,-10556,14226,14105,3343,14502,-893,-11607,5784,10862,-7883,-9187,-8110,-2189,3991,-13248,-16163,-9493,-11520,-6278,-3286,10560,-5556,-3373
-14995,-15909,-10005,-791,4462,16237,-776,-8679,6231,-10661,-4254,-6228,-14290,-16024,-8037,-11335,1161,13512,11293,704,-1275,-14911,-9296,-7946,1473,15024,-7860,4242,-12578,-16100,-2262,14265,10380,-13176,15543,-645,-9921,3685,-5520,-13295,14739,12610,10436,14379,-4873,4283,15197,-15467,14852,-15686,3358,-4824,12142,13453,1518,6678,328,-7031,-15830,14154,-11217,10935,14177,9997,13813,-10666,-6063,294,-11551,-3833,-6227,-3288,2866,-1434,12085,4968,3427,13682,9216,-8553,2166,-6392,5296,-1133,16329,3404,-10530,-2907,-8593
10228,-7642,6967,2849,-6377,-2798,-9230,-7332,-4933,-7996,-13953,11723,11506,14684,9743,7076,5518,-6830,-8195,8582,-12020,-7021,-13185,-4254,312,-2980,6629,-6824,-8146,-9383,3183,3264,-10482,8697,13812,7227,-12345,-3267,-1972,12559,5805,10221,-2166,-7710,5926,1020,-1475,14007,3239,-1174,14906,4609,-10918,-4664,-11516,-2708,-4544,8716,13798,-12043,-3352,8157,-6976,-5155,-4583,3610,9500,-13899,-6089,-5738,-7450,11142,-14388,-5578,-7762,-7197,9616,-10532,-7220,9646,2352,5514,-6572,3975,15833,-5616,6984,-8968,4377
-7062,-6491,15485,5667,-16120,-6735,3674,-1665,-4197,6566,-8680,-8734,5952,-6933,-11225,-15398,-6405,-12868,-15069,-8796,6963,7583,1224,15440,6329,4030,-10098,4460,8321,-10156,-8152,15551,-1725,-1117,-12944,-7000,8187,4556,-16351,9921,7828,-6867,-6087,-6793,-8667,15347,10330,4114,2164,14754,9367,7871,-8291,13853,1084,-1354,1439,-3367,-7424,-5308,10063,447,-5636,1439,-991,-13023,9075,5217,-11965,-9705,-1332,10821,-1210,4630,-10176,-14845,14048,9978,-9642,5409,377,683,9056,-6917,-8862,11197,-12365,14289,-13000
-6605,-2111,-1879,-271,-4762,15364,4270,-10228,-8462,15643,13437,-3812,12073,2710,-2753,-6420,-6935,-13718,15690,11126,-13431,-11689,-16373,-9211,12106,-5917,68,-6291,-2291,14733,-13939,14402,-16299,-9032,-96,14602,11756,-15206,-13149,-8900,-2873,3017,5788,11217,-3444,4937,6211,11544,-15582,-6030,-3365,496,7500,12475,2215,2608,14796,-2378,7929,13330,-8847,-2492,-8285,14033,14338,842,-7049,7776,-2684,184,9614,-7275,15181,9133,9300,-13870,-8914,-13001,5325,-5485,7609,12297,-4823,-1960,-15728,-15227,-15981,201,-1679
-9622,9150,-2429,-3577,487,-14905,2137,1315,2410,-7627,-2407,6659,3327,2580,7262,12940,-12363,-3200,6812,14927,1238,-3782,-154,-11025,-7419,10221,13170,-4719,4414,-7613,-1030,13296,13564,-8090,1942,-9486,15550,15602,6790,11932,-2603,-4350,-5722,-271,-15171,15781,-4395,-15150,8269,4685,-2748,14538,13324,-5480,-1633,6978,-8653,10943,-15581,11089,10085,5951,1392,-11163,1023,13167,955,10523,-4517,-2049,-6171,-15639,-16230,3254,-495,-12609,-13921,-9843,-1271,-3384,5373,12412,3813,11453,-3250,-6507,2269,-10416,15490
-3536,11124,-15415,7232,-2152,-1415,4805,3212,2629,6814,-5482,2775,-816,11985,1654,-2399,-15800,-5511,8127,12129,-9479,2309,7304,-3429,4250,-8068,-15994,2814,6918,3327,9294,-3902,4660,2726,-8238,-14439,2739,-9304,-4440,8366,-8260,3087,-502,16377,15780,-10297,15026,-16152,7455,11263,-15207,-7574,3900,9895,4107,6639,163,-15761,-8833,-159,6261,-3876,-16352,15953,5289,13907,-12429,-8432,-6474,-884,10184,3823,15147,-13380,2957,14449,-15226,-1954,-8895,9604,16142,1600,11026,2956,-3988,677,-1227,14852,-13407
2582,-2711,12919,3703,-2077,9480,2646,-10073,4348,-11772,-12060,-5782,-4421,9371,9360,13468,12613,5321,-8464,15243,3335,13924,10233,5401,1592,11000,16353,15073,-3021,15790,12879,-14050,4947,10217,4084,12616,11956,4202,-1438,10440,-15970,-8704,14057,-13902,6244,8469,13228,-10645,-6082,9637,-6847,-112,13147,-2364,1622,15537,-13246,-15628,-6133,9462,-8565,14905,-9656,-4019,10211,7699,-8527,8408,13409,-14051,-7540,-12932,-1773,8239,12954,-6996,10050,-9284,-3560,-13023,10791,-10710,-11243,-3021,9936,1410,-3941,15130,-3290
12491,-13381,9100,6153,-13410,-3811,-5441,-1627,10504,10287,-7090,8970,-10073,6977,4598,5791,6681,-12953,6168,5524,-3272,12305,-3426,11067,4507,7071,-14144,-1137,10741,-6281,11974,8508,-10799,-5627,-14612,-2994,1954,-3876,-13142,11140,11142,-9042,-4374,3660,-6520,11773,3335,15457,-3006,-10333,-7328,9298,-4096,-6986,-15767,-10670,-4700,-2830,8549,15878,-4396,2804,-917,-13056,-286,4725,7511,9847,10807,-11270,6579,11025,14345,-12282,8185,-974,-2077,-11924,1517,-13538,-8041,-11066,-10867,-4657,-3734,-7878,-4976,-10154,-11604
-5826,-9734,5891,9615,14709,460,-15645,7594,-2717,4207,10314,4092,-6560,1374,-14521,-8400,3953,2487,10490,-1882,-13025,-4233,13117,-7751,14129,-13046,3281,-9049,16168,-11784,15178,-8555,-8188,8258,4886,-7198,-5950,-245,10309,-15578,-7723,14433,13975,14002,-13506,-11689,-14597,-8204,-10096,14098,-1705,10464,-7829,8738,12502,4014,-11863,6624,8620,-3537,-11991,7848,-676,1508,14717,1357,-10339,-2290,4821,11595,-8473,-4555,15510,-4630,3567,15113,3635,11938,-5995,-5937,-14592,9099,-3385,10021,-11307,8506,-8569,-14040,-13648
-7595,6637,-10304,-15037,6160,8936,7561,-12301,9203,8706,10486,2112,7091,-9024,9499,-5138,5480,11268,5172,12282,7000,4631,338,-2013,15365,-10922,16339,13006,-12926,2619,1066,-15592,13016,-6034,1540,-9184,8618,-4658,-9680,-15407,3812,1711,10040,12375,-7034,-463,2919,-4741,-513,-7330,-775,7353,13321,3178,-5183,9390,538,-14673,-11096,-14805,9717,14033,5851,-11434,8885,-8109,14863,10892,9987,2337,15383,-10399,-3308,-902,3240,13260,-6677,-4096,-4188,-13235,10762,-8864,13245,3461,-8476,9172,6860,15451,-12805
-5771,-782,13466,-14190,11761,-3413,6160,13146,-10270,13014,-1963,-9652,-886,12974,4537,-8726,4691,-6659,13953,9895,-8907,1785,9886,13132,12826,15510,-5966,-15273,8069,-12240,-13714,-13049,-12377,10216,-7051,9087,16154,14969,8789,-14790,-2310,-7009,-8597,2608,9743,7812,-14736,-12346,-12546,-7500,-5666,-7971,8536,-7485,-11683,5784,13365,-5527,-2006,3116,-6325,-13063,-5071,-13628,59,3948,-14559,14495,6749,9751,-4307,-7377,2775,-753,15105,13702,-5327,-15957,8450,-8948,430,15042,4441,-6639,-12027,-3760,6205,-14532,10903
-931,-659,-5339,6239,288,-11281,15037,-13570,-14801,9395,9959,-6176,8250,6052,3374,15601,-15725,8753,2049,-13231,-13392,-3019,11437,-2900,12993,1450,14892,702,-802,8335,-4938,-4467,-8772,11996,-15542,1750,5845,-16329,9219,12138,-15969,38,5163,-3462,6475,-9986,2146,9338,9044,15424,-10886,14153,-8287,1429,-16088,-5869,15933,-258,7239,-7273,6224,9807,-8954,10622,3291,-15540,5276,2092,-14913,-8478,8313,-9453,-312,15945,10427,-12790,-5676,15320,-11286,3078,-12170,15980,-4965,7631,-1849,11688,-15616,-185,-2900
8056,-14837,-7038,-11264,-15438,10943,9483,-14790,-11237,-1452,3813,15352,-10820,8819,-2385,11221,10133,3651,3925,-4167,11691,10368,-11668,10249,-9902,-4670,7864,10381,3939,1417,-14146,2940,-2217,-8856,8449,-15622,8793,-4818,-13092,-11105,3145,-8608,14764,-13607,-10195,-4456,8077,9430,-13450,-3814,10715,15754,8892,-10169,-497,-3231,9791,16074,9722,-186,8598,-16329,-11738,11248,-2760,4358,-8104,1956,-5328,-6232,2014,-14212,15210,6282,-7313,-11454,-2533,12649,9631,11825,-10026,13480,-15156,3123,-16081,-14679,-1871,951,-14960
-7747,374,12998,12148,-7472,-15521,-10168,7919,10286,15972,3101,1755,4588,1031,14660,-8082,9524,-15190,-7169,-3915,-14959,5929,-2568,-5620,5973,8151,-12461,-13793,3179,6266,-11155,8533,-15444,-15665,-6949,15641,11975,-4018,-1702,-7984,-6259,7428,-16115,3711,12814,6726,-11459,-14974,13132,6765,-13838,2822,11077,9588,-15529,-10421,-11987,14802,-5073,-9397,-4215,-12221,11304,-9750,2772,10283,-5260,-9545,8628,535,11972,2862,-7973,15161,-6244,7763,12520,3791,4321,6902,-12260,10858,247,-11683,9147,12925,-5258,-10596,-6402
7790,-14927,15635,-4024,-14272,12017,5964,-9113,-13611,12892,11695,7468,1268,2945,986,10788,5727,11558,68,12627,2559,6142,-5934,2632,15233,2116,-6205,3395,-4928,10935,12657,-14776,6331,-6668,-14064,620,-7635,-13992,-1937,1316,-10251,-4719,13311,6821,6030,11626,-9578,3413,5837,-14282,9986,-7315,1468,15609,-13064,9093,-14094,-3915,-9090,-14589,-9665,16234,3056,11426,9267,2522,15550,-13997,15995,-12337,53,-8544,9342,9011,-13452,-4326,-2251,2927,5277,-14719,2921,512,12524,-14596,2260,-9938,-11842,-6860,9442
-8723,-7173,13753,-7391,-737,-4787,16052,-1962,8038,-13725,-5489,6690,8235,11694,-4954,-12736,2597,-2130,4908,7527,-12924,5010,-13100,-16298,13533,4541,-2833,14501,8452,1196,7577,-3355,2035,-8545,2412,-4559,-12372,7344,16220,12262,-2574,8796,4642,-8382,12749,-3757,-9064,16029,-56,7603,16040,-9391,4043,6841,15350,173,-15497,7697,-5951,-13898,-16192,-12830,4869,-712,15640,-4390,6162,8560,12260,-4390,101,16291,13040,4221,-13691,-12591,-14893,-5240,2980,2747,-4673,-1522,1833,216,11309,629,3650,2217,-9843
8839,8123,-3887,-5713,10932,-1979,14635,10729,-12686,6907,-16118,-6393,-5754,13000,-8788,8049,11033,-12556,-8966,2231,-2538,3270,4356,-8586,1039,-6206,15232,-15579,11827,3748,9299,1906,9739,-8795,-5144,14476,-12304,5257,1732,11497,-6741,6329,2935,9455,6966,-8678,-5259,7648,-10219,-14656,-8885,11001,-16,12478,-13797,-1729,4211,15678,10646,-1364,12278,14839,-11855,5548,12231,-1210,327,11595,-8715,-5870,-2048,11522,-9524,-567,-8262,6386,7882,13219,-2876,15337,9711,-9689,7884,-8116,-5091,10228,739,-8651,-15950
1083,7051,2804,4825,15386,15835,13217,-5828,11756,-14265,2600,9461,7897,9250,10451,-3213,-961,-6229,-11695,1242,-8397,-6656,-9574,3684,5544,5133,9980,14687,-12161,8716,10626,-7434,-14055,-11006,-15666,-8013,404,-2905,-8127,9637,-11125,-10381,12885,-8967,13973,-6652,-6637,-9770,-6874,-7613,2553,8249,-8798,418,-3831,271,-7146,-13960,11030,-3497,6934,5007,2399,1089,-16286,14834,5409,3169,11005,2056,989,1049,-13491,-3556,-13305,15133,-10834,-3614,-4341,12235,10171,-12694,1170,-5455,-13332,13480,-1442,2573,-16258
-4330,-10783,-4210,8333,1779,12672,3253,4730,-14337,13049,15044,772,-8764,12807,-12371,-12322,-7844,8196,11687,11357,-7651,8311,-13518,4546,6011,-12770,-631,8243,-7254,2240,-16179,7563,-7576,-9474,16285,-13325,1189,12863,-16175,9008,-1972,15222,6458,8951,509,-13819,-231,9511,5085,-6948,9930,-4418,-8189,14886,-7686,14452,-15474,3066,7952,11828,14465,3814,1605,-5651,-15864,246,-10209,-15988,13454,-15865,9413,-15438,-10961,-7987,410,-2908,3504,3386,15290,3102,-588,8423,802,-4443,4172,-8760,-9125,-13901,-3640
-7540,10925,13185,7645,-10513,-9067,4321,1881,12420,2961,-14573,4145,16259,11630,855,13487,12685,1117,13459,-5322,800,-3521,-3397,13742,223,2392,-7992,-6013,-13378,1769,137,-7383,3854,-10284,-2383,-14200,14748,-3411,5682,10620,-1549,1156,-11045,-4699,11816,8272,11433,-2745,-3613,-15984,8931,9903,118,10047,-2925,-14853,-10666,-6181,-12021,-5746,11882,8841,13021,16187,11709,-14033,4181,2527,178,-4320,-4247,-15492,-10730,3409,14154,-16039,13871,1723,-10400,13025,7923,12327,11544,-4094,-11253,-953,-4199,-2000,19
9505,-6947,16258,-10104,2196,3438,10806,15661,13131,-7887,-14392,-5149,-8562,7694,-1643,-2328,-8678,-3622,-962,15484,-13920,-2789,5608,10890,8295,6789,875,13296,14175,6804,-10920,-10689,1929,8385,10307,3236,-10358,7879,-9475,-7834,-8931,-4360,8682,-6120,-13063,15983,-13250,-8889,9034,13505,15778,14520,4968,171,-10589,-12213,-11986,3893,11043,-745,14965,-16064,4525,13902,4609,-11346,10522,-14966,14100,-10721,-5796,-3159,-12869,4980,8077,-9105,-2072,-689,13412,2047,-16180,-10949,-766,-4853,-8044,-4724,-3102,-14057,476
-11526,-2507,-5411,11639,-14125,-2774,-7759,-3962,-8127,11605,6980,-1506,-15303,-9342,-2025,-4443,2758,9888,-14477,3942,-10564,6881,-3855,15186,-2831,-4985,-9524,-14727,9290,-9377,8174,8477,-8597,1334,-5976,12818,-772,-5387,-5640,1752,7444,400,-9628,-15294,5994,-1944,-11350,7665,12722,-5736,-14340,-6802,-7438,-15932,3767,2769,4823,-10314,13887,13631,6526,2951,-14097,-16281,-4551,-14690,1105,-11199,-13427,-7258,5434,-481,4359,-16115,10589,-9556,-15808,-6152,7513,337,-8032,457,3229,2056,9316,6407,-4958,-9178,2586
9357,8359,10024,9867,-6999,208,-13709,10206,13910,-15727,12629,4812,-4711,-15529,-3812,-12253,-2881,5780,6241,-3686,1995,1522,-15419,-331,-2315,7806,11391,8380,-5584,-6595,-1662,5058,-4888,15322,-10308,-3657,7266,11181,-12330,-11983,14763,-6323,-7246,11900,5992,6796,-12610,1969,-15071,-6654,-5299,2891,-13764,-4098,-4320,258,-378,-3931,9621,16006,-15445,-7799,10202,-15598,9116,14935,-2465,8474,4396,-9496,5073,-12754,5165,-9946,12254,-2322,-11179,2175,6031,864,-5447,-5202,15968,-6946,-866,-12181,-8281,7262,-11009
