40,
90,
11582,15532,11402,-10274,5370,-5144,6328,13301,2233,-5869,8854,754,16109,6547,-10383,4912,3512,-1883,-6474,8620,-994,3090,-13845,13524,16342,-4346,-13669,-463,-15972,16272,-14944,-6764,-14931,10648,1237,4774,8180,14872,-9918,-10108,892,9164,5212,1160,-8426,6803,9025,-11376,1218,9523,13759,-2605,13306,10673,6922,5946,8713,15588,-6932,2097,-15612,7675,3463,6548,991,-1306,-2699,-11867,-5557,12912,15637,158,-6815,16146,13445,-3572,-11072,-10622,-14974,-12693,15091,-5368,-13769,15671,12898,6948,8694,-3111,10721,-7195
12848,13996,-12047,-7691,-6373,-7110,-8700,14247,12959,9128,-9806,10452,-9011,-3962,-15323,-10915,14382,4871,4910,5179,-1299,9116,12636,-10207,8418,11001,14809,6085,-4725,4438,-6416,-4845,-5472,2984,15140,8031,-8428,2344,-426,15501,15293,-8752,-4375,-5573,1508,9859,10521,8286,-9153,-2053,-12780,-13918,4150,-14369,-944,14058,5140,4404,15231,3057,-9567,-921,14777,-4784,3713,7147,-9041,-8063,10257,-11662,5124,3657,15493,11283,-5447,-4092,1505,-14449,-2338,-16044,-5225,-2464,4858,-14395,12766,-8195,12902,4068,14620,-11738
8807,-1995,9225,10510,5935,-7083,1283,-12220,757,1874,620,-925,-15654,-4412,-15134,-12863,11830,13851,2005,10914,15198,-6338,-10736,1584,6965,7712,14475,351,-2792,15220,8496,-12250,-4844,11199,-9667,-13566,-6655,9079,-15944,4007,2424,4246,14569,13731,16095,-1692,-11111,-13282,13564,-7000,11729,-14931,-11308,-6474,7264,13037,14855,7720,5420,-14303,-6677,-2086,-8722,9011,-7552,863,12692,-6741,135,-2430,13028,-744,9022,3254,-2695,12772,-5657,5132,7423,539,7989,-15592,-11963,-8191,-15196,12546,-2072,-4348,16273,10817
901,-11928,-14124,8948,7339,-5152,6254,-12720,-12502,10368,-7853,-10672,-6037,11825,2855,-3383,-6069,-6613,-8397,-7301,-7905,309,6732,-9363,13214,2751,-12935,5120,-11897,-3870,-9192,-1465,-15123,8061,9393,9814,12561,-12441,15906,9453,15502,-4551,14687,-5207,1463,10426,-15398,2866,-1264,6021,-4878,-6106,1439,-6740,-6932,3828,4606,1931,2516,10261,-15040,16261,6421,11138,8871,-4994,8747,6646,11342,6049,14514,-4446,10473,-15434,8881,-1826,-2079,5075,-6230,14967,8346,-15184,-6689,1726,-2846,2750,2182,-2083,11306,-5639
15781,-4249,-11608,-9732,1056,4137,15380,8818,15221,-5622,-2537,-9319,-2598,188,2591,-5428,-11783,8807,1802,-1260,-14132,13554,15347,5499,7101,-886,13077,545,15960,-15712,-1009,14660,7009,-12066,4313,1581,-14136,6449,-15683,-9309,835,6086,14041,-10612,-8688,16150,4625,-4343,1505,-15451,-12586,3066,-15777,-6392,585,-12575,936,-9799,-8372,-12090,-15461,-14179,3009,-3142,5039,4150,2661,-12168,-10289,8419,-8461,5194,401,15048,7562,9261,-9338,1638,-9640,2237,-4363,4648,-4012,-8965,9061,14141,-11549,9148,-1064,2906
4691,-5358,-9273,15983,15083,-7121,2676,1904,8917,-14943,-15893,1309,8045,3724,-1121,-6139,-6837,1724,-5318,11302,-13643,11900,8722,13997,1109,12804,-5003,-12535,-12182,-13004,-10152,-10459,8119,6395,-12630,-3272,12869,4818,-2823,-9530,-7506,1953,13645,4958,-13726,-8025,-13739,-4357,3967,-13824,15426,-4248,-8546,-15491,15433,10686,-7350,2612,8891,-5542,2630,-5958,-9748,-4062,15311,-10011,2597,-1688,-2591,-3497,10434,-11678,2813,-12860,-7347,8047,10620,-13104,-8789,-12427,-5455,2146,8692,-6528,11314,-4277,-4638,-985,16095,-7539
-198,1971,-14192,9557,-8344,2236,-13895,-3858,908,-9798,10431,-9221,-27,-4009,-15724,-14623,12155,4258,-8680,14497,9546,-5686,15042,-2735,-9424,590,-14375,-9888,-534,-6909,-1885,-4261,14954,-3776,4641,2966,-1363,15139,-3657,5609,-4254,-2472,-10756,-5252,-7582,-1155,8350,9394,-1288,-1351,-10841,5435,-15393,-13662,9319,9739,5245,-7540,11164,-4455,-9770,-10405,-8861,-561,-4721,13175,-15882,-8049,5469,2387,-535,6971,6042,-15139,-4124,-13837,-6634,8340,-14025,9232,-7975,7969,-3926,8119,4476,-13750,7102,7572,-15882,-3927
-7589,6029,7969,-693,5644,-5661,9940,-1745,-2603,14219,-9516,-3911,-15143,-10079,10312,-9034,6287,5908,-3107,10392,-5193,3687,-8946,3135,-7671,15195,9295,-91,10483,13130,4069,-12727,-9216,-3007,6896,-16149,-3589,-3685,-5846,4091,3275,13329,10044,13574,-1862,-4272,13184,4723,6576,-4343,6212,-7437,-132,5181,-2346,-13703,15556,16360,-5414,1782,-15020,-29,2167,3401,10704,703,14076,13735,9570,14781,7326,9283,-5082,10188,8524,-3273,712,-8856,6526,-4643,15494,-15783,10270,8135,7022,-13990,1581,14855,1304,-9116
5748,-1233,-13966,-13027,1162,-8628,8866,10028,13846,13739,12615,9385,6515,-16333,14213,15774,4967,13546,-6904,-8099,-16015,8530,-11687,15184,-9607,3786,-11945,2496,5695,-4450,3630,11664,8839,6561,-1711,-1808,-12682,-2625,6690,-4170,184,-820,5344,-11116,3215,-11510,7282,-9249,-255,-386,-4845,14752,-2616,908,12251,14201,-10390,-6566,-6376,-10387,7534,-4510,-13826,12325,6753,8035,-1051,14698,12470,-5459,-419,-6546,2434,5856,4190,-3165,13541,72,-11559,3261,7667,3523,-2068,7377,16103,9133,5793,-6636,-5728,-14330
-14073,-14230,-3373,-3268,15547,486,4230,-15846,2005,7620,-4558,1842,10204,-11365,-10426,-1728,13908,14693,-7060,11615,14255,5751,-13653,-7874,9422,14426,-7945,-14269,-4665,4281,-15212,14246,-14674,2684,7448,-7626,1808,877,15565,-208,8230,-357,-6521,1440,14559,4368,-3459,16144,-2924,-4713,13617,-2143,-8452,13156,16118,676,-15052,12538,-11025,-9541,-1040,-15614,-499,609,3256,-9129,15699,-2770,3410,-1210,1948,2204,13975,-4403,-12296,-5552,5652,15405,-4587,-1348,10298,-15058,-15579,9812,16071,-8613,-478,-6152,4080,8043
7276,-15621,15608,2460,-14907,-2870,-6979,-2595,-15725,12387,-1541,-15609,-11021,7197,23,-15279,-2964,-10672,1730,8057,3457,1092,-8647,13601,-13630,-14652,-12813,1742,10907,9107,-4893,5553,-6626,6095,-8574,1208,7513,13309,-2090,-15364,-12379,14078,7863,-9430,-5699,-15332,-5059,-5877,10984,-15299,-1361,-4066,7934,10403,-10298,-13496,13121,-5702,3626,10507,-2459,-9641,-4138,11915,-6030,-10818,8649,-5669,2967,-7007,-10233,7894,-7830,-15407,11857,12866,-11621,7611,-10041,-8666,-3975,-5194,-15971,3029,14304,10355,-6900,-12318,-2185,-602
-898,1452,13446,12753,-5520,15998,12315,14546,-15516,-16113,12852,-7529,6704,13771,7664,-5402,1621,-2154,-407,3681,-10876,15465,-9340,8854,-2023,10878,8552,-3147,-6554,4484,-7191,-13058,-1988,9228,2408,-13274,-12511,-14064,-624,-6268,-3697,15982,3901,-8680,-10171,-2872,-12433,-2508,12115,-15129,-2549,-16273,9018,8481,-9756,-9549,-2935,13647,15418,-9102,11266,3460,-11621,3292,15260,-13556,-8132,-15262,-1903,-15897,-4394,5000,1469,9750,-13161,14180,-6195,2661,-10744,-4841,-12384,-9546,-14763,14899,-12979,-12818,1867,6399,-4260,-456
-7966,-7319,-3035,7973,9065,300,-7477,-10197,-8394,7958,16319,-126,-2985,-9875,-496,11942,-161,12801,8160,7650,13781,-311,999,8969,-3593,-6540,2850,-9592,2171,5389,-9826,-3920,5725,-3222,12124,3616,-13498,10150,-9181,-1542,-6146,-14359,-4824,-14879,-2125,-14046,11035,14691,2956,3642,-10995,15981,-10793,474,-7489,-11936,-11266,7175,-4773,-12235,9046,13256,-7973,8485,-3905,-5559,-9203,6892,-14902,11143,-1070,3711,12122,10365,890,3440,-172,14895,-11425,-16085,-13227,16095,-5325,9719,-10169,5773,-12921,-13694,3615,-4675
-3619,11866,-9587,13141,-7193,12814,9995,11878,7998,-6095,12794,-11454,-7738,-5682,9302,1849,5995,-11971,-7635,-15208,6183,-1320,-7594,15524,3335,4017,246,4300,12910,-15162,3463,4144,11921,8576,6766,-3737,3163,3948,-12976,5310,1521,-12205,-13920,-917,13009,8231,13078,13370,14049,-5523,4752,2340,-2461,7830,-6606,9926,-10127,12082,16231,-12093,-3028,-9988,-10624,-15907,-9642,11230,-6955,-16185,5758,2373,-3797,6797,5664,-7039,6465,-2881,5499,821,-8386,12463,4377,-14740,14057,-3486,-8869,-2483,-2049,-14770,1989,1908
-14405,9811,-3674,8134,-10982,-1224,-7321,-2594,3798,-10088,13374,8682,-14102,15980,8917,3614,11418,5604,4865,-5990,11222,-5399,-16283,-5168,-5541,-13852,4109,13713,14833,-4894,-9908,-11547,8268,-11823,-14233,-12522,5909,-15068,3586,-4689,-4707,-10954,15513,-14986,14321,9186,-14202,7437,5583,5691,15777,2912,3068,-15390,-3977,-2677,14636,-11657,-15545,-12273,-13672,9444,-8841,-3843,14885,7325,-7714,13608,5191,14390,-12226,2366,-15617,-14227,-10111,-5504,-12521,-11538,-8547,-8946,2439,-3149,-16172,-1119,-13116,9294,-7581,11934,-10471,-4223
-14873,10913,-3011,7504,14014,-15957,4601,15606,4353,-13788,-5503,14384,-15063,-6399,-12137,-8164,11470,1679,689,-1827,-7054,-8566,12275,-2725,-3265,10262,7855,-15326,-4551,10827,2158,14056,5736,-4902,-15310,-3510,-13406,-7834,-8163,-1503,1917,-2326,-7472,16040,-14184,-15454,4867,-1896,10521,1082,-1451,-8538,-13552,-10606,-7141,4105,11146,-10739,-14152,-1817,-13817,3529,-12713,9438,-9758,-2000,-3966,14939,6308,-314,-14605,-3959,4118,4254,-14078,4670,-3145,-4286,9939,-14508,-14814,15344,-12785,3957,12356,12320,-13911,-16358,12970,1602
-13396,-5446,8412,14217,-12853,10916,-11712,-12006,-10513,-14573,510,6918,5266,-13835,-16334,2575,8871,-4552,5558,-12387,-15807,6819,4834,533,11838,10331,-12574,15904,-3147,-11497,-8324,15990,3939,-4888,-5134,9453,15647,5897,11968,139,-684,-8817,9843,-15945,5975,-15822,-10290,735,-12891,-9442,-2065,-10247,-7352,-8787,-14078,-948,14328,-13795,3720,-7925,917,-2986,13086,14867,-180,12434,7878,12252,1938,-2676,-696,-11948,-12444,10834,11852,-3756,6539,-16015,-15161,13873,3728,-12182,13497,-9966,7221,-13420,-14402,-13381,10910,-9404
13394,16219,-11866,-13656,13386,13761,-2066,8877,-5447,-7436,-2467,7251,-12603,-10507,-15319,-9825,9783,-12015,5271,13844,15144,7676,1466,16327,-6626,8453,7481,-5643,-15819,6583,8714,3486,-7101,-14416,-8482,453,-4600,8469,-8645,13120,-2343,-8136,-8412,12544,-4702,3310,-14391,7483,-7733,10831,7234,-2883,-6919,3902,4297,-3398,-6276,-10053,-14943,11843,4490,-15942,-1985,-15079,-12634,-8882,1573,11893,-8664,-3624,-3456,-3437,2876,2067,4694,7381,-14046,-12132,3001,6484,-15944,-2062,3299,-851,1003,-1652,-13006,-12574,-14107,2186
5307,-10042,8800,4929,-12206,10416,13243,11824,6907,-12759,-10261,-8424,-6679,-2717,5671,-15497,12678,4938,-10629,1074,13613,3835,-15150,11510,4028,-348,15993,-2600,12520,11760,-10858,-11600,5856,3247,2793,8379,6236,13028,-5251,7721,-5749,7353,-1964,5955,8304,-5852,771,4810,-9563,-4806,-4190,-4514,-10232,13837,-146,-3723,7318,289,-4009,15596,9372,16060,-1073,10799,-4728,-5946,-233,6207,14566,-12774,-1592,13889,-12851,9820,-10127,-11584,14061,-5182,-10026,8791,-12056,11901,291,-1028,-9434,-2874,-4593,6140,694,-5630
-3893,7621,14563,8212,-8748,-10167,-7625,893,-10560,14223,-12016,-12914,-6067,-736,14290,14889,-10996,-7538,-13004,-1259,-3763,-12520,11375,-4873,-15437,-8597,12482,-3382,10162,-1431,-7858,6641,4259,5089,-9625,-8485,-8124,-8781,-5399,-15144,8673,-480,11791,6889,8328,15463,1527,-6175,15996,4983,13308,-14920,7266,-9490,-62,857,1965,12193,-11607,11915,-4134,8529,6871,2820,12174,-7524,-15217,-7647,15685,-11499,-779,-1400,-6451,-4638,-363,11101,11706,-7803,15988,10615,10742,10271,-10397,8898,16099,3048,-1278,3969,10145,-248
-8396,5916,-1531,12993,3799,15471,3991,-10834,-2129,-8703,-5262,-6162,13122,8104,10352,-14688,-813,-116,4341,3150,13129,-10465,11965,-15095,9315,-13425,-3277,155,6736,-4511,-2547,9788,449,3803,8848,-574,10617,1420,792,4709,-3237,6659,7132,-1049,-11502,9968,11658,1235,9927,5076,1249,16163,-894,4929,-3709,-14437,-4086,-6041,12703,12627,13636,-14170,-2491,3172,-8277,11460,-7809,-12175,655,-13459,-12845,5932,8140,1150,-10298,-5581,1677,2394,14079,2952,-8475,-1868,15905,-12411,-5756,15157,-4743,5635,732,12724
-3864,-11976,-2802,-14299,14748,12130,16217,-7791,-12800,8606,-6272,-6312,7907,9631,-10712,-15544,1353,-5140,12354,3439,14551,-2305,7813,1679,-1230,-11568,-13431,-11152,-10572,14590,-4407,12075,2120,7384,3770,-15148,-1568,-8983,3986,3403,10549,9416,16108,-13747,-9721,-5441,-7468,12901,-12913,-10763,7713,-8183,-7980,-3310,8568,5043,5647,11437,1213,-4324,-10263,-5681,315,13893,-9540,-6463,-8515,13181,-13471,13305,8017,-12737,-4394,2731,-13333,-1033,-5310,3491,3832,-931,3725,15583,8631,-12032,10212,-14215,-6108,-8498,-4628,-3966
-7224,-10661,-15162,3710,13197,-8359,-14227,-11042,2844,8499,-5551,-8895,15310,6829,8757,9893,5284,-9169,-7754,-9748,-6610,-16129,0,-2243,12229,11222,15007,3886,5064,-746,4289,-4761,-7409,-6043,13281,-12103,2637,11284,14666,3958,-11137,-14037,-6634,1358,14933,-2398,222,-11300,-10141,-15167,11269,-14888,10987,-1031,5658,-10078,-6417,-12330,-7500,-192,9807,-3261,6553,897,-11751,-15461,-15734,-5201,5907,9022,800,-997,16097,2849,1357,-14151,-8112,-5583,-712,-10184,8246,6624,6998,1543,6095,-8649,-7885,11408,-2000,-3246
-6094,-2220,-3933,-14264,-9287,7437,12515,1137,-7859,-7279,12792,-11338,-11936,-10873,-4378,6465,-8609,270,2260,-4061,-1358,7937,-9353,-12196,14739,16192,-11852,-8718,9054,-5784,-3745,-11561,-5387,-2179,-3512,-12786,-13814,10961,-1653,-1444,-4512,13108,1480,-597,10160,-7281,8975,4287,-7913,-2175,-1437,-13940,-13515,-14351,1317,8553,15391,-3288,11571,-8409,-3924,3705,-5803,-14772,3823,14552,13894,2815,12210,-15882,-1472,-13598,10713,-15566,-14375,-12725,1449,1267,-6116,-2242,-14785,-15589,7176,12877,10495,-14892,-12324,-4473,15338,-13585
-11210,8401,-12485,139,-2857,15542,-14165,9441,3640,-9375,5605,11777,9396,-2348,9532,-9464,-10873,-4211,-9933,-3908,4287,12048,6539,-15153,-16244,8429,5839,-8974,3761,-7675,6744,864,4214,4351,-11436,1828,12483,8478,395,13541,3874,-1375,15061,-11814,14659,14574,-8007,609,6768,-4314,-564,6938,9367,5610,7910,-7804,1055,-12600,-2664,6519,-13731,-5236,-353,14510,5659,2766,7098,11084,-992,-741,-7362,-3445,-8355,6271,2019,10230,-3547,-13572,-14695,-11993,13438,4284,538,-14984,-16362,9554,8219,15751,14026,-13290
8628,1173,-12080,1094,-3990,-408,-13766,9303,13025,6722,-11541,11921,-2170,-7434,752,-11272,5676,7015,-242,-12623,3543,-1873,7699,-4882,-6449,-5647,11977,-306,-10739,-13402,-1453,7705,-13873,712,5950,13167,-787,5883,9896,-9730,10556,-6886,2351,-12849,-14343,807,-10646,5297,-15846,9331,-8487,15812,-4723,11152,15306,15705,3197,12965,-8094,10595,7684,-1728,-16354,-5385,-14426,9292,-11912,-5089,9939,-12264,12190,8494,11136,9874,1671,-1006,-1217,-10976,785,10111,-1146,-1651,-8909,5561,-1483,7179,-196,4493,15791,4589
-13434,5498,-14759,-10096,-13061,-10505,13360,14401,-2885,-1969,-10189,-13126,9237,13604,10303,13968,6230,4544,-11918,-2128,12068,15712,-14620,-4896,-11004,15640,-5362,9537,5610,13598,8847,11738,15578,-9961,-9381,1001,1954,-7094,-2253,8152,-8535,917,4839,-8231,-8077,-6893,11188,3088,-12467,10453,5338,-14750,13296,-13093,9784,4394,11245,10414,8964,9189,-9491,-14617,-13141,-10489,-10359,14458,10977,-4698,9610,-8448,-13410,-9466,9640,3191,-12239,8637,-15905,-3509,1531,1568,7447,-14011,-14632,-398,-5288,9373,15767,-4573,4677,-11822
6532,7621,-14966,14462,8934,-582,1931,11202,3388,-12240,-13098,13893,-5549,-15377,-1345,-55,14651,13467,8483,-8313,-9241,-3119,-3754,2858,-11183,1591,-656,3493,6491,8498,6911,-9895,12891,-8205,9508,10896,7064,-3580,-8085,-11348,15968,-11834,-168,-14863,10958,6909,-15699,-13634,-10265,-16334,-2297,-13798,12530,-11412,5752,5535,-14793,14200,3334,-2130,10152,-7115,15323,5641,3012,-14382,10954,-2908,13373,-6260,-2785,13448,13046,836,11414,8441,4336,-11469,8683,7772,8729,4564,-13416,-6701,-8758,-2848,-1935,9438,10983,2614
-16366,-10420,15552,8792,5795,5979,-10717,-7546,-16108,-7031,14661,8870,1566,-7776,3831,-13242,1205,-2986,4580,-8524,-5479,10831,-1656,5065,-8835,402,-8033,-10613,224,-4987,-8714,7608,1229,-1804,-15542,3199,12021,-10756,-11318,-16210,-12057,-6448,-8414,-2653,6962,15794,-7603,7837,-12831,-15436,15528,13957,7925,11207,5494,-12562,-8124,-9498,6131,-12420,11061,-3247,12088,-9157,-5660,-5294,-13764,-2515,-9195,-12979,-7305,3913,-9512,-4986,15784,12432,7730,16345,3803,5698,9956,7334,14541,1448,-10879,1710,-9572,13760,4428,3047
11099,-15421,2925,-5775,-10193,-6300,15322,14561,-53,-14569,2705,8577,-6045,9443,1911,-8769,2726,-7049,3456,-14462,3303,-9573,-2878,-8104,-1530,-5104,-4369,-12117,-11101,4979,-9364,-1025,-839,-11726,14492,-4353,1603,-8017,-9589,10576,5299,-4332,-7107,11677,4659,7929,-6421,-13496,14749,-5640,-10052,-6361,342,-1379,10579,-2311,-14055,-4311,-13797,11260,-284,-4404,3914,15987,-7155,2440,13784,-6059,-5582,-6249,12175,13919,-10710,14380,4374,12561,-13379,14802,1305,6211,-15358,-9356,-6589,14300,4300,11737,-12439,14934,11255,13793
9977,-2284,13141,-11922,-1121,-9880,10247,-14779,13944,-2138,2095,7125,796,-3635,-15141,424,5228,-396,12911,-4417,422,-1080,-992,2552,-9157,-4352,-6137,-2533,16304,11963,-15901,-8137,273,-6531,-9296,-8986,-2546,-323,-4878,-5772,5721,-4500,13541,-1711,6441,5149,-12477,343,-2532,1255,14496,1378,11401,14075,-2955,2487,5503,6235,-4686,12884,-5885,13150,15025,6884,-7764,12732,4566,-4898,9004,3274,8058,-1904,7001,-7678,14331,11572,9279,5670,-1057,12490,1256,-1615,5187,13186,-5299,2502,1216,-12397,3143,-6555
-5656,-15947,14937,-137,-13123,-350,11689,-1653,-5495,11615,12110,4096,14943,2250,-8024,9324,10597,7173,-3218,9632,10089,-14561,6193,-1463,4182,-3783,7631,-11573,-986,-261,-6031,-16092,6204,-6437,-1619,14022,-6814,-7590,-3010,-6579,13187,-10735,-4992,14088,-9236,9732,-13297,-11325,6534,4902,-5705,-9275,10112,10467,-16161,-14433,-10411,-7002,-14192,11876,-5015,-8508,-7433,3214,13722,-514,8368,-14480,-12355,-8636,1446,15744,-3184,13865,7368,-12031,-3837,-3147,-9409,-337,4513,12022,-9594,1538,13758,4973,12121,-16248,7187,6065
13497,-10958,1232,-11723,4123,7335,-5866,-3194,10923,2334,761,-6070,-13384,478,1346,-2077,13815,15203,-10179,-9966,-671,-7271,10417,-15555,-14228,-617,-15903,-2500,7573,1534,-8425,-10439,-13988,-31,-9301,629,6850,51,-4063,-2289,-15756,13016,-9593,5602,5317,-8503,-15865,10883,-16270,-6711,-8559,-5429,-482,-7645,11662,6344,-8049,7077,-14690,3861,1041,-14109,-846,-8198,-9772,-12208,-2962,11895,-539,8107,-1928,-1576,15978,6558,-11714,-13150,-7217,2801,13611,-8668,3037,-12027,-5711,10432,5100,15200,4773,-2640,-4110,-9543
7945,-13845,12832,11361,-8749,7455,-15914,10576,15601,-12805,-10050,-4145,-4282,-12663,-15098,-3115,3521,-16161,-13495,7934,1881,-10321,-5791,14960,-960,3175,73,10796,-477,-5286,-9102,6273,15056,9062,-14472,2814,3533,-2154,1605,5171,4832,1340,-6334,7339,1649,-9681,674,15683,-5363,-7310,11291,-428,-627,2537,-8016,8401,-5566,-11256,-14609,-11850,-8115,7746,-9856,11736,12637,7958,15501,4179,548,-10242,12840,14638,-5614,14892,-2133,-10036,9238,440,-13464,-2637,7891,-86,-8116,7003,-16296,-12650,7129,9287,-2316,-6808
-10919,2833,-11409,1891,-14417,10384,-8358,-7802,6906,738,9167,-7177,-15335,4031,15893,11777,3203,13838,5831,-7564,-4189,7408,-12569,-764,-6491,15366,258,4967,-15658,12299,4364,-125,-15457,-4513,3319,-4811,8513,8473,14878,-1806,9722,14931,4978,-2483,4908,-3068,3994,10454,15401,7347,3743,16065,-12525,10208,13794,-11529,-14948,-14275,-9327,-925,-16052,10619,-14028,13320,-3016,-1928,-3053,-9882,5174,11767,10703,11662,2013,15589,10122,10713,9939,12745,-5643,5760,11100,-1267,-11148,-10437,-13444,7588,-5732,-5350,-15004,-2490
-7095,-8474,13274,8704,3050,9176,7761,-15749,-1036,8796,4059,-7904,-3337,12242,-8407,-6720,2159,5653,14705,5127,13866,-13915,-10347,13857,288,7418,9694,2553,68,-10615,6651,-1839,-8736,-528,-4892,-14676,11074,-16115,14305,-10128,7822,-11382,870,-8883,14135,-7743,3391,-7772,7518,-15114,-15186,-10821,-8585,-11752,6871,-4829,-200,10828,12390,-2679,-13664,14723,15673,-13652,-9237,4653,11691,4436,5731,5298,3941,-1597,-9371,5729,-678,-2707,3985,-10267,-5516,-16342,-12945,-1453,9925,5496,-15027,8425,1147,9395,13033,-14582
-10067,1627,9988,-5221,-11992,-10295,6783,-265,-6983,-3590,6485,-9447,6025,-4905,-1383,-12353,-5156,12594,8858,8663,-1931,7536,6592,-9988,-8725,-6064,15544,-14279,-174,11035,-11954,13873,14176,-16268,-10037,-6454,11394,-4750,-13874,-8313,3399,4565,5261,1144,-10147,3570,-9338,-303,11775,13198,8563,-10087,439,-8527,10067,6411,-5688,10452,-14947,5698,-15204,9578,15586,-3265,6819,15612,9386,-1909,15172,-7939,-3210,3116,-804,7056,-7831,-1786,-3862,-11309,9344,11898,13752,14140,-15801,8229,9034,6909,10800,8986,-10806,7598
1526,-11804,7658,-12608,1171,9956,2215,2656,-2701,15402,-14717,-16335,14956,-10674,525,-7295,9518,11701,12987,-6657,11420,-1655,-5976,-12721,-3436,-13303,-9291,7508,15325,5010,7330,7197,7896,15753,15786,10357,-1918,-4752,9212,-5820,-7302,-12531,10840,-13217,-13658,11397,16323,474,-6735,16003,-3557,3572,-9084,-13580,-11984,-1780,-14175,6251,-7850,14219,-13493,-4552,-4754,15975,-12203,-3726,-13864,-10899,-9921,5407,3532,15860,9353,-2726,-12143,11253,14020,-12908,-2406,-8375,10951,14863,8329,-4992,10071,5855,-8532,-5246,-4731,6677
6412,13439,-15115,11285,-7884,-4937,15970,3610,10152,-6116,-6314,8352,-15264,-10174,5908,4071,-10970,-1059,11592,9295,3487,13225,-4898,-8121,8104,12863,10050,11512,5939,-2500,-9615,-1066,-7660,-10586,5989,-7549,-10598,1663,15260,-13272,-12215,15556,-11012,-11373,-16333,14998,15969,13282,544,-64,-7326,7782,2289,-4870,-12324,-10161,7307,-7518,-9330,-14923,-15003,-11510,1675,1266,-1682,-687,16213,-14272,14115,-10248,-13243,5810,-14401,10449,7898,-4341,14800,-14525,-2941,2568,-881,-1959,-3620,7324,5675,-12099,2839,2729,-15144,6630
-14748,15553,-680,-5615,-3280,14101,1233,5631,-3496,-7564,9813,-11037,-11646,14394,-7799,-7711,14934,14735,12737,-4303,-6141,1718,-2873,11837,-3516,11958,10865,-14787,13596,8640,11828,16340,-2598,1150,15641,3602,1215,-10529,12154,13956,-318,14891,-16338,-10351,-14827,-2491,2591,-14705,12860,61,-5075,-11813,-1995,-12397,7080,9818,-11931,5532,1023,-10610,-4079,-13129,-13290,9489,-8529,-1506,5916,-2929,8274,-14558,-2896,15559,-3149,14673,-14288,10335,-4381,-14840,12755,-3511,2117,-16306,2327,1699,1527,-9197,14643,3242,-10716,13617
