40,
91,
-9184,-1522,-483,-5710,-1237,1066,-12290,6859,-8336,2777,5356,-6539,-11424,14599,-5583,5137,13385,-5537,-9227,-970,13479,1260,8059,3732,643,-9705,6269,-697,11443,2378,12374,9119,-7074,5762,12187,-15473,-12138,89,8463,15456,9141,4120,-5923,-13022,-11150,-2113,-6476,6523,-10799,2030,306,-7460,14263,8057,9252,-62,-3842,5116,-2392,-9283,-15235,10570,11661,-8873,-9941,-4490,-12163,10101,-11452,2721,5848,11107,-5590,-7712,9841,12199,-13821,-184,3958,-1281,-9819,15259,13916,7649,-8280,-707,3443,-8824,-9181,-9430,7741
5391,-12801,-7971,-13088,-8318,15490,-5964,-6286,-9739,9451,2698,10914,-4219,-6706,7898,-5477,-12855,15387,-12075,12673,-7702,15909,-5244,8557,-14779,10914,-14657,2485,11430,10284,14692,-12723,-4306,-2821,-9111,-14747,-2558,16232,14039,7845,-15346,14715,2878,-4676,15285,10603,-4100,-2032,-8462,9697,10219,-3033,6199,9044,-10146,-2179,8955,1845,-5900,-10047,11904,7171,-5170,1655,-10441,6800,16271,5436,-253,-7050,-10192,8163,-15036,-6341,-14006,-1188,9367,11235,12820,6848,2103,10881,-14107,2476,-6565,-15481,-14969,5813,1684,15673,-15687
-1122,13558,-1049,-12211,-8724,-3655,8182,14257,3800,-1534,-5608,14395,-1701,6787,-8917,10329,15157,-5167,11318,-8522,-4467,-12468,1248,282,11916,-15229,-15770,13614,-12821,-15376,368,9048,-12326,-5966,-14886,-8625,-5410,-10337,-14827,1038,9899,6281,10997,-970,2700,-7592,-10963,-1109,-3992,9410,6,-11390,-3936,-6569,-14670,8094,-900,5872,15936,9440,-14311,15183,2140,7410,5846,14489,10122,7130,-1387,5664,-9767,9599,1622,14728,-1099,-6098,8223,8999,-11424,6619,-16214,15556,-10649,-11555,-2376,-361,-5891,446,-15149,-2859,9881
-3498,11200,10031,-12815,-13930,-5972,-7647,-9158,14084,-10096,5363,12330,4432,-7811,-12575,-827,-11739,15372,10770,-5933,-11115,-8055,2193,11455,-578,8894,-10488,15112,-11705,9830,-15431,6636,-14758,492,-4066,10942,-4551,-10835,5840,5303,-14406,-6460,11186,3701,4869,409,-10091,4198,-4421,1716,-3845,-13365,-10535,1977,-6226,6009,-328,13999,-8869,-12196,15397,659,-15677,-12118,11700,-10723,-13036,-12647,-2943,11648,-1338,14163,-5390,1525,4329,5460,1036,5032,-3613,16350,-13793,1199,-13502,-12095,745,1077,-2030,-15380,1373,-5993,-2509
2005,-2488,-10040,4563,-249,7563,2043,-5739,270,604,-10875,-7517,6454,5547,895,-8855,-8404,3300,11686,12678,15446,5683,14734,-9401,3605,-11364,3290,3746,7193,-3538,10075,5492,-14114,-13893,2369,-4110,-15969,-3097,3542,-12475,6545,-12590,9484,5392,5074,2364,1545,3900,-3869,16130,-4425,8271,-3232,6255,3624,-15673,1429,-15295,-2282,2776,-15916,4441,14966,-6782,12635,4887,6511,1289,3913,-40,2114,284,5353,15108,-15159,-11079,11906,14329,5611,-9519,5521,-15004,-2015,8517,12021,12009,13690,12666,11784,-6048,-3374
2783,4285,-14301,-4074,-2721,8259,-2645,9258,5983,9613,13293,2594,12384,-5296,10042,-12435,-11672,-3636,763,-1427,-6621,-9943,2874,-3600,10219,4732,-7904,-8574,7878,-15494,-9811,13964,-6325,-8170,1969,-16016,6938,6170,13800,-4409,7514,-14556,2302,15090,15447,15465,-1358,8268,13052,11753,3554,-7738,3134,13812,387,3796,-11812,11956,-3843,-3972,16084,-13916,-3550,3841,-3925,-14349,2909,-1411,-591,-7811,-13988,10915,394,-7683,10288,-13999,16122,-3655,-5800,4142,8828,-6336,-3544,112,4019,5951,5477,-6776,10249,-7172,-1780
-3177,6187,-3451,-11638,10197,-2432,11904,-13077,8322,6263,2080,-5292,-11596,-6036,-8815,12373,-9278,-2593,-5634,3431,15402,-13358,8427,-3349,4719,2755,-12970,15918,9945,-12144,-4420,-7897,9765,14453,-8512,2668,13630,-6726,210,13775,7085,-11571,1792,1646,93,-12198,15001,2605,-11019,-5579,949,-8303,-636,-14932,530,-12815,148,-13611,-9149,10470,-10246,14956,-10556,-11307,3652,-8908,-1219,11027,15873,9999,3445,-9468,13312,11341,-10844,-11331,-4098,-11158,-14656,-7453,-844,1810,-1908,2751,-5430,-4172,-2035,6400,7150,7662,13733
-16363,-1463,4803,6750,-6627,-13758,8737,-4153,-11012,11847,2839,-7853,840,13616,-8907,14185,9349,-10692,-13633,9896,-9387,6165,1120,9404,-2697,10182,-1668,7805,2678,12810,-3461,-12480,-9334,7699,-14515,-9250,8826,-12060,4003,-10178,13338,2668,4749,-7449,4906,-5735,641,10133,-1747,-11667,-11547,4832,5386,6879,5398,-12055,-9633,-7910,-8239,-1185,-9319,-2324,-3844,10891,1594,7672,-7403,14411,841,3119,15392,6523,15163,5918,-10,-11256,10668,9438,-7692,-12865,1161,11186,5418,-2437,-14886,-6116,-15154,517,2068,-14392,5271
12521,-320,-5832,10727,15887,13314,-13047,-11662,555,12167,3185,3810,-422,15085,-6391,-14826,7382,4993,-13090,-1183,253,-14587,-6220,-14685,-4784,-1380,-8319,-11574,-16264,751,-3418,-6447,5881,-1085,13393,3244,-8305,7969,-2544,4165,4419,4674,1020,4261,230,-9809,-7960,-8046,-11603,13971,16365,-12405,-4159,11476,4276,1232,-5379,-5094,-4028,-307,14185,-16130,-7639,13790,-3583,5080,10551,10631,-9981,-13195,-3573,11578,8094,13168,-1716,-8930,15020,-13907,-3034,-6822,-9572,11186,-3593,2699,-5193,7329,-9991,14643,1849,9544,-9075
2550,-4006,2915,-9897,-9025,-2463,-15528,15341,-15540,9685,15122,-2897,-4773,-13499,1895,-7160,-15439,-7143,-4917,-180,8972,-12720,14997,-8486,3060,8149,-13759,-12274,-16108,-1891,-301,-13175,10160,-4968,-8364,-10130,-7121,16190,-1049,-2719,-1727,-6042,-979,14737,-12931,6786,6343,-1070,-7340,-3916,8538,-1364,1102,5491,3731,-11298,-2955,-1944,-4829,3550,-10618,-5271,9846,-9648,2312,11950,-1859,12785,7259,-2485,1362,-14740,-10647,-5365,7455,8530,-8595,9272,9325,-13057,-10575,-4976,11262,8428,-9561,443,-7511,9306,2162,-8316,4799
-478,-13726,-10418,15227,-5735,12255,12864,-6537,-291,-12771,12160,-9144,-11953,4600,131,-8254,2860,-16149,-10959,-3731,-280,-3408,-1054,5788,12628,-3969,78,-13112,-9727,-10622,-8207,12082,-4504,-7256,5771,-2119,-9409,-8636,5907,-9443,13533,3304,7986,-11572,8882,14240,-8089,-3036,-15078,4393,5911,15183,14367,-6019,-10336,13822,3867,-896,-68,-7744,-4087,-15876,1476,-10589,-11724,15623,1905,-563,-1167,389,7335,-9592,-2571,-3303,-6484,-630,-7349,4174,15335,7303,-9233,-3165,12547,13920,14163,9467,9624,-4599,-10287,9936,-3370
9124,16047,-13814,-10963,-12114,15078,-16149,-4445,2539,4005,2229,-6933,-1346,11983,-9124,-6214,-8712,1292,12161,3287,-15240,-5192,-10054,1364,15629,-4791,-13234,-8470,13943,285,3874,-8884,5398,8888,-12119,-14653,-4927,-13131,-8963,-8229,3587,-11325,9631,11038,150,15028,-1959,1070,-15614,5640,-16152,8793,-951,-6695,-2538,5374,8812,-9888,-4049,-2221,-12585,-12738,11423,-5565,11407,-14067,-15668,-14379,-12815,1651,-11169,2595,-2406,-7574,-158,14857,5240,4816,-3345,1703,5088,-13000,-1086,16293,-6108,-10357,15495,8245,15840,5823,-15692
4385,-286,6703,-2893,1309,11695,13846,8256,7819,6561,-9252,15427,10004,-10201,-7149,1139,-6560,-178,16061,-5891,12125,-7583,5869,7489,3710,-8417,-9243,3543,-8742,-8774,14787,-1897,-13380,3467,-6340,-2520,9116,11044,11960,-974,-1540,3226,10649,-3378,3309,2972,4851,-5927,-13334,16092,-10140,-1314,-8122,-5442,-9892,-355,-2949,-1687,-9226,-4686,392,307,4354,-441,-9298,-2688,-445,-10630,11812,6157,-4449,1071,3696,10154,-6232,10815,-10482,10736,4815,9269,-3545,13102,-10966,12713,4970,-9230,-8440,-12903,-15041,6738,-6446
14662,7058,-13049,-11289,9669,2051,-4221,-15813,6640,-15327,15823,12196,5631,-7033,-13107,-300,-1293,-9213,-14608,-2534,-4506,-13117,5415,4196,2559,4540,7664,-14108,-8645,13120,6277,8615,-11121,14692,9648,6393,-2669,-13535,-12013,3197,8506,-13961,-4653,7406,6244,7818,-5772,15075,-10562,6435,-16038,-10111,-6544,7607,-10869,-2855,11660,6388,4521,-9501,13727,13764,5987,-15229,-6563,16074,2759,-12719,-5824,-10094,15680,12530,-12865,9078,5766,6975,12206,4453,-15685,-3312,-2381,9888,13103,-11895,-6411,-14667,4332,-6719,12754,4263,8527
14813,-14074,-56,4730,105,13848,10636,4921,-10235,377,-3784,-7977,12733,-13579,120,4412,-4201,3311,-7348,-11448,-1541,7835,-12865,6165,-7368,-7183,-11523,12036,-2424,13928,11314,-6053,11596,-10817,-9340,-1471,11746,13674,15247,6617,-6516,15298,5762,-1961,-9189,-11811,-8730,739,-9426,-4112,-5303,-9312,-15394,7655,8312,9018,-2748,5455,-8756,-14449,-2017,6413,-4639,5072,5664,-9909,9485,-10206,-4167,11785,-13409,-1603,-11882,7320,7061,-16208,15078,13828,2475,10275,-9321,-3387,13687,-3989,-2515,-13757,-10545,10289,6299,10267,-7115
-12943,1800,7607,8090,-79,9046,9408,4637,3786,13027,15039,-15479,11758,-15745,7066,5258,12835,535,7061,-15292,5950,-10204,-2780,-5722,-11645,-6097,11285,-5379,-13798,15878,-8323,-5000,12705,9571,-8960,7280,-5406,-5076,8649,-9708,-12010,-15940,-4409,7290,-12531,-13364,9866,751,-1017,8521,5128,-4934,5754,-167,5841,-7384,16231,-9109,15771,-2664,-15443,-6746,-15898,-8065,1887,-6585,8594,-16299,-6127,10493,14874,-4431,-6922,13314,-8392,14731,-15717,8098,13790,-3854,-392,-3554,2379,907,-2015,3859,3751,-14699,16279,6634,6061
9733,-55,11305,12092,-12064,6445,7753,11903,4632,-12513,-14489,1476,-6165,-6534,13900,7588,-8178,7514,-13810,10455,8178,10115,-10042,8322,-1181,5872,12912,10683,7239,-15741,6777,15675,15576,-1694,-9012,8312,2774,-8703,-6896,-11365,-10376,-8891,-15627,11266,6780,8863,-11280,7635,-8997,-1326,14875,8056,-12231,11163,11014,-1577,2656,-1848,-9777,5996,1787,12279,-15715,10266,803,15132,4706,-13903,-14129,-12010,-12921,-13390,-9191,-8571,15488,-12263,-8646,1796,-4016,-42,1531,1489,-9384,-5047,9478,-3422,13080,-6674,12807,-11890,8432
-15709,7180,9675,-3439,-814,4095,8789,-10227,8186,-15860,1336,2434,629,8396,-2905,-10981,-10711,1313,9280,9574,12042,-1278,2270,8728,12255,-14333,6419,182,-4356,-10689,5615,-13585,3887,11790,2683,-3182,-6914,-8986,-3405,11093,-13982,11335,13249,10603,-3513,1645,11911,1401,-14817,1078,-5159,-12587,-4581,-2289,-3322,-12706,-1165,14636,-7096,10479,10909,1681,4975,-13888,-10272,5861,-5006,-3547,9269,3879,13723,14399,10134,-7760,-13541,-10353,-8527,5634,-14255,6174,-14699,-11071,15216,12118,3790,-5332,-8727,12278,11942,1653,11888
12408,-3608,2783,1047,-11930,-5005,-15862,2594,13791,1968,9518,13080,-6339,14492,-1019,5626,12456,-12526,-5584,-4912,16215,-9723,-3639,2769,4997,-8640,-1029,-2552,-3847,11510,11140,-6706,-2134,6754,2723,-15236,10156,-2545,13980,-765,14545,319,10853,9306,633,-11487,-553,-918,-8008,15282,1040,3684,2887,-10216,-8368,-8188,7400,9396,1184,3027,13726,3772,6796,-11774,-4153,-6114,-119,-11158,-3435,-1789,-855,12270,3497,6725,5813,7885,6342,-6109,-13612,8465,-12450,6987,11845,-2325,4510,6489,-2190,-11178,13061,-1207,15476
-15340,-6211,9986,-5506,-7183,-7842,15097,-3774,-3636,-10282,-7167,-14638,-6723,-15543,13248,-14229,11529,9767,6178,8412,5496,-6658,-8855,-9716,13647,6259,-4911,-3286,13636,-4474,-880,8756,-2197,-10463,-1584,8004,-4642,-8242,-14998,7998,-5793,11205,-8077,1760,13972,7137,15564,-3749,-5051,-5399,9874,2004,-5344,-15729,12207,-6901,-2404,-1857,6991,11996,16120,-4507,269,-6478,-360,7157,-11263,-8634,1031,16338,-15184,-922,-1871,6882,-8211,13221,-10759,7777,15034,-5902,10142,14974,-5932,-1640,-14769,-11104,-11883,-13084,-2047,-6871,-6652
-2365,15195,13004,-14424,12953,10361,2277,-11886,4793,2835,-4822,-9334,-92,10076,-10734,645,-12107,-2520,13989,-5961,12364,7867,-13236,-7835,8742,-10346,2992,4100,14894,-7569,-13219,14102,-14138,10583,-2204,3764,11872,4108,-705,118,14832,369,-4089,-9503,-11478,-8039,-15203,-1912,-3183,-1221,16130,3558,-3532,4570,-16028,-12389,-16311,16235,-2850,-8252,4583,-14731,1565,-13862,-384,-13343,6110,13365,-10611,15244,-8822,-478,-14535,13674,612,-4374,14019,4536,9197,-6055,2343,-14889,160,-5317,-7118,-4593,-992,-5775,-10205,11875,14514
-967,-3513,-5689,-7295,-86,-15401,15998,8739,9208,11989,2977,15921,-12997,7028,10835,4090,15644,16269,6304,223,1272,6523,10894,6814,-2402,-13420,9300,-5356,-15747,6184,14076,-11818,7840,5323,-6433,7283,14902,1221,3179,12901,-10692,-15542,8725,-8417,14917,-11546,-13967,-7713,-15708,-2617,13042,-820,6055,4980,-3917,-14147,-15721,14865,11562,4009,5979,15866,-12962,10829,-693,7625,-5730,-13145,-14406,481,-10660,2694,14146,13871,8531,15884,-9949,-14150,7054,-5149,-9128,-6575,-13982,7519,12620,14011,3150,-15098,-10200,3702,13060
15106,-16139,-6785,-10348,584,13176,-12173,10385,7940,-382,-2327,7812,-11872,-11886,7123,-793,-7484,3045,-11313,10903,842,-5676,11766,-10703,5236,6436,-4374,9605,7915,-14501,-400,-12629,1280,10486,-3372,13511,-4574,-15877,4869,-1835,11200,10313,9846,-8495,10909,-5360,16272,-3942,-12021,8423,-1411,7191,9038,13652,2338,-5445,2689,-3839,-9089,-8472,4731,6342,-6022,-2856,-3364,6067,-8003,4939,-7108,-2783,3962,-2468,-3307,14481,-50,4033,-14797,10467,15798,13968,-266,9388,5029,10722,12260,7973,-2828,6793,2825,-9626,-8889
14697,-3341,86,-3386,6062,-5144,15369,-11826,5838,2380,14627,6887,82,-3391,-13152,-6119,2930,14657,-11313,2236,-9629,4748,9105,-6403,14224,10604,-12012,15437,9671,3433,10207,4611,-10663,-13630,-10516,-2657,-9824,-539,7051,1026,-7243,-14750,12754,13042,6335,2918,-15058,7181,-7399,15779,-51,-10536,16124,3744,6297,10525,8639,-15049,-6150,15090,-10923,11134,10202,-13988,-1937,12792,-4206,14371,-15041,303,12735,-14604,7370,-1998,-8175,-3322,-10879,-11631,3675,-5536,5088,-15031,1836,11386,-5050,-11972,3184,-12740,6422,15430,-5941
13562,-10021,4196,2164,-14079,-13052,8135,8999,6660,-8426,-6185,-14938,698,-9790,9630,7599,11334,9911,11772,-10173,-9217,13038,9469,8590,-12825,-6559,-13506,-13741,-8976,-3781,-11264,5285,13063,-7398,4191,5840,3263,-14029,7515,5096,-14815,-487,-2828,11791,11898,6133,14544,15849,-8005,-7829,-2182,-11991,6668,-7405,-16189,6549,-7230,8299,15658,-10140,-2914,7190,12057,-11843,-13528,1395,15867,-1299,13304,13032,-9063,444,13917,1816,13903,-9286,1499,11114,14453,-3199,-8022,806,8965,-8292,-1934,-9883,-11448,15,9138,-4428,-5948
2424,6756,2229,1296,7121,6778,1716,3749,-5877,13726,2185,-11594,7267,4004,-11532,-8723,-10206,3831,16290,-3331,13569,-15845,-10336,11433,-13749,-70,-8040,-940,-5487,6581,2047,-10740,3556,13558,-13868,-13780,1511,-7302,13946,-5230,11590,11603,3285,-11526,1870,-2561,879,-6246,6113,-1357,-5354,-12617,-13591,-14701,-14172,-2240,-12078,491,11390,232,-16211,-4201,-1330,-8814,-8915,4505,11427,-7868,-1217,13008,-13381,10325,9198,-12904,-2029,-6635,15744,-1357,-3508,13893,14167,-2785,13962,-5,8473,15834,-2519,-2407,-2379,-9507,-14838
12811,-10570,-16351,1640,500,1645,15078,8892,-7788,14573,14824,10614,-7631,-14691,-4895,6558,14684,6554,-14957,7085,15636,-6904,-16239,-12013,3374,-14850,-1179,5282,-1099,4857,-3684,-1442,-3547,11617,11365,-474,12497,-6772,10962,9183,-10140,-9884,9352,-15516,14592,1284,5565,-3092,-7370,16000,10295,-3148,10335,14698,14897,14548,-15572,-14819,3863,-966,8652,10530,-2758,2175,11269,-5989,-5634,7499,-6006,5548,-12855,10127,-2523,-10578,10139,-1237,6751,13864,-9421,-11696,-2094,-5514,-11848,1493,13401,5474,8104,10197,-5248,2568,1785
9028,13332,-3551,9458,-9453,3783,-3866,-5768,10977,1770,-6297,-4456,6742,-12006,-11016,-12791,8963,-6612,13243,6515,8095,-5739,5586,-2349,3999,1523,-178,13506,10133,8985,7776,7181,-8579,13360,7011,-3675,-7773,-3211,-6982,-14958,-16379,-1527,-9740,4758,7408,10095,12708,-1566,-11347,-697,5231,-1171,3457,-4758,3148,-14862,-4679,2184,-9436,-4215,2325,5515,-11916,-9173,-4210,6702,2600,15402,-9553,4797,10656,1747,-5993,-8534,-13735,-753,-9544,-7438,-14866,-2701,4451,-8002,13063,-11891,-640,7858,-1604,300,13830,8686,-8455
5520,4266,-9499,15893,7683,7487,-2001,9413,-10716,13360,6745,7212,-10196,11945,7922,1472,-12425,-12682,-2825,-23,-7621,-11978,486,1042,3509,-12445,-5392,-1119,-8630,13294,10753,-341,-2933,11243,-14921,12858,-15747,-8306,13533,5998,1578,9200,12802,5060,-2641,3639,449,4680,4235,5003,-3033,3515,-4437,1189,-12500,13006,-4346,-14907,1736,6740,-13357,-4047,-4011,15072,14580,2425,12553,2789,7570,-12203,-6162,-1052,13659,-15696,-4055,-147,-14413,2314,-13076,1537,2414,-907,14263,16106,-4624,5975,-15255,3979,13074,10030,2029
13070,-14359,-9538,-12508,12199,-8400,10112,11485,14704,-6506,-12911,-6333,13007,1162,-13692,6176,-11975,-5428,15169,8350,14336,-10032,15510,-4679,-13417,-4136,4352,245,11107,-10087,-4754,16194,-14213,-3067,-3665,1714,1032,6553,-5843,-14246,-9533,9079,-11379,16218,-4957,3340,-9783,-3521,-3757,-8510,4487,4202,-8162,13035,-15037,-2362,8913,15266,-10463,13945,8255,898,12777,6450,-3943,-15865,-11890,6186,-15970,-12200,14332,-2635,10833,3547,-6657,10844,-2942,-167,-4603,-3334,15354,6402,-15219,-6362,-11904,935,5529,12638,-2114,-14179,6506
-14634,-13502,9170,-3432,11670,6107,8395,-12203,-12096,14633,7238,8986,-9571,-9245,1370,16345,1334,4020,-13022,-9296,-14447,-14351,-4470,-679,15728,26,-2371,-9490,8895,-4855,-5891,8825,288,9641,-4587,-2240,-1397,9856,-6617,-4333,5550,5342,-13998,-3321,6465,-6267,6924,8414,8817,6192,-7291,10683,669,-7059,3593,-7233,1450,-11408,-15205,3190,-4281,-7478,7646,8014,430,1977,-1870,15868,-9765,1912,10277,-4307,-14099,7084,1649,10608,-15619,15704,12437,-4722,312,-5146,3362,6344,-15278,14051,-14782,-10227,12743,-14815,-3915
-2911,-10004,-16250,-8092,1780,-8770,-8888,-1160,-7771,4220,6674,-2551,14735,-10318,11019,11199,-13383,11154,-14268,-15750,-11448,-1122,9942,724,2658,-4929,-7239,-14212,10194,-13905,-11537,12163,2001,-582,6400,4087,489,-10233,126,11465,16024,12803,11149,5002,6678,6634,5508,3152,5900,-4218,10523,6970,-2962,-11768,-5305,-8272,-2027,8335,-765,12390,-9906,-666,8092,5775,-8670,-10905,15459,-12192,7929,15197,14963,15935,5858,-16171,-10505,-14498,-13144,6371,13666,9314,5374,1202,5991,-15306,1013,7058,-7260,8277,-5216,-14812,-12310
-9365,11827,-3889,2898,4315,-9953,-3360,10403,-8116,-5139,-5042,15727,13994,13715,10048,15233,-6005,-6615,-12561,4976,-6819,8604,-2348,-12426,-14578,14907,-6254,-1082,-3727,8178,7568,8528,-13700,-11441,-8684,-10112,2585,-8633,-8266,-5342,-15213,-12061,-6538,11625,8936,3354,-3974,10851,-14125,-6349,8453,16270,-12196,3658,4618,6526,-5318,75,8320,7503,-1987,15591,-11222,-2668,6115,1924,-13850,1071,6543,-16028,-7062,-6385,-2320,-211,12754,11799,-7825,13948,-2559,14061,-9897,-16275,7210,-6289,-973,-11036,3290,15176,-8940,15258,-3762
2314,11838,10077,12906,14289,-5232,6867,-774,-2824,1446,11384,16297,-12405,8366,-15589,4549,1684,-11306,-13362,16027,2115,-13433,-848,-12294,6457,13343,-12375,10970,11540,-1305,-14122,-15468,-4543,-5095,-10015,-724,10336,13210,8198,12476,-15073,-9815,-6921,1619,2373,-7101,11241,6497,2563,16104,-12355,-68,-4811,324,-4510,-9526,-4253,14435,14155,-4057,-8611,5821,11735,-8190,-6684,8310,7635,-2496,-13959,-6407,15904,-6260,5734,-1173,-4872,-2483,11246,-4496,-3033,-4685,-6151,-6537,-5836,-12067,14039,8075,-10656,780,-4839,461,645
-15989,-1077,-13607,-10168,13514,2419,-15442,15222,14300,5655,13233,7828,-1211,15911,13149,-3663,1687,-6448,-14633,12805,9654,4378,7471,-2725,-4241,13673,-3452,-243,2735,-15275,-2623,10227,13577,-15078,5140,-1463,9006,3616,5537,-4725,10540,-12638,-9005,-1499,-8037,12351,-12299,-11473,8199,2287,-15680,15069,-9098,15574,-3406,-8768,-12147,16113,8024,5402,-13153,-10489,-10306,-2208,8405,-9355,-11743,-16232,13864,-13309,8753,14687,-7260,-5846,6107,3883,7216,-8021,16302,5942,-10245,-1380,3053,-5847,-13851,10540,-275,-7624,13763,-3223,15962
-322,-15411,9228,-2896,8583,-1818,7452,-5842,-15932,-1394,-3718,-13432,11512,15832,-4510,13968,-2043,-8859,-6272,-3873,9739,-4714,-3457,-10655,-14348,9322,1944,-3504,10099,13694,13354,11883,-7281,3952,-14135,-1263,-3446,3653,-13041,2543,-1312,-583,16271,14123,-14032,13236,-14913,-10691,11327,11429,-7958,-7507,4533,-9544,-13697,16323,4105,7799,3412,-2666,-14408,-1117,-10148,-10492,3391,-3797,6444,5795,2368,3104,-5755,-3933,9557,-12248,-10863,-127,-4872,-9435,15902,5181,11829,2293,1563,15336,15673,-13583,-5285,-3650,-6017,12591,-11895
-9090,12358,10597,9077,-14094,-11027,-7041,11546,-1280,8573,-9891,-11129,10736,4907,-11912,-2958,-15929,15124,6988,2875,3592,9474,3135,-13050,6407,-1612,-3492,15125,9628,8823,2177,3022,-2150,-6994,-15734,-4487,8189,4094,14671,-11115,-4762,1243,7959,-8164,6319,-549,-2211,16309,-12386,-9031,14302,7868,-14655,2348,7110,-15236,2987,-2785,7715,-4231,15353,7361,8061,9821,-1062,8003,-14220,6774,-1627,1232,-14248,-4155,-7267,16159,-8404,7937,-5803,7941,-7109,-10793,-10825,11405,13790,-327,893,-8797,-3674,5751,9312,4010,-15043
-2789,10754,-16171,-9230,-14305,15353,-13013,11002,-1660,2288,11536,-11647,-5703,-6447,-7228,8491,-5049,-5172,2775,-81,7259,-4597,-1329,-3409,4912,1011,10406,-3443,-1126,-1431,763,-5065,-6459,-10503,-10586,1773,5139,-7554,12580,7849,-10256,5462,8517,11526,12027,11269,-8745,-13563,172,1765,6461,13415,-10761,10916,-3338,-8618,15065,-4652,15210,-3754,10111,-14831,-14186,-12920,-7731,11924,-10451,-16216,6566,-16105,6172,12621,1065,-2790,-7019,-10659,-7921,6291,-12011,9612,1631,8740,15411,8683,6016,7620,7957,-5335,11139,-4512,-11224
-9252,3527,-10196,2967,16332,-14110,-11284,993,-6240,3552,-8183,-16214,7229,-7387,-3337,536,-14104,14234,-15664,15703,-5317,-7933,-1170,13488,-10083,2852,-8878,-584,7120,-7599,10062,12821,-6175,-14644,-11383,13733,13877,4919,-14593,2462,14275,-8884,-4187,5831,-11900,-1220,6780,7165,15761,-4622,2805,14487,9413,-10835,-16197,11815,-4421,578,-445,15077,-8829,3492,-4910,11545,-16072,998,-12204,8588,-7189,11958,1834,10289,586,14439,14088,-12060,6472,4431,12291,-1151,-12193,-2893,3122,-2147,9350,-15321,9984,-13606,5963,254,-3507
5354,-294,-8184,7599,10344,9946,6930,12541,5625,-7290,-13020,15945,5436,520,-16292,-13283,-15142,12030,6141,15045,13754,1436,12342,1098,-7577,8377,-13057,-6233,-11425,-452,-8346,-2464,-7420,6196,-7052,-4101,5316,14848,6068,-214,-1529,-15836,3918,8582,-9333,-11663,-14308,7547,-8312,-16170,-175,-3288,12493,-12395,9220,-1302,3969,-9586,7932,-1221,16207,10055,2051,-5990,9027,-4202,-15679,-6647,11251,9393,13877,11027,-10635,-3950,-2627,14532,6192,-9767,-2161,12590,4640,-11676,2341,-10245,5781,-3562,-5460,206,8142,-7536,11374
