40,
92,
-15318,-2061,-4320,3135,-9473,529,-3623,-12972,1887,15614,6403,-8505,15242,12585,16023,491,-8612,-14302,8047,5847,-6114,-10737,-13092,-14155,14876,-6161,-6316,10435,5550,8792,4937,1869,13682,4141,-4285,4849,1184,-6903,3998,9183,-2656,-12166,-12231,7556,8426,11896,5470,-14012,1333,-16369,-5823,2319,1278,14273,-8768,-8385,640,7187,3396,-7824,-13363,-7111,6526,-4736,-9024,7655,-5786,-4792,-8778,16248,-12441,-4301,-8314,-16038,-12214,10550,791,7264,-10641,-6218,-10937,-213,-13852,3401,7952,7418,-15806,-8937,3320,11867,9624,926
-2268,10849,14141,-6091,13216,8152,5357,14089,9437,-5687,-8882,-3676,1556,192,7815,7035,7815,5852,1968,9975,-2259,1666,7060,-3510,-13896,8542,1098,495,13354,9144,-5810,-16379,-8959,15551,6284,-12191,-11535,-15968,-16215,-6668,-12770,-3600,10062,12458,-5992,5013,1386,-6979,173,15419,4504,2659,-8324,10751,2171,11315,-15125,-2642,-13787,4999,-14988,7616,-4835,1304,11141,3422,-7971,10719,-14655,3655,-10974,-4739,-5542,14078,8861,-11230,-11731,-13159,12311,321,14184,-10663,-7206,-9809,-5498,-3735,-6460,4679,15503,13734,7342,9240
5855,-4726,-8876,9273,3705,-2336,-14894,-12000,587,-5284,-7956,9002,-8857,150,-5606,4080,15599,-9179,-2527,-10317,-125,-8533,-395,5838,1009,12351,16375,-15809,8377,8578,11789,-14500,-12844,-9135,8180,13948,-11956,16054,1709,6113,988,15945,3750,766,-11724,-16012,1984,16106,-5832,8020,12011,-16274,15302,11516,11162,-2967,1240,-16341,5669,11892,13238,12978,10052,-10731,-4440,6285,6135,-13061,-13755,-14389,13396,-4205,-6799,11058,8518,-5215,-1552,-11334,-15343,13348,2574,5053,-15515,-9254,7826,-10519,11263,-8282,2568,-119,-12863,1224
13579,16118,-1981,-6253,10207,1578,7872,-14709,4629,-1759,-16128,-10454,-11800,10665,3752,-2064,3294,11975,-1322,-10706,-10502,4560,-10621,6789,-11591,-12551,-1013,4654,-2724,-16199,10295,-9,2452,-14861,13596,14727,4826,9168,2107,6551,1170,-12459,-15290,13772,14333,2645,9799,-8028,42,16027,-2549,10234,-7205,5075,-7887,6438,718,-5827,-378,-9814,-6005,-3199,3101,2672,12701,10502,3984,12983,2285,-9144,-9090,11966,2313,6582,-5401,-15414,-7289,12259,9762,-2028,-12517,-3205,-12433,-7446,-8482,3717,2378,-13009,14255,15132,-5210,-15218
10925,15318,-12200,10337,-10080,-8019,-6625,-6874,8022,9875,-7492,7651,-3305,-11214,1689,6158,4577,12242,-3719,1397,1500,9850,2265,15813,5636,9277,3141,-3415,13050,6097,2122,-2305,15194,-922,-6723,-15890,-9937,-8423,-9322,-15417,12277,-9849,704,2207,-1322,-13363,-10324,-14522,4693,-10713,-6843,4609,-13996,8935,-12154,-11235,3989,-15178,-5288,-13860,-11091,-16,12409,10709,14582,6890,-9934,-11671,11483,14384,13153,4604,12804,5560,8662,-8367,856,-7393,-1546,-4116,-13230,-6696,3160,-10067,11441,-3816,-12102,-9984,-5850,1510,7094,10536
-7002,-13908,-828,9898,15271,-14861,15922,16291,15977,7749,8622,5235,-8836,-2531,-8133,2780,-6513,6134,5070,10618,-3332,-4265,8098,4419,11799,13565,11701,7372,1312,-3894,-9105,-1819,-2021,-1725,6842,-3924,-80,14965,-14082,-3298,10893,-6377,-8048,271,-7219,-5812,15659,8543,10073,10208,-14044,6523,-14912,6417,3276,794,-4955,4605,-10266,264,-1035,-10417,-14625,9113,-4886,-7015,-5530,11079,15090,12585,-11738,5203,5751,8150,-225,4509,10240,-5667,6012,-15987,-1686,-3367,-13937,9973,-1497,4420,-10773,11679,7363,5054,-4410,-9882
7081,-12922,-7753,11040,8238,-4090,5889,1436,6713,-7240,7600,-3760,11819,-11284,722,-3091,6199,13623,-3179,-9,3128,557,-10507,-15274,14949,599,-662,10800,9910,-13078,-10556,-14319,6558,5553,1244,-10286,-37,-12011,8438,-12888,-13293,-4826,6260,11486,-7595,1390,-11153,14630,13854,-8832,-3396,-7623,-5421,2086,-11985,10214,-12715,-3511,-9050,-10178,7774,3474,-7331,14443,-9865,2212,9585,-607,8276,-12708,-6454,12139,-9527,3239,6804,-8945,-7280,-8812,-7235,-10230,-15649,706,-4703,-11411,-7680,15088,13495,11798,2871,11890,7820,-6940
660,11241,7571,-1360,-1096,14737,7442,-4776,1073,-1710,-13021,11930,-14837,-8266,-1342,-15558,2457,-8437,-15608,1180,-54,5515,11636,-7271,14374,5026,-14552,-1549,3708,15202,4245,-2313,9386,-235,333,-13315,-16009,15298,4000,9029,-9470,-9400,-12365,-7440,-15866,2422,2354,12308,-4229,-5140,-15671,-7707,-12816,6723,7724,15808,183,-14056,16313,-4257,5400,-15348,-8565,-8352,-7072,-16360,11527,-3016,-5203,-3074,3514,9123,-4720,-7212,-16317,-13065,-16317,13475,7811,9555,12405,-14025,5692,4605,-12356,3493,-15053,4658,1096,-665,15870,-9262
8022,-15542,9898,-11140,3446,14111,-15839,-9115,-6659,13274,-4641,4249,2958,42,12382,-7529,5265,11854,-15321,11444,-10077,11609,663,79,4455,-2946,-3774,-5737,12836,11399,9429,-8835,1960,7915,8036,-10409,232,-14156,5550,5808,-9552,-13464,762,12438,9146,-7082,14586,4910,1612,-15310,10465,15715,-1253,-900,1285,-6506,-15359,4817,12731,-7822,-7009,134,-14855,12837,-3295,-10603,-15510,11311,2560,-5511,8053,11656,11167,-15709,8296,-12578,-15276,-14356,6397,-1323,12420,-321,4412,-3619,-10099,-6,-6998,10964,9059,13064,6916,-7275
-15281,6490,14499,7122,-3155,-9726,7692,-4489,4744,2244,-10257,1692,12824,14493,9594,-13108,-13265,-2093,11016,1249,11213,5304,6950,15749,-12486,-8387,-6307,-12459,9353,-2997,-13305,-10860,-11971,15437,15949,599,-7400,14329,9299,15924,9314,-4971,6453,10844,-1228,-6591,1923,4580,-3719,2022,-5222,9864,524,-9445,11341,-12895,-12617,-14957,12312,15741,-15172,-9456,16227,-2323,13441,-13609,-13745,-4028,-10238,-12057,-10104,-15057,314,-9956,11543,9366,-14053,-9404,15708,16121,7219,14485,3278,10081,15322,11341,-6405,14476,-11552,14241,7237,-8615
8832,-15578,-3825,-10378,-4202,14767,3837,-12977,-13577,-6080,10419,-5650,-6683,-2334,-12996,-8908,-1805,1171,14335,6779,-6635,-5661,111,16317,-5395,-8182,11131,-5508,15036,-5098,-2577,-8202,-9577,-16089,16265,8908,-5982,9608,-13614,1550,-13295,-13066,9788,1949,-12710,-14380,2810,404,-1489,7707,-16309,-7039,5133,-9673,-14622,-6676,-14711,3484,-7084,-15505,5356,3235,-5913,2476,-3164,-599,12484,-6703,-12763,10323,13991,2282,7953,-4418,-12062,7657,4098,-5765,-8438,-6231,-4294,-16261,2999,5723,-4312,-5556,-6341,12684,-11479,6401,-6770,11157
3120,5040,-2716,-2492,-6926,6027,-3966,16235,-4819,2101,3716,-1572,-15517,-5038,-4135,-12214,-3040,-9660,-2810,13931,7890,-12783,6059,14372,9045,-7365,10790,1881,-11196,4846,2844,-15890,-5642,4340,-4579,12382,-7908,15885,2158,-8840,-4792,-12029,-8905,9846,-11674,-6866,10716,4869,-124,7373,7361,10861,14067,-10928,-7000,10444,-6452,-13649,-3848,4042,-4907,-4787,15764,7313,-9813,-15826,-16087,12846,-9194,-5651,1723,7652,11947,11193,-11283,-14093,11143,3125,-10588,-5505,12370,6608,-6210,12153,2071,4410,14319,9120,-11402,10550,-8673,14794
-2690,-2635,11963,-15329,6962,-7740,1610,10486,7331,-3970,-15161,11843,4053,-7612,-11313,12319,12366,9154,823,-12646,8271,-761,-14500,12055,-12592,8386,6718,7571,-4351,7731,3004,12012,-6938,-1028,13356,1312,-7603,919,3720,-14282,15377,-1174,12448,7190,14228,7783,-15014,-832,-3550,-10852,-10298,-10932,-11574,4050,5024,14236,12350,13242,-11405,-7175,12837,2464,-8124,-2917,-9508,-1155,7118,-7413,9815,-672,-4796,-1874,-10845,11585,-579,-5353,-1095,1700,-4061,-3823,1066,-13375,-15027,782,2536,16138,5412,-14465,16058,1548,-15190,14014
-11110,2394,-11101,5298,11379,-1909,-15231,13258,-5653,12801,-14529,-6551,15248,13085,10345,-13478,-6855,-4501,2923,4975,12472,-14510,-13046,5912,1261,16149,15513,-13451,-5824,10938,1516,12178,-4586,-7119,5429,11703,5417,5694,3442,2518,12953,-10958,10190,4118,-11006,13576,-4987,-2361,-14591,4487,5484,-9734,-2110,-9534,-5582,-16192,-7109,11863,8722,-13572,9988,-16036,-10306,-6246,-2263,6472,9109,621,15492,-7135,6044,-14165,5551,-6083,-2072,-3041,-6122,-3446,10111,-13369,15205,10212,-15451,-10816,-1068,-9618,13374,5810,-4176,-8831,7380,8136
-3886,15057,-13793,13587,-15702,4783,3846,11608,-7814,682,-13040,7536,8644,4228,10877,15553,4753,14965,13063,-2184,-10298,-3236,-5481,10752,10698,-9381,-3140,3898,798,3525,-11266,6735,13060,-15758,4906,7913,15094,-12305,10050,-15849,-11288,-4524,11292,11949,-15707,-12692,1486,-8705,-10607,6293,11793,16361,-13757,-9394,12862,-5319,-5970,-7317,-4721,3182,-12476,-14072,981,-10933,11899,-2258,-16213,1191,-5679,-3759,-11110,11992,10860,-2121,-4267,7302,-4464,76,-11120,12431,-16268,-596,3396,14629,4665,11040,9530,-1403,6099,3248,-3785,-14670
12578,1386,-10032,14501,8389,9293,2802,-10036,13208,7156,11780,-5781,15651,15912,98,1295,362,-11142,-5580,-4953,8942,-1032,8286,-5065,1452,8239,-8019,-8666,-11674,-6822,-10209,-13058,-1090,-6704,14670,10782,-5365,4814,-10349,-15922,3404,-4995,-7870,6941,-3300,-1661,-6889,13233,2088,16045,8533,-15792,-3486,-11466,-9519,5464,11165,6361,14405,3032,-7944,-856,-10532,-14555,10277,-7879,-7389,-11257,-3651,235,9755,11007,-16073,-847,15606,6325,-9496,5577,2705,-2554,-1836,8572,6027,3327,1164,49,-9899,13610,16201,10951,-9102,842
16028,-14555,11422,2484,-13826,14754,12946,-4914,7185,-3757,-6557,-15266,-14695,14889,11625,15643,2575,15372,-1658,16310,1727,16048,-4346,-7291,2215,-3089,6817,13094,-4239,14741,10903,-7184,2904,5875,9837,4704,14115,-16018,-4454,9894,15529,-15621,14431,10375,10376,-9558,12628,-3338,-13588,12745,-574,9282,12751,3227,-4268,-4990,-15707,11483,15635,-2910,7460,7453,15581,4204,5939,-4937,-9733,14748,7013,-6885,13554,-9679,13932,-9929,2592,5726,-12667,-6191,4102,-12877,-7844,-15561,10862,-6344,-6068,-12163,12299,6306,4320,-8932,7200,-8272
1019,-15444,9865,-7677,12261,-14485,710,-870,14405,6712,6333,5067,-4938,7632,5210,-6463,-6412,-3913,-6654,-3982,13213,-4664,-13608,3118,4729,-15875,5619,-6509,6613,14035,14602,15972,563,-8184,-2079,-12920,-7173,-13431,-3989,-15473,-16322,-1190,-14502,-13278,5947,-6337,9382,-2466,-2003,13792,-1115,-2590,15428,589,-7118,-9382,-12024,-11470,-4719,15303,-13137,15051,-7436,-11623,10559,15715,-1682,1355,-10908,-2018,-8373,1548,-8850,-9847,83,6474,10852,-2373,-15552,-4199,4548,-10274,-2741,-1296,5728,-13255,9970,7753,15867,-2414,-8429,-15173
14088,-12873,-5633,-13123,2563,16202,-4247,-11824,1885,-15500,-16227,-10475,6440,-2237,15881,12254,5055,-12897,-14265,5649,4636,-12036,5692,12734,3530,9310,-5488,-6617,-13050,6552,4526,1796,4595,-7387,-7791,-13121,-920,1886,-1528,-6061,-6098,-2806,-12334,-13104,13491,12547,11596,-14145,-8222,15232,14932,-9933,1047,-9701,5692,7779,-10941,7657,8301,6628,2992,8222,-6786,12090,-2005,4290,3883,-15790,137,4106,-12585,-15146,2531,-1947,5398,11586,9048,-7694,12792,-7280,-1371,-12740,2865,5679,10763,12950,-8343,12554,-12968,12963,14412,-246
15870,13683,2768,10835,2776,-12802,-15387,-15475,-11788,11034,3619,6858,11881,11873,10740,-14887,-1401,4753,12190,5236,9299,2992,11788,-10016,10006,335,-8959,-15498,-12240,-1992,2049,-13568,-8170,1392,-10395,-4740,-10350,7459,13967,13958,-6912,10900,11016,-812,9979,3850,16372,5345,2063,-10043,14767,-6755,3058,2813,-14287,1018,-6122,-4804,-6030,-11082,-2898,10129,4574,-14134,12410,-5505,6857,-15276,-14324,-7570,5437,6382,1306,13904,239,3149,316,-6892,-6160,15120,5491,-1591,14971,-14230,6506,-8655,12828,7141,10587,-5758,7203,3323
11746,13977,-6179,-14030,15301,-10979,-7647,16379,15034,-3650,-12914,-2015,4688,8015,-10885,-4784,3478,-4553,11313,2919,-5538,9714,3623,-1626,-2733,3288,-1468,-14551,10957,-6014,2251,3949,12756,8817,7131,6744,-5194,-10489,-9415,-16375,-1226,-10187,-4040,-15991,-9340,-2187,3439,-7627,-2813,-9312,15306,3876,-7027,11291,1868,-3219,-15628,-1071,6128,-12791,-2778,-4367,1209,-8614,-12119,-11326,13792,-5809,8300,-4227,-3737,369,-3777,-15453,-9496,478,-4973,-752,2034,-7099,-5328,-7849,-5006,7548,4383,-12221,15011,2661,11781,3325,-331,-7741
9608,191,-13275,2397,9150,-12245,13551,-761,5571,-2229,-13231,15988,-3307,-15207,-7625,-1867,-2080,-4786,5961,14159,5149,-11916,-6057,6133,-14261,4493,4088,9226,-7028,6893,6027,8863,-10705,301,1211,-6735,12626,-2183,1760,-10601,-11817,-13151,-16082,-1452,-3441,-11171,-4520,14183,-15061,-11667,-14478,2135,-4511,7041,7652,-13583,4168,12173,14042,7474,14332,-14477,14473,9073,4671,11469,-14744,15486,-8683,9468,-4670,14657,7427,2712,-4894,14462,14508,-1440,4608,3357,-6576,-9687,3768,-14791,11077,2649,12341,-15953,15693,-5380,8111,-7209
4910,7369,13913,-3170,-9293,1752,12691,4712,-11945,1845,2222,-12233,4569,4167,3716,-9604,-12079,-15337,16155,-5747,-3717,7234,6306,5978,-9025,-1923,-14919,-7439,14514,9941,-13450,-408,-14961,6104,-15693,14316,13753,-6717,-11180,-13608,-5819,1718,-10812,7025,-4485,15537,-2509,336,252,-990,-8891,7300,2790,-5442,-16070,3681,-12381,-12838,-5802,-2909,-11137,15711,6657,9830,-7612,-11202,6563,-6590,14485,3326,-3106,-7675,3725,14156,12686,14575,12528,8169,-15575,-511,-11289,8971,4859,-4290,-16233,-12386,1426,9319,10288,12709,8325,-2140
-2608,-5355,8646,4665,10439,7515,10798,902,11740,2690,12249,15816,4264,-11695,9197,-7115,5333,3854,15945,-5072,12666,10825,-4453,-2191,-8735,-13720,-11265,-2333,-2061,-7782,15305,-6728,-9896,2114,-4127,-770,-14395,-10734,4291,-9724,11927,1830,5567,10488,2404,516,10417,-6695,-2186,-11998,-1329,-1107,-5470,11280,5280,448,11249,7498,-15959,6880,-12900,-193,-1367,-6585,15601,-11760,-890,15611,-7015,-9648,7728,-9639,-5279,-57,10850,-7206,-9242,-15377,-7413,13751,-14471,12220,12706,-15890,-16344,-2326,-10008,14720,-4946,3243,-4168,-1714
-5367,5038,-10801,-1497,-4561,7140,1902,9734,-11614,-2795,6421,12246,-11616,-5957,3085,9504,15361,15217,-5985,3411,4182,-11749,-10841,-14892,9726,7918,-1847,9933,-11429,-4680,12755,-4804,-9190,-500,3224,9203,-2804,-7454,-8454,-15079,-13165,5985,14214,1306,-5181,6749,13699,9419,-13578,12433,-15501,-179,-6188,-120,10456,-11171,-3542,-445,-11028,15627,-11,-1424,7978,-8977,12803,-14106,13782,-3076,-3296,1689,9391,9996,-15260,-12122,3487,7192,13896,4488,-16287,1418,9563,-12232,-3644,15590,1841,2657,16255,7117,-4133,2774,15713,8568
11988,-8461,5360,3840,11006,-740,-556,12505,15986,-2252,-13991,-12676,8772,-1968,11828,-11643,695,11914,-15963,-1695,5197,12782,-1641,1932,-14561,14834,8279,150,-14438,11721,-9976,6072,574,12702,-2597,-10639,1888,5207,12116,7711,-14874,-1383,6466,-779,-379,14911,-2515,-4093,9343,1106,1523,1585,-13011,11149,1154,15706,11291,4026,-2498,-9914,-1087,-1440,12129,-5154,6298,-149,3688,6017,2049,-5726,-7156,6108,-5641,9148,-6580,-9475,2382,8918,-3482,-10628,-15382,13193,13630,-6098,4668,-3348,14758,12906,9363,8602,-14990,7362
-14859,6457,13605,1768,-14306,3035,14690,11316,-12860,-11105,2800,-1622,-2719,5209,-11478,-13669,607,-3486,-12611,-11261,-3270,12622,14875,7365,4338,-514,8979,4725,-457,5189,5283,15701,1874,-5354,-10896,-1943,4976,6311,-8708,13423,-13426,5640,-8934,13088,15819,-16264,-11257,-7526,11130,11327,-10690,-4464,9237,-13597,-4316,-4515,847,-569,697,7426,-5164,10655,-6491,9738,-10676,-3146,11872,-4461,-15999,-9956,6548,2007,4426,-10908,-9622,12648,-5301,-5367,2797,13918,7557,-11973,14108,381,8790,13256,-3211,-7073,-9304,-16231,-10684,1233
6414,15669,-12051,-14473,6604,4161,2179,11010,-11253,2397,9225,5469,-6361,11837,8874,2852,12462,12952,-2198,13138,4372,4326,13414,-538,-5040,-11984,-6426,-3542,5110,-7473,-3664,11846,-9998,-3295,-9423,-13091,4249,-4301,-14381,15009,-7833,3883,9308,-5227,-8988,-4944,81,7436,-3829,-3,9089,-14866,-13056,5443,14264,-1936,-12217,9317,-7656,2734,-6013,-14388,-6714,-2648,-10054,482,-427,-14041,-5254,728,6747,5742,-5780,-1663,-5860,790,-5314,1049,-2570,-10117,-14489,-164,-12199,-9681,11685,6065,-16173,12418,7821,7161,-3654,-6131
847,7555,-4085,9569,-1268,10673,-295,-13876,-8169,-11287,-14292,14505,-13645,537,12292,-12487,-728,11052,-14107,7437,8737,-1412,-10769,879,-13176,-16077,15741,9026,3708,14161,7132,-2379,-12270,16076,8350,-11811,-15,6643,6672,-11777,13106,-5741,9649,-7466,15163,-3979,-5737,2998,-14473,8768,-2906,3559,-1076,-12656,14150,6453,-8241,972,11967,-4003,13204,7698,2627,-369,15776,-12426,2674,9411,-2243,5746,-2109,-5,-504,8716,15402,-6686,15591,15777,-5096,2926,8695,14600,10710,-3802,-7530,10897,-1515,-10929,6647,-236,-12259,2892
9507,-8344,8215,12435,-5887,14927,5542,11526,-14293,-8846,-10703,-3768,-3124,-14298,2850,-7083,-3263,8235,-10670,-1892,8271,4560,-9715,-10908,-10202,3623,5577,9402,1029,-13862,-2956,13118,7231,-12921,-14629,-15613,-2611,-11431,-3514,12525,-4052,-11805,-10605,13590,3733,14810,3746,11158,-8870,15629,-6031,7088,4029,15603,15755,-6761,4163,-5989,-5399,-13569,5563,-2843,12744,15290,3326,14607,-14593,-8164,-14352,16029,2620,-14229,-9181,-6218,15858,-12781,9337,-13079,-12240,-3739,-3422,-11571,-1071,9807,-2824,11154,-13801,5938,11912,-12245,174,-1123
-6672,-8484,14979,-13869,1701,-1564,-10919,11848,15341,3145,966,4942,-13165,15541,-11033,-11476,-12962,-11600,1845,7107,-7738,-11705,3897,-10963,-7058,-13235,-16040,-10058,1665,-10367,-16201,-2377,-12836,-3230,2671,-13607,12614,-13303,10282,-12782,-13964,-12989,11447,-7553,-6703,-3570,-10431,12012,-7878,-3846,3738,2861,5769,-14987,-9994,-15566,-4982,10312,-5087,-14470,-1763,-15377,-12946,-12341,4232,14909,15315,-10172,-14396,3330,-14617,12605,5743,6886,-13087,5506,-8057,6936,13967,14915,-5911,239,15634,-6707,-10513,-8682,-9777,-767,8897,10052,14155,-6963
4948,-11202,-2135,14146,-14729,4719,11077,4488,-11990,-1346,15041,10147,13233,4487,9461,15054,3518,-110,14785,-3081,9958,-15821,3787,-3462,6307,-6518,-11298,-6998,12419,16068,-1715,4366,5457,-10186,2692,-11731,-4395,13649,10174,-3807,-2313,8925,11676,-10611,15797,2070,-14442,16017,-68,-11247,6574,-9751,11236,-12807,-3975,-3461,14581,15506,-193,-7963,-15873,-14693,-9795,-10920,-12217,-8148,-12249,1737,15397,-7145,2941,2341,-14718,-12083,3672,4603,13585,-9030,4054,7569,1119,14189,5634,14286,10294,13766,-11491,-2375,-9717,-7427,15331,8179
-9795,-4368,-14772,7305,-13248,-6925,3147,-5933,-7795,-7408,-3637,16149,-9182,4457,-7649,-9088,16167,-7573,-8831,2828,1899,-12448,1432,11872,7609,11067,8541,-14147,-8150,14718,-5834,15540,15444,5222,11846,13661,-6267,12026,-6342,-7532,-11226,-13651,-4517,-5508,-7814,-10690,-10146,-10892,-3010,643,-16169,-15785,14267,5936,-15408,-7399,-12625,-16105,-14096,-6553,-8287,14404,-2409,6009,-6325,13632,-3314,3096,-9567,-11157,12557,12412,347,-3953,13307,2037,-7026,-3714,-7903,12884,235,802,-1405,1995,4001,-862,-10783,7914,-1103,-6320,-361,-8652
-4005,-10132,2799,-15418,-13807,-4605,-11516,9955,-10775,1127,-8848,-14824,7421,4061,13480,-7143,8407,-2990,-239,10511,-5023,-14857,8172,-452,-8337,-11136,-807,-9814,-1166,-7950,-3878,-6121,11162,-5489,-12230,-11987,8725,-11053,12396,-7192,3573,14751,-5271,11420,11389,15965,15614,4395,-6568,2473,5030,-2572,-14268,12381,1731,11623,-15300,-258,-11726,4646,-4312,-4936,8502,-9582,1365,813,-3487,7717,-12232,-8834,-6271,12534,9688,-1605,-13827,-2422,8425,-2728,-8168,6597,11518,-13769,-14728,-15083,16187,9019,-12818,2364,12406,-8378,-7624,10660
-14501,5700,7893,3659,10269,-7673,11684,-6010,10248,6999,-12631,-2008,-12021,-6186,1258,-2691,-8857,-4466,9183,-514,7613,14496,-4047,-2323,3609,2739,14762,-15589,1819,-5517,7743,8572,5959,7996,-6549,15047,-15906,12818,904,14256,-9546,10881,-4552,-2933,4678,-2812,12613,5202,-5253,-12454,-8298,-8071,-2157,12556,-8709,-5851,-8643,-3325,13698,-8359,12653,-5948,-3284,-14102,-14406,-4471,13661,-5498,-644,-12373,-9157,-1340,15105,-131,13961,-11444,-7266,3852,-12534,-1033,-10410,-12807,-10272,3058,8871,-3894,-9975,-16212,13561,9464,-105,-8757
10752,12775,1253,-14691,-8966,-3073,15008,-10796,10843,661,-13210,4360,-174,14712,-12321,9584,-14477,9646,6866,-12191,-9177,-8534,-7049,5478,11125,-7145,-6940,6014,-13468,-7898,-11274,2652,-3945,13914,6285,12553,15273,11764,-8550,14474,-14934,4295,-12915,10873,15246,15585,-14148,8865,-12813,309,14131,-9470,12203,-13143,15493,11394,-2583,-6297,3279,-7207,-1411,-2367,15330,-8537,-6390,20,-6019,12742,13042,10699,11012,-2601,-12787,11190,9537,-16068,7880,13098,-4962,-4473,-9496,-984,-5906,-15876,-5275,-1816,10883,-15989,-1290,-3859,-15897,-3336
-8325,-2727,7515,8625,-11817,-4261,13047,-7544,15088,-14152,9870,9225,2964,1773,10581,-8576,-5975,-3996,-1893,1399,14831,-16276,-10546,-11214,-3925,-14331,14024,-12946,-14872,-13497,3907,-10707,6928,-144,-10579,-6507,12143,-3703,9097,-2550,-3993,15016,14366,7403,-4311,-5796,-2359,-12761,12248,-4621,11719,14174,-12549,14111,14069,-1836,1371,-83,-954,-15867,16245,-628,-14953,320,-8880,11461,14348,-5385,-15015,-10898,1097,5241,-10878,-14670,16342,-12373,-9399,1655,-10461,-1718,-14440,12818,14301,-9633,639,9754,-14548,-3262,-11160,14721,15420,-11592
7249,-3527,-9354,-7949,-13630,-14331,13954,-5681,704,-5398,6768,3813,13608,11285,-2997,-14255,1901,-12919,8358,-15776,11029,12445,-3743,4326,-13782,-11730,12184,-6279,5640,-7201,6561,3536,-13022,-14265,9094,7213,14240,-10499,-13642,-12929,9224,-9794,15269,8720,5467,-732,7972,-13698,-715,-7194,-8475,2954,1753,-7231,-8517,4930,12542,-5047,2404,-14509,-7144,12815,-15094,-4360,-13808,-9298,-16153,-8965,12247,12909,-7311,-12087,71,-10,-15356,-10027,-2066,7960,10587,-890,10918,-15963,12208,15722,-15315,-10918,1138,14022,-768,-3170,1940,-2138
-2528,-4778,-933,11289,-6220,-12559,1284,13592,1258,7263,7780,-2337,10698,-6164,-1966,11570,1062,10810,4835,-8137,10142,-7557,-10619,-1350,13235,6439,8818,-13935,-15134,-12335,-6465,-1729,1503,-9748,-10823,14787,3900,-4199,-6275,4394,-13313,-12070,-8731,13862,-7005,-8151,-7228,6969,1232,-14124,-15155,16096,15722,-13013,7159,-13353,-6132,-14335,2031,9327,-8337,-12842,-9079,-3189,3488,-9038,-3230,-4674,15533,-12972,10253,12874,-5316,8621,-13207,-670,3266,-10504,10668,-10974,8385,-10754,-6593,2191,-12486,-15230,8120,10295,1352,4780,-14945,15440
-5074,5364,-1784,-6575,7404,14775,-4413,2493,11579,-2897,-6501,13696,-14917,-4733,9042,-11339,-2937,15824,-4787,-13573,-6417,14186,-3937,11023,13405,1155,-818,2609,-2635,9234,-9600,1987,-6255,11147,5123,-13929,13125,15236,11784,-3454,4544,-15678,15059,14374,6878,-11359,-10159,-1866,-11741,-10756,-8760,-8969,-14721,9731,-12151,8385,-15416,-5360,14055,-8667,13931,7427,6035,10397,-13923,-12086,-14617,13558,-9614,-15456,891,-4406,-1031,-2117,-8854,11863,8816,10945,-13450,20,2621,9554,267,-12275,-4503,10240,-10354,10827,-5739,3846,-13895,3131
