40,
93,
-5398,3326,-12577,-10465,11217,3496,-10002,-12283,-3817,-8562,2311,-928,-7430,-10849,3446,568,198,6710,15838,-1073,-12330,-9716,8014,11734,8062,837,-6295,91,15731,7550,3035,12248,-9471,-719,-2100,-14973,-6482,-2912,10823,-9501,-16305,-2352,16105,10884,13964,-7044,1646,3223,-2788,-4419,14605,-14579,250,5291,-12727,3733,-15191,9029,-14210,3460,-16296,5459,-7187,12924,13274,-3851,13028,3613,3354,-5448,12566,3445,-1837,14571,4524,8598,-10613,7356,-15759,-4874,-2739,-9959,-14974,-9983,9463,-14352,-10581,-9933,-2740,9353,4912,11498,9579
-4477,-14894,13336,-2580,-11766,-12526,4830,2410,-12958,-11451,14266,4628,14620,-9273,15678,2027,12057,-8302,-13177,-2305,-12847,11300,12529,-6009,-5555,-14096,-11069,3394,-9219,5910,2844,16311,-4383,-8733,10688,-3383,13793,13830,13668,4148,10258,10692,-7234,6721,5578,-15291,-12118,-14216,-208,1001,2307,1395,5092,8803,-3513,-8069,-814,7352,-6615,-4080,3490,-11144,-5818,-15044,-13071,10504,-16020,4630,8554,9829,11436,8354,-14420,-14478,-5366,-11629,8861,-11978,6859,292,13453,-219,5466,-15088,-3623,-14692,6633,-739,-9695,-3972,-9981,-13813,4849
-4728,-5980,16330,-10030,14550,-8122,-5575,5470,10447,-1531,12347,-11773,11362,10599,3144,5173,5963,3288,-491,-840,-5830,12670,-15759,-4801,8950,9436,-6564,40,15506,-2533,15554,-12549,12097,6555,-11005,11307,3631,1523,-645,439,3525,-15369,-13076,-9391,3833,-4131,-3457,-8298,-6914,-14280,14090,-12378,6553,-3308,6910,4408,13421,-11299,-14308,848,-9298,-13622,4453,-1511,-8867,-9101,-745,12438,2402,-4384,1559,15924,13170,-7143,7673,1736,6012,9442,15355,7488,15288,1271,-14373,-7700,7927,-14005,8150,-9559,-10215,9869,-6656,-13530,8965
-8569,-4654,-12993,13494,-3930,-4094,2898,7408,5686,8298,3170,15006,-9506,8233,8759,13796,-8206,-9005,4775,2942,-7460,13679,-4395,-15577,3618,9979,-5543,-7392,10532,-11583,-5607,-2503,-7553,-13905,-2774,570,3110,1876,-4856,-1307,-15418,16223,-14351,-6352,-8029,-4976,13963,15783,-397,1902,11225,4692,16149,-4242,-6000,7743,7914,-11276,11821,-3149,12402,-10967,-10660,1990,11812,9395,9554,-1323,11606,-12425,-13141,-13346,7254,7941,-15930,9727,-4293,-12514,11762,-10818,-3911,-16360,-6269,15684,11362,9072,-11244,-7452,15132,-2010,-4453,-7319,-15413
13705,6192,-3106,16271,15625,3936,-8523,10399,-12314,281,-2092,-14856,2924,-14113,8648,10588,9606,-11511,13641,2879,-15999,-11263,485,8262,10244,7144,3581,-10038,737,-5864,-5733,15783,-6416,-4386,9360,-12301,14607,-3328,-10494,9221,5074,13554,-14189,6607,-12393,8450,-2290,-92,15874,-12771,-16370,8236,8440,-4091,14740,-5581,14828,2220,11776,-8141,-663,-8777,-5269,14621,-7031,-11637,2451,-6400,8630,5799,9430,-13074,3690,10198,7793,-3066,11164,3060,5035,6069,-14601,-11101,556,-1623,9441,5798,15494,-5432,14471,-319,8222,4073,-10521
8786,12370,15838,8195,-4154,8435,844,14254,-14575,976,7782,4481,-5185,8893,-4742,-9206,-7313,-9453,14536,5104,-15712,-7302,-11743,13595,-6023,-14536,287,4613,-14374,6156,-402,15011,3104,-6935,-14973,-132,-2677,-4140,11337,11534,-13873,11903,-9784,15874,-9311,-1796,12031,14675,-3107,6856,15125,11061,-7331,12011,6376,-3060,14898,7110,-11677,14452,14748,-2512,2681,-1142,2057,-4860,-3410,-9800,3361,-16153,-15964,-9584,-2467,7038,13540,-12912,4984,10265,-9991,5499,15441,14755,-2341,-4578,-14915,-4775,-6124,14717,8314,-2947,7723,-1663,-8825
14656,1321,2042,1746,7335,-2879,6102,12443,-3715,7496,15412,-12639,3594,5403,5707,-5332,4761,-12954,13971,-8057,8377,-15169,6602,-829,-12242,-6265,4555,7210,-9780,-8487,-4104,-4190,-16350,-10071,6174,-15192,-5029,6257,-5103,4491,-75,10286,-13215,-7971,-14068,8907,1979,-7389,-11884,9132,-14675,-3338,-9174,5056,-1636,-11402,10266,12651,-16135,3588,6940,13604,-14815,2194,4629,6995,-14738,8803,-11071,10982,9382,-6390,4838,4858,-9776,-15837,-1397,4629,-6722,3935,-1233,9869,-8301,1156,-13873,12760,9854,-9259,-15578,14853,4219,-10782,-10778
13691,6725,49,-10952,14835,-8698,-13913,-9414,6496,12156,-6024,-5347,5290,9051,10653,-13712,-8473,-3542,1559,16375,-7311,-3546,-9,6244,10901,1298,-13382,3634,-13391,-12487,7038,14190,1778,-12727,-284,8521,7516,-8870,12201,-1804,10052,-9090,-13933,10166,2930,-7243,-9829,-13128,15209,-10179,-3528,12034,174,6164,5884,-8024,2730,3023,11117,-12093,8191,6892,-3362,-15056,6778,12098,-3420,15719,1143,565,10912,-11964,8022,8057,1210,7738,-12745,-6380,13499,-13286,10157,15820,-683,-12144,-5293,143,7127,6423,6572,-8377,9047,-1991,-10439
-8986,-7368,-14629,14702,12018,637,-15457,-4414,-4101,-15832,9790,-3057,-908,3411,11091,-11007,-1856,-1441,-11649,-11174,15294,-1468,-2153,9433,2809,16014,13725,15109,-15885,-224,-10083,6054,3601,16255,-5118,-13087,13813,-11217,-15241,15727,12593,-14269,-2505,-1904,7989,6100,-15799,5117,14321,5436,2933,338,10797,-15783,-11754,5093,1798,5865,-4443,-1068,690,14352,-733,-4720,-7313,2319,5230,5565,3252,-12277,-3371,-1885,-1078,-9543,6266,-15364,6526,752,7820,-2599,-14409,15543,-6494,3588,9460,-7407,12976,7388,9181,-10565,-12094,-15304,-614
-4948,-2204,4525,-7652,-7800,8260,8414,10600,-11807,-8333,-4531,-5956,-366,5368,8087,-15962,-11899,-11717,2620,-8506,3837,-3322,-9165,-5124,-13824,14697,5620,2113,-16311,-3957,8620,3996,13928,12787,12070,-14717,5120,-2295,-11250,-13673,-6021,11268,2554,-11892,-180,7890,-15652,-6449,7781,-6041,7895,1698,-6018,-4011,-15130,-12712,-11113,-11918,-1504,4478,11666,-15326,254,-1509,-5152,5127,-11968,16013,254,-7173,-14168,3333,14068,8477,-4712,-9612,15815,15794,-4348,-4970,-16162,5736,-3656,-10654,12424,5632,15628,-10696,-14944,-11070,-12116,14574,-2422
12631,8783,14209,-15659,8748,-8866,4236,-13110,-11982,5683,13972,658,1351,-7815,-13382,-2025,2573,14152,-11765,12819,-16356,-15561,5325,-3095,9697,12205,-2271,-4469,14372,1251,6892,-8915,7250,10788,-7889,11595,4505,10838,-3911,-4960,-6720,-3578,-6431,10267,-12725,-1546,-10574,11246,-3342,-5653,2653,-8589,8293,4530,10896,10474,2630,-6789,-7106,7406,11735,-13298,2930,-12517,-7963,10864,-7116,-4460,7066,-1909,-5528,4483,5074,13710,-6388,3961,13054,8057,16227,-10014,-13372,-620,-11040,6148,3328,-7733,-15112,14460,-14102,15364,1811,-11957,-8076
13061,-7518,-9112,11525,-6335,-16340,-3169,5044,-2078,460,-3384,1750,13354,6265,-2740,-14300,95,-14285,-9240,13468,11631,12211,-7428,-5401,-13000,-6186,4306,3702,11251,15135,-10286,3123,10176,2316,-11961,-5915,-11507,-5644,-11708,12426,12897,-6922,5753,-8296,-10045,-13200,6667,2166,-2850,-9881,-4099,14963,-12470,-15373,-14935,15770,9384,-2192,-11072,-4016,-5737,8197,-5594,12696,-8209,9847,8843,6820,643,-15234,-868,-12557,-2127,-14897,5886,-3203,3378,6120,-15608,14943,-860,-8916,-6081,-8785,-3821,-6465,-5540,12922,13350,3373,-12807,-10332,-13148
376,12158,-5722,-11973,15327,6906,-11129,12079,4741,16291,10457,4871,12117,-12027,-619,8657,6898,-3947,9984,-6815,1295,-2442,1022,-7395,-13358,13029,6943,-8981,3343,-13779,16037,15469,5828,5237,-3659,-4611,-4966,-13683,14529,-8797,-8683,3636,-14528,7427,2097,13862,16377,-13116,12459,2506,9485,-3876,-8140,-9128,-2928,-7288,13957,15489,10229,8449,13749,-6971,11445,-4517,3064,-14954,-15163,-15412,-1794,-6157,-12714,-15145,16051,-12689,-10574,12731,-7704,9617,-13679,-15541,15227,-12430,10386,-6408,-5848,1208,7955,5810,-13114,7994,3701,-2777,11301
2457,-2193,-1879,104,9649,-2639,4438,4140,2590,9951,-13463,-10017,-5762,4792,-5828,-16175,12037,-6694,14097,7573,-4832,-13750,9520,-16355,3864,16131,7559,-8186,-5673,-188,8456,1526,11286,-15606,3041,13578,-6575,13886,-6376,9130,-15045,-663,-10908,-7858,11992,13200,11440,-15599,-4459,-3356,7335,-333,-9871,-7781,-354,-1848,-11788,-15332,-5177,5955,38,3127,12406,-4696,8368,-14715,13023,3708,-5311,-15361,-7402,13905,-8438,-7998,-13972,12552,-1104,15971,-15112,-16288,-14377,-12570,12573,-9507,9047,-2556,-16086,-4573,-231,8816,13916,-13555,14545
14,-2203,-4284,-10344,6200,-11775,1177,-13583,-7112,-10424,4209,-16317,-10799,-11849,6037,13510,9507,-3834,6920,-1852,-9035,-11972,11386,-13622,-9142,15665,10264,12633,10556,8464,98,-4809,4870,-8451,1287,-2521,-12900,6965,-2789,7615,15859,3578,-10295,13027,-14993,-16067,-11626,15788,-9470,-13791,5557,-6966,-13404,-1057,-12624,-7090,-277,-14041,-5223,-10642,4028,-8041,7304,177,13745,-6259,-10679,8535,-14473,-16325,14506,3574,-339,-8556,7320,3315,4355,10918,-2637,-973,-3352,7721,-2956,-6474,7786,11152,-12406,-16191,12663,-11062,-2447,-13315,-13328
-5703,-8804,-2578,10658,4928,-15690,-576,7833,7302,-997,12885,14569,10785,-15840,10159,4812,-9915,7529,12611,7829,15288,-4475,14255,12668,9470,6254,-15065,-9654,10019,13267,-15797,14222,4518,-4283,-8810,1581,-10758,-10452,-13137,-13212,3368,3184,1742,109,-8263,10911,8094,3293,-10142,-4007,-7894,-7379,7441,6479,-479,-152,-8640,6041,5107,13438,12854,-8316,11842,-10788,9218,-16123,-2724,-15105,14889,13501,-10607,10863,16214,4645,6035,5186,15210,7202,-4393,-15796,590,15978,4536,6684,4571,13309,4924,15868,-10007,-3714,728,-3184,-11880
-15771,-11790,15579,8766,4232,11586,-15504,-13820,6779,-11966,5132,-1025,5299,-12960,-13473,9244,7682,-3716,-13792,-2846,2730,-2026,-8034,950,-6395,-12395,8124,12228,13015,1994,-13219,15542,9331,-6473,-9441,4446,1216,10746,15818,-2221,-10226,-7900,-2701,13480,-6334,-157,10890,3820,4452,7374,-3989,-9508,-6299,-5496,-5171,-9988,-8709,-974,10548,18,860,-2876,-14681,-15958,-14779,14047,-14750,10029,-10568,4298,15491,11659,-14456,-3995,-4422,-6723,-12067,13075,-6688,11613,-1378,5908,-1754,5864,-11154,-15801,686,-8941,-5992,-15318,-4653,5003,-10438
7102,8917,14124,986,12725,-14806,-10351,-8918,-5974,-8621,-7616,13604,8501,-5008,1321,9401,-6050,-4229,-10103,-8539,-7229,-3466,920,16372,-625,8449,15349,14796,-14062,12463,928,-12124,1593,-1093,2475,11832,9223,5785,-3846,10098,7355,6162,2159,10567,-9411,-14600,5232,12964,-1893,-6628,1860,-14893,385,-731,648,-915,-12956,8809,-6911,6753,11402,-6685,1154,-15090,56,15840,13171,6891,-593,-7333,-15772,10203,-2777,-16059,-1840,4526,-1421,-43,-9641,-120,1134,4225,-3839,-13255,1364,3845,-6495,8061,10811,-14027,4102,16282,5095
-2823,-13672,9966,9111,-7926,14013,5613,-2048,7755,-14720,-3404,-11925,12352,-1670,11962,2241,9278,-13356,14493,-15285,-9754,488,465,8402,7297,14241,1329,12109,-11990,4682,-274,9882,1897,-7690,15941,4883,15230,-16381,-15128,11642,4814,-9971,-11014,12365,-6057,4072,12963,11047,-1519,14132,346,3695,4857,-7692,-14860,-6456,15977,10682,-15425,8592,-4808,-11505,-7568,2853,9770,-12422,9919,1763,-1836,-6896,-12656,-15659,376,-10541,12896,-1102,14676,8218,-11309,15774,13437,-9439,5449,-13411,7038,-5723,12645,10760,-5597,7137,-14464,-5220,15279
-10575,-6941,-7725,10500,14687,540,-14961,-2548,-1237,11001,13070,11780,-4859,15975,-11720,10121,-4243,12724,-5492,893,-13149,14042,1375,2430,-104,11980,15521,-11921,15988,3621,-7662,-2167,15041,-13831,-13158,-61,-12953,-297,16238,11691,5952,14145,1099,9302,2388,-14947,5291,12810,-3937,7272,-6539,2065,-10633,-3554,-4573,9874,-346,983,-4581,190,6925,-15149,-5964,-11731,786,197,-14405,14781,-1354,4056,-5054,15038,-437,-13158,-5399,-7301,-5840,4971,11125,-7696,8029,4696,13386,12286,10866,953,-10545,9697,15449,-12431,-7873,14597,15669
-12907,-8249,-16312,2299,-8028,-3665,-9314,12467,4873,1029,14515,-13493,5584,-8046,1058,10336,-702,-9182,1927,4794,-10612,-2955,659,-9892,-290,1885,11832,9774,3746,6216,-4437,6776,5546,8483,-14402,-3953,2584,2380,-11133,11426,5319,1728,-2273,-11336,-15188,-8296,-8201,-12552,-15829,-10556,-13927,14842,7202,-4860,3905,-6019,-8376,-16317,-9887,-15784,-4182,-5544,11246,-9148,-14782,-10122,-3193,1248,-11323,513,-3827,-10388,-12044,8769,-10886,821,-8023,-3246,-12854,-5340,-13313,-14161,10026,-890,13490,3275,-12938,-11210,8309,8696,-448,-6594,-10548
-8441,11536,-9182,5478,-10433,10632,7137,15781,1148,10890,12930,16044,2677,-13448,4419,14976,-3143,-6691,-563,-1291,11389,-16028,-9155,2038,-2524,1066,13443,-123,-8650,-4817,-5723,-15368,5587,-16139,1635,-13240,-13474,-11748,6842,-6130,-7453,8223,5869,3314,9287,7264,-15799,1939,13788,-9675,16288,-1353,-418,-15025,4906,10301,11158,-5858,8413,-11638,-12994,-1920,-2201,-892,12482,-7077,-4896,-10367,-12721,878,-2356,7942,8706,2617,-5655,15305,1485,10722,2640,-13003,12453,-1717,10594,14824,-4917,-5287,3060,-45,-6021,9168,5835,16263,848
15578,-3163,-11504,12191,13630,-2943,10496,11616,-7723,16266,-2567,176,-2088,-2325,3693,3887,-13939,13093,917,9180,9468,-4621,14400,-6827,7415,2504,1428,12492,-1955,6781,-10023,-10987,12894,-52,3844,16245,-9048,-3441,-792,10744,-15210,-14095,8743,1816,256,6432,646,6217,9767,13998,12125,-13224,-4131,-2166,-11635,-164,16111,10313,13923,-2343,-1759,14103,-16084,6293,11743,-623,-238,-8677,1169,11784,-10120,2522,2373,-7646,7204,-6430,-5812,-1331,-276,5546,9904,-14978,14551,-2691,-10857,4327,2292,14110,-9391,-44,740,4654,-1416
11416,-3234,3781,6152,7810,11222,-11158,-14452,6998,-2461,7321,-1345,-2046,6151,-3563,9806,11189,-9212,-11455,5890,981,-9729,-15125,7578,16110,-7201,6003,-12497,-3467,-12298,-2933,10716,-937,3678,2494,-5102,458,13509,-12339,-1047,-8932,9524,15726,-6051,-3314,5644,-15206,-13160,2368,13805,12128,8770,-2390,-4195,-1327,-662,5259,1111,15764,5433,-15449,-2293,-12990,6822,-8239,-1157,1744,9505,-4077,13239,-2779,11862,-7526,15830,-3041,-3378,2821,-7396,7573,259,-8617,-6168,5395,2633,1674,3714,-3484,-15079,-13666,5171,-624,-5324,-6072
11787,16151,-7020,7879,-344,5370,1800,3437,14498,-4750,-12291,15270,-1829,15377,-4353,7604,87,12554,-11366,-635,-1616,-9135,4865,1201,-2453,-15739,-981,-9793,-3788,-6475,-4922,8137,3633,521,5621,-13833,-9062,-6214,13712,-364,1732,9235,16366,-46,11035,-8233,-7418,-8041,-13965,5237,-7795,-10456,-1408,12792,1275,-6694,3065,-8568,7301,12092,-9519,10309,11554,2945,8451,4298,10961,-8495,-6855,-5783,-15342,-3905,-13481,8316,815,144,12903,-10155,-1847,15160,8513,11077,7218,3831,-3644,-9602,-10406,-11066,687,5288,-2351,-7123,4695
-10574,6357,12883,-9070,-5455,-13237,7671,10706,4405,-3530,970,3038,4878,-15282,10157,14910,13587,16296,212,9142,-14114,10773,8763,9175,-2609,-11227,10210,9558,4845,-2453,-13039,-6557,-9372,-14648,-7344,1708,-14423,3918,11445,-6278,-1472,-14500,14597,-14751,-14041,-6430,-15504,16013,-3656,15975,11944,-640,12871,7403,-11108,13567,-12814,2910,12391,11329,14420,4038,-4397,12957,-9608,-6127,10006,-11021,-975,-6155,-10442,-1953,3665,11674,8627,14386,-12716,-12571,-3658,13768,-16252,1240,-12940,16240,14585,-14307,12995,117,-5558,3257,15535,-8806,-311
13257,8317,-6477,14487,6686,5229,-2951,-250,15853,1427,-6290,-7522,14784,14801,14945,-2704,-10291,15066,7322,16045,3944,-15800,-13738,-11556,10906,-13300,4294,13803,-12502,8091,-5364,-11316,15114,-2602,-1688,6148,5733,10662,-12926,-11068,-4562,-4321,7854,931,6397,-1685,8292,-6269,4742,784,-4438,14146,6320,4266,-10288,-8414,7762,-1244,-12644,-14751,-2730,-15041,354,5572,-11372,3943,11842,-10927,3911,-8996,-6975,10223,-83,-1282,13451,-5500,-5703,-10908,5896,-12911,-7842,9734,9769,13964,-4807,1958,-761,11275,-13256,-7543,-7073,-9569,-12251
4380,8259,-5008,9612,1151,9537,16003,-13460,-2987,-7246,8827,11802,1823,-439,-16103,13403,6633,1278,3843,-1342,-15727,8521,1410,-6076,13423,15902,3895,9974,14499,-15029,1376,-8483,-15873,9685,5874,-15486,-956,6738,-2016,-3464,1734,7912,-8445,1113,-6377,-2031,535,1184,6991,-8847,8591,693,5133,-14930,954,-3698,7318,12385,3949,3676,14312,-15650,-12609,9273,-4331,6295,-11380,-5508,-7978,-8105,-12643,1599,-759,13195,-6838,7809,3208,3395,-3518,13007,-1681,-8229,-6072,13604,5736,-8576,-4609,-13768,1697,8911,-16264,-3313,9333
-979,16127,-10757,11257,-15207,3229,-8069,-2970,12655,13900,126,4336,-4259,10432,10657,-7989,11711,13407,13364,10990,-11395,-3374,2144,6785,-5259,15102,-9751,15264,-2088,-10397,-5594,-10305,3377,589,1403,-13669,-11721,4431,6696,5989,-14896,-11629,-633,-852,-1812,10563,-5418,-3104,-15464,9465,-11233,9370,-14024,-11012,-15203,-502,16129,-14824,-15511,-4549,12671,-2232,-1781,14138,8121,4600,7290,-3653,10520,-11702,-2342,-14099,11010,-7789,-3749,-59,-12685,13950,2030,-8209,6279,10360,7435,9142,-10575,-6117,4328,-14119,5695,-8780,-12407,-573,-6657
-14533,-9904,-7056,-9906,-9265,-11358,-846,-8591,14712,-14704,5731,7509,-787,8819,9114,-12176,13353,14482,-2114,7265,-3787,9476,-850,-4033,10305,1076,15665,8703,-13649,6454,-121,-15858,-5580,-8487,-6105,15819,-15968,-5057,186,-70,-7950,313,9647,-8901,-15368,10091,-13955,-309,13420,695,2679,-9649,-5079,-9545,-2979,349,-2121,-1366,10152,877,-9461,-4705,15225,-9198,-709,-529,-12217,-9786,16198,59,2342,-78,-13192,-13190,-11735,-1143,8335,-12004,-13009,-15111,5865,6226,2324,-1374,-7604,-14797,15658,2294,12753,-398,-14387,10660,-12965
-1515,-14380,-1072,1847,3684,3499,-15159,-12487,2928,13384,-9065,9325,-4470,7213,9580,7975,-1043,-14530,9912,-14555,-15592,8441,10265,-6434,-4587,7479,-5081,15587,8589,4842,2151,421,-16090,6374,8322,12680,-15284,11485,14692,7358,-5710,-4122,-7911,2867,7534,8036,-10822,3267,9432,9306,-3630,-1138,-6546,12196,1084,16019,-1244,-10965,15226,11584,13307,-906,8451,-14419,9500,11677,7587,4602,10015,14920,-13552,-3150,-4959,2727,7104,9221,4901,-12268,-15290,-12688,128,15087,5734,-7749,-1332,-10074,-11911,-11623,11664,-15107,11902,9243,13981
-4212,-14621,-12025,5791,5261,9174,13158,-12360,-1050,-49,13415,15198,-4151,-5858,3845,-1414,8935,12536,11414,10148,-15850,6666,-13710,-6450,14411,7248,14263,-15955,3734,3913,-11242,12721,10929,-14164,-5065,1590,4079,3460,8099,-13456,737,-2417,2869,2752,14350,-4714,-8061,1487,13899,-10485,-7984,-9836,-10841,2647,10482,-3723,12501,-15760,13658,8316,1463,-4122,-7013,-4444,4627,-5976,-11332,9955,-1558,-7682,-9946,11490,-1752,-1475,9469,-15149,-15467,-11770,-5755,6030,13212,4502,-7620,15419,6447,11415,-9808,4725,8038,-8448,-4773,-11772,-14083
-15842,5293,12158,-3827,-9868,12815,-11953,-6218,15631,-6409,10073,10471,-15428,14750,3931,-6061,-8123,9568,11927,3232,-10433,15767,-3618,8275,808,4251,10594,12622,-8861,-9091,1332,-9022,8867,15552,-9034,3825,-6156,11826,-11409,-4118,-7825,7858,1015,-14473,7077,-6088,5188,-14894,-12709,1732,2583,-10738,3531,-4272,-5501,13442,-16012,5925,-14102,-9903,13239,10983,-6185,10077,3533,-8850,15264,-14836,10940,-1457,-14306,-5177,7003,-13235,8335,-4723,11647,14443,-12052,1644,-684,-9967,-8257,-3594,-15976,-11324,10188,5520,-2132,3453,-11684,-5539,-8145
11310,-12512,11666,10518,15973,-12771,9477,14453,-8626,9308,-11129,-7270,-4605,-14889,6136,6369,13409,7947,-13847,14701,534,-12263,-7656,1761,826,10011,-13310,-10104,10516,10562,-2554,-14848,-3189,468,-8678,-3501,-6769,-12877,4612,10338,2686,14526,10471,15614,10891,-11412,-14474,-7820,-2764,-5683,-2001,13005,4023,5619,-14940,-11876,8911,6860,5154,7716,-15905,-9350,8965,4478,15418,-6600,-7930,-14853,-10005,10172,-4900,-13087,14249,13221,-5914,-11671,-12407,462,-1755,-10132,-8946,3237,-4755,-10374,-2979,-883,909,995,-1488,-12682,-5527,-4782,6505
12431,-9382,-11800,11499,-8394,13432,5640,12837,-6686,-12605,-10856,-15343,11878,-904,8811,2795,11895,-1776,-911,13510,11173,15860,12418,-6770,3703,6963,-120,5516,3596,5826,-2417,1104,3408,-4152,11247,10335,-12905,-7956,2974,6458,416,5730,16257,9119,992,-14239,5955,-2980,9511,4750,-12,15810,-4322,-1439,16174,10655,-5121,12015,12604,12745,104,6577,-1140,7474,1281,-171,-1518,-1717,7082,5699,-13413,2744,12413,-14040,-13524,-2222,-6093,-15972,-15122,14908,2704,14758,13912,14419,8447,9360,-6446,-9288,-3960,-13777,13860,14123,-15194
13311,-3369,-15401,12364,8019,-13174,-5411,8071,-12608,-2160,739,698,-13376,-4277,-5011,-13682,2799,14221,-5976,15549,3833,-14959,12094,2951,-13748,4307,-880,13060,-15347,157,15624,-10591,-11457,9774,-2332,-4075,-7403,-11229,3883,4755,-11465,15218,14200,-6176,-1131,13136,9984,-13251,11855,-15692,4044,1508,8175,-3046,15058,4627,-4811,11858,-7393,1922,-11144,-11567,3977,-9575,-10556,-15286,5607,-7996,-14833,-2620,3725,11825,-5237,-8257,-9461,-2364,13259,12973,15725,2284,13938,14242,11250,597,-1952,-13593,-3499,942,1890,-3040,15955,6350,-5338
982,6517,6365,10394,1973,-15755,-6235,-6522,-12573,-10046,-5372,13652,-1319,3440,4921,-15337,15133,12565,9442,-13674,1621,6296,5168,10083,6224,4994,13768,12789,-15378,4868,12842,8900,-11519,-8382,-8470,9667,4661,13825,-14007,13176,87,11447,6525,9806,10945,11906,-14466,2824,9920,1146,-9669,8952,4003,587,-9643,-12622,-517,-10569,-1260,-15639,11994,-7344,-9607,2118,-4895,3538,6424,-10468,-14343,9296,-13897,-9902,-5381,-3922,9504,-11163,9109,1683,-7335,15633,2578,5195,7291,15892,2587,-5383,-14012,-5687,-11354,4148,-15617,-15208,14020
-3733,-5817,9189,43,-8707,-8584,-2758,12172,-10260,10246,335,16245,-5899,1556,1755,3043,12607,5561,-2371,-5398,2896,9515,1367,3387,-9124,-2027,-5720,-7042,-2713,15071,-12920,-8165,-6490,6451,15371,-7923,969,-13472,-8321,-11044,13582,-3267,-5826,-7703,-9962,5779,1331,15238,7910,-8814,5502,-6642,6984,-10016,-15118,-12270,9792,1732,9396,7757,8990,-5646,-4609,16349,11327,-13771,14328,-10356,-3155,-10816,2215,-7053,13863,9010,-3556,2129,-15157,-8085,-2841,10900,-14543,-16304,12129,-7448,-13544,3468,15962,-13740,15487,366,11033,-3930,-4
-4814,-12460,-8984,-5729,1895,-8995,8009,-10803,-8205,-15986,13168,-1293,-16327,-9963,14124,-3020,-11910,7780,3618,12152,14950,-4819,7269,4129,13818,5283,7771,-7299,-6873,-10888,-1778,-3114,12890,-760,3847,3519,-11702,-2590,-16245,13804,-9625,7617,15848,5498,-11717,-4535,-5369,-8893,-14420,-15913,-3856,1093,4028,-6496,4348,-6741,5324,10811,-14416,-5065,-8033,9848,-7488,-4601,1033,-6619,-12319,12056,5428,711,10623,5703,-3220,4597,-13578,9381,16067,-6475,-6819,4317,4676,-2548,-7881,-9247,-10244,-14117,-535,4288,-3129,-11812,584,7672,-5650
875,-12764,-6441,2125,-11110,6582,-2084,-9574,695,3154,-13874,-8609,1509,-11156,-1278,5112,-13975,-8999,-1724,-9040,-4772,2437,-6030,3153,1574,-2027,-859,11369,-2382,2965,8986,-14414,-12231,14264,-3570,-8800,2570,5408,11669,1523,-3713,13987,-6518,-9849,3489,9983,10559,-12605,15454,513,-1519,-7007,-13384,1183,-11847,3134,8218,1347,-12840,705,5854,5371,-6925,-7454,14464,9992,-14634,-3613,12352,1195,-3106,-10123,10565,-10879,-11327,3800,-689,3747,13213,-8467,4666,-674,9181,-11701,14571,7333,-138,-5859,-5919,-2666,3645,6425,9873
