40,
94,
8026,4641,1335,8078,1854,14442,5235,-7485,-4462,9196,8315,13731,-11003,-466,-13652,14149,-5504,-15202,13773,-3752,-15078,-230,-10302,-11305,14261,-14556,2274,8337,-4390,-2040,13753,-12952,10404,1353,-8374,-5995,-10570,10635,9613,9929,-14206,11381,8714,15265,10286,-15974,-15018,427,-11304,580,-242,15870,12229,70,-15163,-12413,-8076,-13307,-10136,3918,11197,-12734,9330,1403,8505,-6020,2600,11193,-11560,-11775,1373,6943,-5865,-14771,-9982,191,-11156,-986,-5046,14823,-10839,7750,-3288,12817,-12372,-4742,-7316,15512,1113,-12702,-10158,-7646,-3628,1383
10507,-1515,-16326,-325,9135,10940,58,9635,-10111,-14983,-13545,6828,-11327,1690,-10288,-205,-12126,4351,-14870,-3397,-13720,12848,-6832,-7579,7795,-11851,11798,1189,-8584,-690,-1290,4345,13392,-9422,-1190,4611,-8726,7225,-15674,-14352,7337,41,-13428,4901,8619,-15754,5696,6617,-3700,486,7651,-5378,-14111,8170,12372,10318,-8341,-10751,15007,-1756,6280,-3128,12103,14507,14839,-6980,-9743,14104,-3209,-2780,-7603,1710,1282,11868,-4470,2748,2881,13078,13458,-14870,134,15139,-6207,914,12296,-11502,9882,9522,-2952,-11300,-11402,-7673,1066,11893
-9215,11345,-4775,-9351,-9707,-8560,2995,781,14506,-2968,10785,16106,-13112,-10611,8687,5833,13163,13562,860,437,-3649,5838,-4914,8147,9293,2473,-2269,-1263,-7528,-5927,-3312,3913,-16313,15260,-5618,-724,8151,-9792,16149,-10433,11900,5512,-1027,3998,15304,6547,-3102,-7511,8306,-2062,4255,-1564,-11127,13806,5277,6994,-3614,4489,11501,-14508,12954,-8374,-5988,11813,15777,3596,9815,-114,15548,13330,2218,8302,3093,11366,6973,7824,-14028,-15258,-5216,8694,-4128,-15834,9638,-2392,-1982,697,4564,-8219,464,-6299,2689,-4236,-5274,-14641
7755,13249,14073,-207,-11239,9035,-597,-9093,-10233,-2662,-15265,1938,-4464,5255,2172,-5609,-1869,7084,-511,-15975,-6052,-8918,13562,-7155,-6561,14559,2237,6882,-10510,-3142,5201,-15676,4423,13528,15087,2524,-14153,-14459,-10284,1787,12160,-13350,-14842,-1026,-13092,-3337,12307,737,-1210,3420,-1224,-5065,1925,5765,14331,5293,14710,13799,15093,1396,-12986,532,15625,4935,-1702,-11650,-12850,-12123,-16056,11801,15707,-6326,7991,10833,9457,10565,-5052,-9207,16100,11290,-9272,1041,-7095,-11003,10190,7915,11277,-11066,2632,-12700,-10374,-8960,3841,1468
-2185,7350,-5641,-12788,-10083,-1034,-15173,9658,9563,-8318,13714,-15591,-836,5723,8230,6951,-8749,14004,15181,15082,-14225,12426,-1440,-3093,-14784,-200,9028,8059,2624,-7327,16019,-5809,13902,14599,-5249,-10419,-9247,-2923,14643,16161,-7946,9111,1587,-1526,3485,747,-7533,1991,2071,-6501,-14536,10378,-7926,11080,-7418,2603,-11301,9565,-11145,-13540,6592,-5372,9254,-1470,-9237,-5186,1346,3041,-15688,2601,-982,4313,-8257,-11550,13797,7985,7599,-15331,-16148,16355,6119,-633,-994,-6236,6744,-5728,-10267,-6987,4327,6829,-13201,-3841,14312,-8502
-1050,8852,-5802,437,-9761,3490,-8101,-7164,10134,13180,-10834,-3284,13754,11425,-16043,11455,8982,15533,-12323,3391,2436,7295,5381,-14296,80,-12210,9809,3231,-2446,12430,463,8724,10643,-7850,-14970,-9037,11658,4985,12629,2585,-13694,-4932,-1117,2470,15418,-11766,-2318,-4013,6153,-9358,-2698,-3708,-9662,-741,14128,-181,-703,7118,16098,-9629,-2733,-6736,-7376,-7368,13043,-11827,-10085,9371,5857,-19,2721,12371,-8535,4574,-12666,5553,5284,2096,-14395,-10935,175,10115,-7135,12004,-16191,14322,-5130,14659,-15772,4262,-9475,5145,-4755,1713
-14807,5345,4121,13625,-2000,-2627,2725,14820,4722,-13131,-5042,-9877,-6434,16306,7846,-7049,7296,-1887,776,-12529,-16277,315,10004,-6331,9583,-4842,14888,-4788,-2379,-13685,13173,10271,-3577,4076,-14810,-15817,10072,-10361,10487,12741,-15900,8540,4967,9333,-8028,-2851,11411,14004,11891,-14176,-11850,-1478,-14225,-15711,-10413,-2146,4114,1139,-5726,-3703,15541,-6255,15134,1403,7054,-13911,-4442,9802,8198,-7551,-4474,6400,11860,1862,-5222,4849,1888,11826,11799,13391,10027,-10480,-15273,6480,15951,3123,11367,2087,13818,8170,11556,-3501,5404,-9639
-8998,14328,-14984,14283,-15483,6049,-15311,-15614,13169,14960,-5223,-2004,-5184,-13432,10319,14346,1009,10722,-928,-2866,-2949,4072,-15367,-8844,15052,-5556,2633,13777,9907,6490,14749,-13165,12272,11328,7063,-14183,1977,-11782,-10476,10220,-10178,12867,10321,11218,-7414,-2506,12386,-14695,-14553,13104,-10538,-7511,15079,-4913,-10931,-3203,1414,4373,-12801,1003,3532,12333,-11769,11260,6229,-6754,-8551,-8435,-15181,13725,10056,9831,9145,2430,-1939,2661,11861,-15209,182,7817,3765,-722,13564,-2768,8441,1789,7100,-13339,-2488,-5826,14308,11255,10195,-1283
-14967,-55,14569,6139,-9517,-15742,-9840,-12488,-7074,5625,-12957,398,-4070,12253,15015,5298,1630,-11002,-1492,9125,7003,-4058,6638,14310,-10101,-538,-4335,16211,15537,-11848,-6599,4216,10090,-2676,14395,7851,-8957,-15895,3779,-766,-11991,-11034,3045,9706,1983,-9061,7525,5271,9084,-4662,-10215,-13730,8939,15643,517,4634,-8916,-8267,-11949,-4613,-8925,1828,6724,14619,4553,-1118,9737,346,843,1750,5481,-620,-5472,149,1596,-15826,14690,8657,-1465,9855,8504,-8108,-1077,14662,-4614,10388,1876,4180,-5714,1265,16093,4863,1705,13733
10660,3744,10503,2198,6991,7782,10685,8749,12666,14306,16043,9023,-2983,-3390,891,-14436,-15544,6922,-2519,-5395,-7364,14578,3651,13729,14121,12866,1714,-6467,-3162,5454,5791,2041,-10108,692,-6169,-14991,-8292,-9267,-11848,-12201,-5989,-4415,5402,-10755,9671,2754,12912,-14266,-14910,13589,-15335,15922,3376,8014,-1558,-11715,55,-1778,-7999,4085,-8399,-13501,-9064,-15194,-7322,8694,-7411,-9779,-6869,-8301,-455,4087,-2584,-13044,11170,-6422,-4196,-5841,-11415,-144,-4120,-9432,1514,14720,-14638,-12181,-8394,11305,6478,13147,-8134,-5116,-12412,11263
-4636,-3669,-2424,10455,10605,-2647,7573,49,248,-950,-15395,-8389,-9060,-13638,-3163,6425,2276,2281,-13797,9073,-16379,-13938,-10865,3750,-2109,-915,13765,4389,-11015,-277,-15455,-6412,-7252,1422,4639,10481,-9979,-15822,-15492,-11572,13010,-15228,7235,-3892,14043,9247,11911,-6849,-9368,-9880,4932,14035,-16212,13460,15169,9447,807,13691,3930,-16297,2588,2739,-11888,11738,671,-2276,13066,-15304,14129,-14358,13628,-14476,-1421,2252,-9636,5005,1179,10819,4248,-14722,-15627,14279,-15963,3991,-4013,6826,-691,11156,-1745,15970,-5985,-1474,-13244,-4218
9878,12949,-14345,4450,-1497,-453,10543,3267,13551,1440,13825,-6433,3526,9655,-11020,13564,-5869,-9743,9012,7186,12173,8834,-1353,-12960,9546,152,-11347,-7849,-1135,13063,-8871,-13932,-614,-12674,11694,-15474,-2253,4881,3492,1236,-15601,-5392,4005,-4534,13108,5170,-10518,-9338,9652,8575,-8698,-10371,3867,11538,-4238,-6588,14556,-6535,-9204,-8875,-8004,-15676,-15971,-4979,-3080,937,-15671,-3225,16214,-2641,2100,-11290,-8019,-7543,540,-2184,-6798,-84,-13810,-15517,31,-4924,-1708,-16164,2726,1691,5780,4098,-8665,5952,-10838,-176,14387,-4709
7409,-3719,15640,16292,-1847,11076,-11401,2585,-10630,10860,5987,-14140,14441,-14866,-941,8988,-8456,16071,-12551,11607,8131,340,4499,10574,6561,6142,5179,8859,-12402,-10878,9138,-9833,-15464,-2090,-9961,15261,8380,-9667,14879,6597,-15501,4288,6535,-11762,144,15216,5273,-16265,15952,-5889,11466,-14329,15620,4665,-11899,-4221,-6620,10761,59,4987,-10540,-2926,3766,-13003,10163,14638,-15618,5418,-7494,-8124,1048,13618,12407,13334,-3669,-12206,11020,-7175,-14924,-1445,-10513,-10523,12840,15925,-12379,-14065,-15599,1776,-13723,-353,-7388,8857,-11129,-11672
4747,11006,-2739,-7291,6348,-7579,-14961,168,-1723,6426,-16261,11945,-12141,-10158,-5909,1894,8791,-10640,14804,-1630,-9261,-13525,-14188,-14872,-15708,-8607,10910,-6138,13466,12227,2905,-5202,-11968,15928,-13098,14134,6983,9455,5662,-8717,-5543,-15111,1114,-2414,15071,-12132,3211,-15312,2863,6409,-5284,-11642,13730,-3172,-2984,9826,-13559,6871,1297,1214,15557,5041,4235,-4552,6687,-15735,-2076,-8935,-4714,-11283,13258,-36,6546,2254,-9942,-13088,-5752,-11802,13266,2012,-14033,5512,-3612,11556,-9143,15241,4730,-3895,2975,-11154,-16339,5983,11239,7331
-4545,-7827,1635,9462,-5363,-1074,-1672,1361,-783,12397,6092,7875,-7096,2667,-14406,-14497,6887,-1528,-958,5007,-1669,-5114,-13023,8572,15620,13239,6823,8792,12753,-6466,8039,-1710,15846,4855,-7607,-5091,14362,9180,11081,16211,-9563,-12508,13034,-7615,1583,-6618,2403,9655,-10185,-5488,-5654,-15528,16316,12103,-13245,10879,13995,-3302,11718,-7550,944,2052,9175,16368,2664,-3940,-2550,1865,5765,-8821,5600,-4245,-16128,-14150,-2710,-15022,1599,-9975,15097,11746,5287,-11355,-3752,3513,-5009,10964,12878,4190,-2297,-15168,-963,-9198,-529,6287
10044,7048,-1174,16128,1630,-3874,-7071,-5990,15625,2490,-8676,-1712,13259,-13449,15996,11733,15752,2515,-3499,4721,128,7879,-7232,14860,-7773,4531,-2859,8788,4838,6433,2641,13834,4977,8735,-7656,-3934,-5439,-5816,-3550,-949,-8050,-4762,-16242,-4426,-5755,-1042,12459,2498,-1680,-1745,-12578,4591,-10323,7376,767,1832,15312,-13032,9137,11974,6828,3209,-12668,12966,9281,-4032,-8537,1149,-1688,3328,-7031,-10182,9459,11590,6081,-14237,14525,-16025,7639,-11124,-1943,12487,13378,12836,14333,6933,-12751,15597,-12075,11708,-2628,-3333,13048,-302
-5750,11509,-11022,-14327,1965,16384,3433,-9497,-10629,6872,7267,-5173,-9835,5012,11542,-13957,8572,14870,-2652,-13964,-11994,3623,-7046,-8719,-12247,-3271,1338,-6840,-13416,-15513,7402,2288,5933,-2015,3817,-10689,12706,-8624,11842,16207,-12165,11251,-12462,461,3965,-15342,-6906,-8913,13996,9077,6104,-9463,521,3126,7908,-9631,-682,-9033,12840,16283,-11679,-11056,5751,12962,-3110,-6401,-16179,-12912,9691,5348,-6280,-4705,9266,-14079,8005,-9611,10262,13226,15064,8486,9790,11235,10163,15647,-228,-9284,3306,-11194,13678,16027,1063,-7898,-987,10639
-9165,-6596,-14705,8978,-15737,-638,-10600,-5140,-13776,-1292,9431,2894,-2675,-6233,-9426,1972,5819,6071,-12168,-15138,13222,8768,-2650,-15897,-6001,-6381,-10935,-2059,-8320,7062,-579,-11927,-15678,4321,7030,-15523,-3617,-6840,-14423,-731,-1187,-1614,135,2811,12199,-7469,-6856,6482,11427,-8306,14020,-13806,-10621,-3886,-15815,9864,3801,7817,-1321,10504,8166,-1110,13688,-11272,7466,11398,3859,-240,-5786,9109,-12898,10707,9571,-522,6882,-15829,-6213,-3134,3862,-14992,6531,-8025,13855,-1290,920,-4814,11763,4909,-14188,-8102,-436,-1237,7792,10977
-9355,9960,14363,-13531,-13352,-14502,-10713,2802,-3859,-12378,-8907,13323,1810,10768,-13035,4540,-14000,791,-10125,16137,15734,-762,-10772,-15312,-4906,-11374,1387,7042,-5445,6276,-5458,4255,11124,16138,-175,-4053,-4178,-3426,-10833,5991,-8293,10693,-16065,-1892,12157,-2076,4068,7098,4526,8625,-13208,9092,7841,-13343,6494,-9354,2758,14432,-3879,13900,4042,-9360,-1203,-3084,-10455,8617,-8891,-10703,8649,3143,-8881,12617,-3072,4037,6510,-563,5031,561,-10051,11917,-5239,-9672,-7327,-7102,369,-7036,-1763,15655,16014,14489,14540,7179,-7519,11097
-10383,9923,15961,7410,9328,2217,-11432,12882,8943,-14949,10899,-3884,16325,-3942,2824,6238,13613,-9054,-833,-11463,6616,7835,15572,-11586,11694,-11838,-8439,11980,12763,2583,-9559,-6980,12691,8087,-15033,2187,14579,10182,13873,6137,9641,-14146,8363,1173,16156,16305,-5867,-9096,-15817,-5336,820,10088,3988,15431,-10320,-11566,6664,-9907,13081,11543,14441,-14011,12673,-9607,13855,6673,13368,5044,-3138,3450,15359,-15233,13599,-6719,12678,15007,3679,-12815,-2067,-12311,10264,13663,-9521,-15569,13126,-681,-9579,-9165,1273,-11249,8772,-8507,13450,7215
11802,-4438,16106,13259,15272,-10147,4930,-15631,15630,16328,-8750,-5249,8646,12803,13344,-4816,-10677,10822,-13431,-1675,-6951,-13254,-8527,10306,-2609,-6351,7849,-12593,15166,14045,-10712,8493,-1021,510,3012,-13857,6472,11231,-1048,2766,9093,-9756,-13791,9025,-9685,13020,-8122,-7902,-405,7305,-15141,-11626,15137,-12943,11194,6496,-14463,14242,15546,9777,12149,-4208,15605,-15630,761,10150,-1244,-7065,9370,-4388,-2187,-3447,-5043,5100,-16347,4391,-5073,-13417,4852,8822,15165,3565,3876,-2081,10286,13660,-3708,157,1086,-15188,-4147,-16220,9458,-11749
-9152,15033,14636,-15222,4927,-9455,11336,-5780,6471,-2073,10280,9919,11248,-4291,-4837,-6917,-2674,7110,-12339,6721,-7545,-472,-7343,15057,-13040,15665,7289,9310,-6907,-17,-5325,16016,11043,-14626,-5165,-12580,7052,-1842,1800,4154,7278,-15482,350,2726,5048,197,-887,-14916,13238,-11308,-1923,11787,-12639,6552,6233,-14079,14722,-14751,-4556,-264,3306,-13726,11476,4291,13229,4907,-15436,-9435,8269,2209,-15591,-6309,-7745,12019,7941,-4717,8536,-10182,8537,15576,-7064,-9231,4752,10710,6119,14453,-10484,9593,9825,-4655,-1284,6106,11437,-5915
-3056,12861,3436,9078,-9890,2352,4509,-14223,13607,-1618,-677,-14746,14830,671,-640,-12785,9664,-12484,-12557,12304,-9736,3720,-662,1527,-3408,-2870,-3634,-9840,-11929,339,12086,-12214,10278,10846,-8421,-10884,10180,-1918,5400,6700,15043,14504,6838,-5564,-4660,14516,9701,10369,-1828,-3553,8245,14039,12708,-3115,1113,12025,14883,-15814,12224,-11198,2435,-2724,12368,10833,-2696,319,7236,6769,-9258,10048,12018,-309,9352,14328,-2801,4538,-14473,11768,-11785,5887,8401,-2460,-6017,-15569,3538,14386,13196,2790,-15215,-4340,-16230,12548,-2808,-8970
4423,15843,-4848,-2416,-6461,-4961,7561,-8969,15823,-13066,649,-5179,12192,733,15008,-12429,-14198,-14095,14882,-2015,14537,-5839,-2142,-4795,16356,-7549,1529,6870,-15396,7944,4075,-12559,10150,-6303,2294,7057,-15284,-14198,-9637,-5112,-4252,-9823,12515,-3827,-12812,14635,18,2251,3608,14550,10289,6978,-12275,-12263,3623,-5813,1182,-5865,-12079,2580,8161,14249,635,15435,-14515,-3031,-2321,10008,-2320,-7794,-1692,-4381,-2115,1023,-15803,12021,11376,12711,9365,1151,11390,-4952,-5319,-11270,726,8176,8438,-4809,-2328,-13575,-2873,5761,-12093,10461
14788,-7860,1731,-8858,12352,9422,4493,13380,-10327,-3277,-4701,-15153,15583,12518,11504,705,10690,-1094,-16219,-2818,14139,-4090,-6066,9119,-3042,11289,-8048,-3807,10776,-9896,-1941,8573,-4707,9900,-12373,12656,-2363,-15965,12441,-10642,4988,3294,14864,-8754,-14181,12230,-7796,8228,5399,1878,-3573,9324,9599,4663,10823,-7570,8030,4834,1451,4424,-12231,4099,8496,-14454,715,13199,-10164,12651,13264,-5423,10272,6917,-15756,5315,723,-12781,9003,11098,-5625,-9063,7623,-14352,-9332,13678,15398,12132,8491,-3241,14636,-12668,13050,9702,-1314,-9238
8190,-14806,15898,-7399,-5925,-2187,-7901,1138,9542,-8247,-1079,-15594,13945,8780,-3583,-5007,-10561,-4721,2242,-6674,-6938,-181,4587,10343,-12889,-5775,-7418,1527,3839,1271,-15077,-10034,3451,-13829,-6467,-10967,-14720,-5979,4202,-4748,-14406,-2793,-2060,74,15385,-469,4966,-9012,-13306,-1537,6127,-15685,-7394,12186,2866,-15585,3724,-4917,-6871,10531,3714,-5994,10192,7512,-6304,10511,3372,14290,-341,-3334,-3896,9474,-627,11043,-8773,-2316,-6673,-420,9518,11811,-5700,-1588,3585,-16167,-8155,-6753,4198,400,-9840,-8143,9742,-11894,1806,5069
15805,13232,-7069,-6508,-12557,-1427,-3059,-15755,-4738,11462,16198,-12527,-9077,-2922,-3816,-15973,28,6669,8641,-14343,-2829,-13081,14214,10361,5836,3889,14317,7637,-13219,14114,-3855,-13368,-1706,-10234,-4183,12567,-14287,-12785,10416,13741,-6317,-13227,10132,10513,-1257,5138,8925,12016,-9808,4847,-4676,13446,5630,7797,-6724,-2957,9867,-9302,-6651,8056,-12017,5725,8735,-2466,-1911,-7389,-528,1147,8750,-5135,-9213,3440,5891,4568,-2728,14971,-8303,-3103,631,11055,-2097,8222,-711,3426,-1243,5787,-7338,144,11469,12906,3601,-12832,2980,11672
7893,8623,-12390,-7416,-3086,4089,-2468,-3169,3392,-10502,3900,-5422,-7607,5359,6834,-2287,-1471,5287,-11858,-14901,3223,1909,-664,11704,-8774,-11810,13073,7660,-15689,-4912,5765,14179,4503,10937,-14913,-6624,8910,-8586,1013,12902,12881,-8445,612,-7191,15900,-6096,294,12030,-6395,-7848,-10618,-7644,5941,2933,5927,-10832,-2820,2829,-10279,12927,10755,179,-15880,-2820,10871,-13769,13822,4512,1745,-4702,6097,-4902,-11934,14953,12430,14132,3238,10908,11594,-16248,979,-6987,-1223,6702,9029,-4610,7297,-13503,-8707,-2549,4310,-15719,6001,-4635
11103,-16298,6083,-14050,10227,9183,-7491,-12607,14549,-5210,15192,3491,6152,8422,-13558,-6534,8983,-181,602,-12681,-7643,-7318,5540,2547,6061,-15805,10212,12133,-12009,13297,3082,-15780,-2708,-4403,15737,8139,14136,12678,14993,-12628,-15092,-6755,8407,-5486,-8670,464,-6390,4033,3920,3308,11642,2236,-12799,2450,15888,-929,11976,-14741,2224,11320,-5473,14129,15035,3785,9207,6672,-7001,-7697,-1589,-5945,14119,-9773,-3396,-1153,8843,15556,15065,-1194,-15915,-8703,4027,-684,-10826,3160,-12698,1131,-3796,-6631,-14123,-8581,15152,13836,3244,-9614
-12739,-6501,8505,-5723,4490,-5855,-5021,-15743,5201,-13256,-13480,-6033,6566,10952,3437,-14227,-6181,8324,86,2792,-6594,-12464,-3537,15371,-10289,10826,-12499,-7167,-5909,2558,-5911,-2049,-3376,9327,-13019,12640,4842,8013,14435,-12313,3341,5962,-2683,-7035,15809,14647,-14241,5736,-13901,109,14999,538,16100,-10092,7583,9680,-6612,-15629,-11389,5200,3156,-16282,-13918,-4230,1249,-14914,6598,-4708,-7630,3074,15506,-629,4678,-440,-5034,-106,14291,-11425,-10442,-5823,2460,-15849,-7401,14702,9793,-10943,4618,5181,1754,-12846,3035,13028,-9261,-7411
-10127,-10216,-11237,-858,-7934,14759,-3162,5179,1202,9758,-14420,11858,-4308,2085,10653,-5500,-9406,4258,15842,7846,2261,10074,-2398,-1941,4388,5231,-5791,14819,-12291,-15927,-8367,10076,-14488,-1174,11358,-13814,12399,11482,-3953,1800,3053,-15389,-9375,841,-2836,5317,1425,-12888,10661,-7622,9191,2845,835,6430,-10186,6137,10683,13138,-14862,-3040,-9023,-7024,3420,-447,-15189,9781,11288,8351,-5675,1348,1969,13370,3171,-49,12034,4352,-2010,-319,5432,-4535,-2051,-9960,11049,-379,11718,4792,-5465,-12047,-14782,-7024,9694,1912,13785,5700
16218,2993,-7427,15284,1528,-10823,15568,-15728,-2148,-1983,-4012,3457,-5392,6480,6596,-282,4311,-3839,-10775,9014,10033,-1806,15399,-2848,-8325,-12871,3952,-15103,9004,-8876,8146,-4163,9428,10469,-13467,15510,1004,15333,2874,-5907,4242,15549,6582,16287,-9747,11824,10238,5078,8008,4898,-2955,-722,7720,9860,-6759,-6629,-10325,-2552,-10103,-13348,5989,-7103,13789,1586,1909,2530,13017,9350,6871,-1659,-2212,12053,-8113,14879,4506,-1054,-2455,12002,14975,-12741,-4504,-9895,-15704,31,-8377,944,-4217,-13904,7085,15123,10457,884,-1403,-976
-932,-8727,12949,11002,-1365,-8752,-14255,15341,3493,8624,-130,2267,12251,11567,12951,15274,3035,-14248,-4516,-13991,-13080,-1175,3472,-15454,115,-1916,7251,-12385,12358,2707,-301,11460,14994,2294,6461,14586,8950,13993,3101,11541,7451,-11019,5258,-14653,3811,-12522,7282,-6768,-12441,15392,9573,-878,11479,6041,12780,-12251,-4505,3381,-4600,15166,-13683,-15658,-11162,-3192,13911,-4624,1667,-14154,6436,-12514,9297,10769,921,-4042,-14719,1083,695,14669,16114,-11120,-710,12313,311,13508,-2607,14899,-9053,-13635,4262,-13518,2267,15407,1868,-4118
-12627,10691,2521,-6775,-10413,734,9664,15811,15278,-4487,12646,3937,3690,-15026,-6014,9955,-2939,2156,13630,-5095,-13542,2302,7571,1524,-11956,8323,-13682,-1543,3428,5004,4976,-7559,-3028,-7779,-4135,1782,-765,4341,3970,-6703,-13263,6913,8632,2551,-1806,-14692,1181,15862,-15238,-754,2095,-16182,-674,6286,-789,-2379,14410,-11404,14053,-5676,-14006,-3516,10399,-9393,7340,9200,-14036,10095,-15910,4191,-15951,5898,-299,12199,-11180,14384,-13474,-10443,-12957,2897,-5142,-16272,15152,-16018,851,5279,5570,-9789,-8825,15971,14239,819,-12074,678
10676,-15840,-16362,13348,7965,-1737,-13278,2776,15512,-586,5718,-6398,6866,10038,14340,-11466,15565,5344,-11480,-13844,6567,-4707,8317,-16119,9141,7273,6812,-15544,7267,-5195,4080,-11152,-294,-9294,-2813,481,12094,-11039,-6571,-13294,7619,11386,-11431,-13767,12122,654,11430,3586,6799,7311,-7808,5398,12578,-2203,-10126,-313,-369,-10704,-15312,8431,410,-7016,13033,10764,-8975,9654,4317,-6866,10720,8297,3661,15872,14736,816,1617,-1743,-3701,14090,-10563,-1266,-14342,-12477,-148,-7707,-14978,6884,-8938,-13003,8028,-15527,-4434,11851,551,4450
14176,-14887,-2774,762,-12559,185,12476,91,-15404,-8798,1039,-13135,-5244,2988,15368,-4106,-3854,3303,2884,-5437,8480,1601,-3876,-2186,-11984,-6573,8444,-10391,1577,-14843,15073,-11657,-14672,3834,4983,-12584,6695,-7994,-13793,672,-15044,12228,13567,8576,13593,-1703,10900,7261,-35,-8801,-14344,-9118,5331,7723,-7985,6314,671,-4722,-6838,-14110,-5694,915,-552,-5024,-1803,-1979,-12941,10156,-5157,-13674,12480,-12005,7951,424,2869,3386,11018,6595,-12458,-640,8302,-3925,-14674,-14354,11816,10843,9120,12150,-7386,-14114,-7330,-237,1938,-2920
-3725,1793,14548,-10847,4310,4782,-13133,-16372,-11653,-9408,4875,12458,-15275,-4789,15581,10728,7848,-2047,-5078,-555,3205,-16029,12265,-11580,4688,7302,-237,8887,1926,-7598,-11839,9996,-13530,-4835,-11000,-6075,-1996,546,-5934,-465,4787,4270,-12770,-1992,-2705,8846,3106,1474,-7324,292,-12514,3682,10117,778,-6192,-2905,-8796,3670,9379,2130,13222,15133,-10255,-11831,-15953,2886,7644,-13614,5517,11545,1966,5164,14283,-10100,9644,14551,1587,-9208,-12163,11605,-390,-1552,-9737,15927,-6354,-11984,5342,-7655,-12538,-4897,-708,-8464,14130,-1156
-13546,-4804,-3621,10741,2227,-4310,-1474,15442,10350,3702,14439,-8530,13018,-1484,12243,11842,11829,-3798,-3483,2818,2589,-5544,11111,-15337,3292,13609,-8322,5399,-9212,2145,5073,-6469,-8055,10358,-15966,14936,-10105,-368,3987,-14962,11553,10704,-5756,8381,7612,-6143,3602,2608,10600,-13939,8915,-15903,1956,3106,-1438,5403,3620,-11605,-15061,891,-5501,9902,-16362,9625,14612,10266,14861,-5335,13270,-1922,-8595,3285,13218,7854,1026,-4450,-15646,-1520,-2210,5230,14104,1458,-7492,958,850,-4257,6567,936,-8427,-13002,-4092,-7700,13264,-8440
-11801,-7901,1366,-12357,-8248,2720,-8111,-8613,7593,14352,-7222,13886,-1974,12708,571,-12236,-10411,-12041,-626,15514,-5553,13006,14552,-9226,13302,16032,15553,4121,-12758,3223,-8627,419,-5776,291,-1207,-3319,16377,-9108,10350,6150,-294,1102,2742,943,-14216,5911,-10620,-12774,-6879,8068,-7154,12865,-14310,-2391,13637,10822,9222,-5392,6644,-15826,10958,4138,12669,787,14113,15023,12251,-12842,-8588,-10944,10978,-13745,-12520,-1794,-15813,-1599,15932,12946,-4563,13960,2118,4934,13934,-15544,-3097,13089,3718,-12850,-4360,-14751,-2613,12802,-6186,-4723
2034,-8298,-7645,-14746,6528,352,9194,-11586,2841,-10119,-8666,-5055,6519,5564,-11992,630,-9280,-7254,9257,-7381,-4613,-6149,-5872,-4024,-4090,-6176,-652,-16119,1384,-8847,5548,6349,4715,6616,6982,-9258,-265,-1008,-13456,1517,-6517,4185,12465,1649,16124,-7549,-6746,15900,4798,-13020,-8992,-6429,5898,-5137,5734,-10629,-2571,13,14883,6619,-11034,9011,12822,15163,-7860,-15511,897,-9071,-1097,-5247,9061,2134,5894,-13317,13992,15053,-10059,8343,-1644,-16078,2411,-13143,-15515,3000,-11780,-15608,15782,16284,-5763,-776,15698,-15178,-7218,-8023
