40,
95,
-632,15277,11672,11177,11189,-11900,-4217,-2465,15048,7763,13377,3591,-12069,12954,-8773,-8197,12183,14612,-15544,-1895,-11338,4922,9984,-13689,-14296,6279,9514,-14850,1581,-16129,9166,7328,15173,-1415,3009,-2003,-13888,9210,-4465,-9388,-15674,9049,-2040,8928,-4824,11763,-75,8574,10450,-13762,5366,-493,2291,-11220,-4666,-12564,-12855,8348,-13864,-6597,3673,-10201,-16217,3986,3500,1416,-3074,-4544,-1098,15398,-12557,11703,8086,7178,14589,-9587,14310,-13343,-1595,-8204,-7173,-9897,11057,444,7932,-1197,-13236,-5815,8468,-5512,13754,6549,-751,10428,8390
8835,13104,-11381,8996,979,-6278,-2368,-1165,11812,860,2712,-7852,5012,-15226,13985,-10796,13377,4576,-4,14968,-6979,11219,-5607,-667,-5140,7241,-7615,-9950,9195,-302,-3903,2654,-6554,4488,-12383,5897,11811,-8508,4552,8308,4007,2652,2184,5824,5210,3973,-13007,15846,3454,10107,-8901,9545,10011,12553,-15170,-8223,9874,3446,2597,-128,2140,7880,9410,15294,478,-7211,10153,13291,1998,14524,11192,12549,4446,8933,14140,13188,5680,6123,15067,-15168,4246,-15897,-5271,9612,-4108,-9369,-15256,-13359,-2676,11924,15676,6637,1473,9984,-11535
7146,-7697,1119,-8976,-4342,-13485,12636,-1479,458,-12869,4932,12644,-2859,8254,9371,853,5604,6579,9137,10475,12125,-13605,-6442,12163,15295,-3238,-7366,-14825,-10862,-15338,-6660,-9935,7035,-4246,2882,-9917,14659,13784,-12476,-8054,-14283,-1794,-13485,10299,12535,-2022,12690,-13912,7529,7936,14306,-15168,3420,-9827,9136,-15643,9784,7458,-1420,9509,7383,-7099,-5416,-11698,-10662,-2839,12930,-15596,10545,7556,11824,-16325,14702,-12978,8917,4836,8439,12648,2457,-464,-3212,1634,-907,12090,-13853,11409,-11015,-6575,7319,-11508,8151,11324,-1904,-60,4448
11666,11111,-13014,-14098,-10213,6518,-970,1678,6410,10205,-4279,6633,2553,12656,11139,-5053,8004,4785,-6078,2711,10015,9218,-5121,640,-7767,121,-11165,8007,-13350,15402,-11899,14552,-7180,-1771,15208,1443,2476,-10289,15314,13052,3893,-8574,-919,12662,5610,11490,9583,-6760,9457,13594,10064,13693,4895,10670,-12287,-12167,5760,5072,1116,13143,-11420,11896,12352,-186,14506,26,1075,6018,11146,-8727,-12662,13890,4826,6535,-14227,13110,2451,-9878,15710,13540,-15291,-8372,-6322,11114,5027,-1052,-972,13818,11411,15209,-9109,-10879,-8105,16177,-3506
-10574,828,10057,3829,-3997,-13054,8359,-73,4334,-13682,3803,13252,408,2942,-3254,-7579,-14786,-5065,848,14881,12576,-2829,-7833,11620,-7238,14846,6560,14309,37,-14319,7591,12205,-1244,-6423,12894,12799,15594,-3983,-10421,-4546,677,-8729,14641,3695,-8919,11289,-1238,-4266,14031,4989,-13934,-9083,4133,-14592,11091,5960,-8306,10333,-4767,-12945,8009,-15692,-600,-3386,7769,-8089,1470,-6870,-4090,3993,-9290,-7526,14329,541,11107,-12882,15979,-11043,-11280,11201,-3608,13341,14506,-3046,15505,-14972,-12161,8117,-2606,-2507,-9643,-13531,-6085,-6154,-16204
12965,12278,1630,-7064,-9267,-13166,-6996,-15824,10515,-6331,-11158,-13766,2528,5542,3688,3648,-11358,1051,-4771,13669,-11634,-13536,2923,395,-16046,-9406,15940,-14554,2762,13668,-453,12898,367,4496,-5632,-5785,-16191,3877,10136,-11712,-9870,-15713,-16279,977,-9995,10148,-16172,4047,9730,6463,-6000,14006,12920,-15143,-13206,2616,11855,16215,-14711,15694,-14385,13351,13551,6961,-3135,-1185,339,-11725,-684,3157,2058,7769,15542,15893,10758,-12136,5176,13751,-12528,5449,11956,5432,-6181,6610,6510,-3734,-14508,7456,-1747,-4430,12482,-5949,11593,-5379,-8026
4492,-2930,4738,-2860,-12273,-12885,3579,14369,-2857,4217,-8931,49,-11056,5896,-9358,-5829,-1901,-15737,10417,-4065,-9117,-12752,-1380,-1263,1330,-8529,7863,-15761,-10347,-11170,-12830,-2339,3563,6217,-16250,-7706,13543,6069,12228,12373,-1530,2361,-2239,9868,-1095,204,-12578,14336,-8968,-1293,11550,-12693,8503,5130,3326,-13404,-8705,864,-4021,-13567,-2631,8477,-7939,-9889,14958,-8321,-13437,-3151,-13388,-9857,-621,12087,5112,-4093,8879,-10247,-3616,-841,7494,-13560,-6869,12335,15057,15052,590,-15893,8441,10204,16308,851,2278,1518,11907,2146,-13830
12881,-14551,7716,-13978,15867,5204,-6236,9236,-9345,12858,-13998,-1122,13006,-11941,1753,-6509,9241,-10137,13113,-11427,-3887,2684,4715,-1014,-14115,6301,-7388,-14889,-3385,10742,-15100,713,15161,-9404,9724,1890,5574,-5203,-768,-3439,-10438,1243,13858,12552,-12240,-4798,-11649,-101,-8445,-117,-15291,-8293,1889,-14601,-15527,-2765,-10727,244,-1698,-8280,-984,5761,14174,-5363,-4706,-679,13218,4591,-9276,-7611,4506,-3611,-12293,-8624,5696,14896,1915,-9495,-2674,3116,-6853,-3388,-6243,-10415,-14194,-16303,-8589,11100,7011,-9844,-12409,-6030,-1376,-5649,14317
9672,-12714,-10808,6175,5426,-5669,2648,708,-1340,7258,15264,-2437,-6839,6752,-2578,-15086,7651,2037,10710,-6580,-1544,-12593,-4734,-8790,14318,13288,5350,-1651,-9940,-11440,-2210,11890,10986,11768,14963,15126,5802,-14034,-11854,-10587,-7122,-7581,-13144,3411,6813,2871,13899,-5334,-1445,-14944,-13102,-9921,8318,2022,-12963,-1166,-5736,-6023,9824,-14995,-12443,-10127,16155,-9502,-2940,-11546,-11888,13256,-9038,3737,-12860,-15892,-10828,2161,9667,-231,11095,13141,-11441,15322,-9736,-5798,-1482,-8026,3158,8402,7173,-11837,-14026,-2483,7930,-1715,5735,1710,-13135
14394,15990,7605,14634,-8762,-12798,14769,-11815,-1242,-9592,-1348,10960,1295,-8457,2472,-14330,-4233,13356,-1243,12731,-10229,1340,4487,6484,10017,-15415,2249,772,-6887,3798,-3348,15869,2753,-6147,-10610,-1394,-15175,8878,14390,-8286,616,-11679,8731,4171,-2590,13480,-8998,14717,11424,6565,7112,15009,4317,-515,-13192,10085,-11825,15679,-5398,-5687,-5572,-11599,-11620,-6452,-10970,10516,14528,9354,-8560,12636,-6804,5176,15898,3772,-12935,3312,-14463,12307,5025,387,10294,-10632,-11531,-12503,-10885,-9906,-11835,-11641,-6264,2081,3973,-13755,-6952,153,13959
-11589,-13522,2502,4415,964,8188,-12263,-1062,5025,4890,3857,3441,-14928,364,-13398,-6516,-16277,2937,528,11796,2384,10870,-4125,-6849,-1265,967,-7619,-4745,-3788,2724,-697,1822,14170,-5113,609,694,-2556,16159,-2688,-5737,-42,5827,-14205,-11803,2424,-3054,2947,11729,-14532,6428,-7579,13849,-4885,-2134,12778,-7399,-1689,-14979,3014,-14452,251,9739,99,10900,11938,-12573,3782,-8251,-2542,-8166,-15967,2830,10447,-3803,2737,-8743,5414,-15122,11027,12767,3914,6995,-15052,-15419,10238,-4434,8866,5172,11794,-7678,15361,-8505,-14753,-14070,3071
-1959,542,-1630,-3540,2089,11998,-14027,816,16313,-4872,-12922,-5425,14318,-11911,-16348,-11774,-8018,9040,-15960,-3778,897,-6798,-2705,-15550,-7304,14250,-8688,-6974,-8153,5282,1402,-7432,-6716,8304,-3110,13945,2585,-13259,6575,-532,-4480,3581,14209,-6192,-13441,-12023,-5801,3414,-4724,-10345,-10459,6849,13940,-13428,9461,-15366,6693,-6299,-2146,-4677,-11262,5361,14522,4844,14755,-10541,6638,-13898,14209,-11593,-10910,3152,-14140,3005,435,615,4837,-13589,-11062,-6440,13722,2058,6054,415,-16128,-6766,-14815,6450,-3954,-8907,12796,268,2323,-213,12040
1623,14469,-598,-3377,-14560,-11568,9294,-11800,5668,-9631,-9814,-2400,-6634,-3833,-4332,-1183,354,12475,-15772,8520,-7724,7464,9230,3916,4799,9566,-147,14854,-13769,-13490,15486,-6525,5879,9053,-389,15170,-12310,-8812,2882,-9110,13001,10178,-287,12212,-12167,-175,-795,1969,-4552,-5921,-308,-12341,924,15924,13209,-11658,10831,10130,-12081,11501,-14014,-8615,1321,5813,15407,6451,-9251,-6784,10532,-10060,1043,15192,-10072,-10476,10288,13611,-4179,13061,-232,-13797,11249,-13164,-3742,10315,-11651,-6412,4772,-13526,-1182,-16146,2808,2473,11639,8379,8090
13625,-3538,6457,14172,16036,-1967,-6812,-6607,-6317,15796,-13290,-920,-8113,-10171,994,13802,-2684,2025,15455,-15958,-11340,15793,-890,8617,-12488,-13342,12717,-12763,-13011,1459,374,-10230,-9568,1493,-7540,5364,-8443,13785,-1324,-15690,8677,548,-12182,10108,9583,4602,2304,-16100,-6514,-10802,4461,-11883,-8968,-4720,-8371,7023,-7326,10510,12086,-630,-8388,8775,-16029,7576,15668,-3285,-6384,11267,-13025,-4135,-11543,13261,-11943,3897,-8436,-9998,-5907,4312,-15863,7757,5478,-10461,11654,6641,5371,12177,8366,-348,9766,-2618,-7417,13644,478,-3963,-5199
-3925,16022,11207,-6463,2028,-2597,-15608,-15959,10020,768,-4257,6942,15347,6338,-12834,10275,3352,7571,-2572,14762,7031,3449,-15432,14765,-11076,-1086,-10206,4040,-9817,-9283,7011,-9118,4467,-10150,-4746,-12307,-15422,-15548,5141,14339,7823,7978,-6090,12277,-2299,11877,10894,5272,-8949,-12307,-16277,7917,15727,7056,1911,-10765,2015,13023,-15919,-1123,-16269,15255,-1627,14095,12095,9194,6888,-14254,-15815,-1536,-58,2319,1443,-8149,2472,-8557,-14773,16159,-1309,3395,-3653,11128,8386,-1391,3667,15125,15618,10954,7495,-4389,-9398,-13816,8089,-8240,7126
-4014,4546,-12118,2495,11951,-12479,12719,-14288,10666,13714,-15650,-13459,-12130,9928,4682,4182,-11826,-1810,11558,-7062,11335,-5965,3135,-11990,-9514,3670,1172,-4725,1088,-11220,4438,-1803,2799,13669,-8248,13496,3338,931,5535,-4913,-11024,9358,-15924,3346,-8270,-7623,2544,-12211,-8666,-498,11874,-6849,-4897,-2350,12245,-15246,-7561,-8349,-11837,-12591,-3993,-4792,3118,252,4221,-6103,-10245,4960,-5281,4611,-4351,-4570,-3878,-7953,-11971,-6944,990,-14909,715,-13896,-14131,-3703,-11043,-9459,4214,-2225,11941,-14506,9775,14513,-6432,-1505,-12040,13163,8530
-8890,475,11090,5042,-165,1477,7943,-14327,-15815,3823,-8408,-1469,14937,-384,-10959,-5564,-7886,-5598,-15182,-1428,8687,-12977,15643,-355,-15783,13206,-421,-13919,11891,-15542,-2078,-5068,11031,15384,9393,10743,-6121,13854,-9299,-936,-14967,8412,9706,8280,-16308,11885,-4712,-5113,5951,-5840,13934,-9282,-2400,-15539,-3571,8225,-12081,10890,3859,4247,2525,-13334,-10143,2935,-555,971,-1696,-6306,8605,8952,10069,9215,1258,2175,-15476,-9204,-9573,-9507,-7736,2193,-11284,-3306,-879,-11403,-4694,8544,876,6970,-7610,-11469,8102,5655,2121,-5306,11142
-11994,4248,-12923,-11295,8975,10468,2696,-15300,11194,10831,-1905,14136,1232,-11043,14348,2187,10700,-10808,4498,-11620,-11240,-13381,-11195,-15463,14930,10907,-1031,995,10993,-3296,11938,2056,10359,923,4585,-13391,10175,-13972,-15122,-14095,10496,8118,10676,-15447,543,673,-6028,-5008,7548,800,-2864,-3403,9182,2243,743,-8862,11299,-4294,10890,12719,16289,-8857,1240,-8750,-10108,9190,14676,9190,-13837,16134,2294,16321,-10535,1015,4872,12996,-10615,-735,-3392,-7531,-3910,15992,1232,-13801,4705,-6609,-2611,11692,-3667,-5844,-16268,-6662,-5232,3728,-10132
-6768,8166,6910,-33,-9790,-13322,-13839,-12177,7175,-1320,-2803,8432,-13526,10,-7755,12571,13849,4081,-7896,-4482,3281,-14529,-6751,-4396,891,-14136,991,87,5500,-13935,9851,10491,13945,14978,899,2367,-6792,10069,3047,-5975,8834,-2971,-8763,5811,12483,13933,11369,5271,14455,1581,-13194,15291,-12604,-6668,13511,-11738,8861,-5731,15396,-14596,4187,6659,413,-14864,1112,6950,10531,2885,-10258,6378,-4193,-3149,-11643,1793,11315,-16266,-956,13185,-15224,9859,-13109,-1826,-2022,-11746,3494,2984,10693,-16011,10746,15003,1202,4254,-12208,10357,-7273
11336,7930,6804,-13197,-8200,1285,-3232,-4121,-1306,-827,-13087,7800,-12363,-12698,-1017,4052,-4999,-2769,9167,15082,12338,-2355,-2624,-12336,-13494,-12189,-11154,-14384,874,2555,-907,-10527,3472,-9239,-1528,-6811,2158,-7576,2358,8386,-1439,-7294,-10663,-12244,-7459,-9133,5335,4038,-2997,10770,-6533,4111,4880,-8424,-7681,-762,-593,-10344,4375,-8216,-3144,9496,4720,-6971,13304,12438,15614,9779,-14190,-7707,-928,-3197,-5517,4148,16266,-4520,11309,58,10102,2956,-8375,10809,-5088,5244,-10722,7203,10263,-7504,3492,-3801,8299,-16301,-10083,-5051,8539
8145,14904,423,-4562,-10998,-2738,11634,5123,13732,2902,3152,8505,-3257,144,-9106,7420,-12802,-10805,-770,-14688,-2290,6791,2956,-6137,4214,8414,11177,-13117,-4663,-5750,-14925,-11567,466,-10079,-2301,-9965,-15660,-7641,13515,-3134,6137,-14885,-2302,-3308,4383,-13358,10777,14471,8742,-12697,13629,8085,15316,13911,-12561,7189,3098,-3535,-15150,-2136,12840,16286,2966,-843,7230,8389,10278,10556,-859,2563,-13849,12509,-15665,-98,-11040,5191,2327,2928,13037,-12413,6389,-4872,-4808,-5845,-14911,-7034,-6906,-8903,9634,7680,4277,-16298,13651,-11601,16121
13815,10842,-7939,-4203,5747,-15124,-9897,15878,-6802,-4374,4171,2863,1189,-11464,-6239,-15962,16109,14176,-6528,-11383,16055,8549,-15066,16192,-9626,11482,5731,14679,-7453,-198,4451,-6542,-16176,-6244,-231,11443,-3349,238,-4724,-10879,-1616,-6740,-836,-3225,-11971,-12085,15951,6290,-5289,-6900,-8165,-2467,16338,-3468,4725,539,5985,-10227,10975,-4656,16156,14280,10818,7157,15548,-11802,11215,-3584,15885,13953,9328,-2492,10881,-2390,-11715,4588,-4059,2620,-7677,12412,-7516,-15199,9179,16351,15229,-11734,13758,7593,5241,-7598,-6911,-2124,9796,8958,10471
10956,-1690,2656,5853,1458,-15663,7710,14431,9073,7741,-364,-3232,-874,16110,15570,-1653,-5322,8979,5203,5652,-12889,2788,-14507,6459,-15474,2337,5735,11154,-8478,3816,6435,14783,1853,8018,5255,-3295,-13935,6328,8323,-2632,-15677,-4222,358,16181,2090,-2655,218,-9239,5479,-2272,7395,-2457,13237,3169,13212,2521,-7550,5736,-13660,8330,15071,-7485,-10019,-4694,9385,15424,-13167,4594,4146,14201,15693,-8487,-2284,4349,-15702,-6051,5635,1698,-12187,-8647,14819,-7106,-1804,-13990,9694,1503,-3900,16210,-4415,12882,-938,-15586,-12611,-14728,-16079
-13067,-16248,6937,-6416,-1930,755,1860,-2029,6890,-11407,-5646,-11723,1157,3960,34,2372,13533,892,822,11277,-2991,13633,2962,-5762,12133,-5628,6472,10161,6303,-9863,-6909,-87,2668,173,15756,12214,6992,-6940,-572,14271,9931,-13001,-14656,-14097,7366,-13496,-10066,-10383,8476,2877,-13445,-11032,4239,-5063,-4151,-7850,-13275,-2428,12968,-2877,-2907,-1272,14841,-6962,-7976,-15531,-11395,-1824,-1695,10814,15147,-875,-4168,-7981,10347,-10785,5848,6179,-2090,-15022,-1242,-11419,-12433,-3574,-9874,7949,-7462,10576,9202,-8474,11158,-14656,10707,-13702,-7338
7545,-11072,-2653,6925,-6434,15467,3633,-1459,14311,-6765,889,-7152,-12595,-9491,-4603,-8029,-6524,-13253,13223,1125,-6299,-2495,7502,-14933,10378,-1794,-6512,-14297,-7208,-9238,8615,-11868,9981,4492,-4979,5166,-12249,357,-6666,-12277,-14679,-7087,-14732,-15361,-5902,-15539,-7641,15835,-11022,-11881,1186,-6245,12612,-11394,-3346,-11668,1248,-4817,-4382,2589,-9190,-4203,-5759,3133,15243,4797,6236,8605,15420,-5838,13207,-11358,-364,-3364,7581,11629,8013,-11356,12217,-4720,-10614,-2741,259,13937,10465,5987,11103,-13243,2089,11201,-8111,-12990,433,352,2638
-12459,-15551,12559,15584,-9299,13410,-11941,2059,-8980,-9202,-4579,-279,-4273,184,-1065,-14926,1890,2858,-4717,3808,-6877,-10603,8525,7222,6740,-4013,14936,11715,12371,-5923,-4851,14866,-15694,12962,5350,-9498,-3165,-11822,5106,-8162,-12384,-3672,-14613,11475,14543,5739,-15201,-6578,-1795,-1653,-5493,9019,-11180,10995,6075,-13062,2767,1200,2572,-7807,-13556,-2298,4085,-6631,-14313,-11035,-5712,-2018,-2727,3759,-3529,-6572,-2006,720,3686,16123,-13292,175,-9698,-10593,9188,4411,7852,153,8,-8927,4804,-13373,-15353,6939,-2337,899,-3784,-314,-4285
-5628,-2351,-8111,-13394,-5203,-2217,-9616,-16011,-10987,9437,8639,-5754,8779,-12458,-588,-1457,8785,-11201,-9382,-6248,-3901,2879,8781,-15818,13769,7138,-10528,2533,-7747,13614,9766,220,-16307,-9814,-3421,461,2053,-15631,15885,3779,1608,9155,9887,-5991,4015,-1124,7061,15739,13359,-8869,-2082,-2437,-5663,10054,12181,14761,-941,-327,865,12908,-15503,5984,6965,8383,13535,-2666,9335,-12288,-2733,-1735,-3496,-5422,-16107,6947,-2800,-15960,-4841,-15068,9741,-3429,4578,-8928,13759,-7140,-14585,-9423,11784,-6844,-12985,-10289,15754,-3936,4827,-14239,10653
-14752,7345,5135,-7777,-13244,-10537,2583,-15583,-1169,7153,-14575,-4436,-11914,2217,-1028,-12513,-10826,2043,-11997,-12526,137,2082,-7118,-6168,10738,13339,-13869,5621,1098,3819,-11029,-1755,-7766,9654,10272,11829,-198,870,219,7655,7176,14131,-6451,-1089,11153,5270,-12570,-8924,-11007,12268,4477,3159,-3352,-14523,-10011,-5818,13252,-764,-5552,943,9141,8838,-557,-494,11912,10483,14170,-7439,3355,14304,13892,-5667,5803,5809,12275,-11838,-5354,-12004,-14224,5940,11973,-11566,9404,10173,-6629,15977,-13389,12133,3457,1809,12590,10877,-16019,-11885,-13110
-14979,-7872,-2904,10398,1893,-14203,-8712,12039,15143,-8476,8804,14832,5829,14624,9926,-7547,-3214,12979,-14137,-12729,-4505,1268,8235,-7006,7295,-13577,-4142,11437,-2065,-6059,1664,9108,8006,4115,15685,-2894,10882,886,14167,8678,-15291,-9808,10715,-9668,5614,135,585,619,12605,2739,12337,14413,-15061,-2664,10609,11325,7664,-15024,482,4384,11532,-8155,-7951,14812,2245,14013,4267,3311,-6635,-9165,-6469,-11061,9785,-14695,-9820,2009,4268,-12530,6957,-1284,-2561,966,4510,-5717,-15608,12425,13245,14394,10773,16069,-2519,-4207,1910,12548,-11211
16254,15066,14286,4430,2348,8023,-6240,1511,-9520,-3709,11979,-1725,-556,-15034,-6343,7700,12010,-6466,9287,8970,-7527,-4686,9134,-8587,14795,-210,5016,-13771,-13230,4496,-15170,2118,9816,12405,7489,-7556,5131,8072,2298,14303,-5691,-13056,5069,-11364,8793,-2777,-16066,-15602,16134,1040,4808,421,-7433,12587,16156,-16325,10657,-8950,11592,13121,12686,-15605,-223,-13966,-10471,6689,-12762,3116,-2298,253,11797,10109,-15959,7131,8201,-782,-15790,-5065,-12511,-11444,-3193,-5626,-2767,-7517,7375,12778,-11455,9297,12383,5380,8087,-16016,4767,-9145,7277
12848,11621,2172,-5322,-4238,7449,9719,-12666,12869,9066,-9641,-14558,-4858,-6025,8400,13052,9709,-12427,-5445,6405,-8721,-10219,4037,13398,-10053,14603,-533,7306,-1621,10400,-835,-11797,-5559,-8961,-8166,5980,-625,10087,-13098,-16295,-1007,5396,-15708,3406,-1390,-12033,-1341,-6919,-6756,-14673,-10004,-7614,13749,-5926,7675,6496,-11988,1224,-13861,6208,-11792,8705,-14718,-2449,-13365,-1127,-15594,6266,-7750,-14546,-1804,-14383,-7210,15025,7503,9676,13756,10511,-1618,-5169,-10957,831,-7752,-14342,-15083,10108,9945,-8511,7518,-11010,-15212,-12394,-15857,-15877,6997
-9580,-4392,3631,8800,3342,-6448,12706,-8658,4258,-16046,-14890,-14718,-2096,-4875,6217,-14943,11288,16031,12569,13780,-12074,-6987,-2478,-500,11977,1972,-298,-4014,-10285,8970,12193,-4193,-3807,-4611,-15072,11006,-6040,-12351,1377,794,-7748,-14337,12751,-4933,-13093,-79,6251,-7783,-12002,1494,3608,12269,13662,-4614,12816,6356,-10238,13362,6988,5203,15491,6077,-11834,4203,11303,3798,-490,15497,10005,15339,12028,8440,-4943,7150,6475,-3294,4897,-15105,12296,14203,-8163,-2620,-10313,8042,-15858,5148,3219,-14230,6468,13101,10404,-6673,206,-11886,9970
10103,-16322,875,14308,7131,10323,-13669,-3022,-11996,-6559,-7963,7988,3693,-7451,9470,2892,2616,-9187,13190,-5689,-1213,-10516,7256,9614,-3038,11010,4032,-9000,11754,-9347,-8741,10773,4257,13899,14617,3010,-11248,-12560,-10877,-12131,-9083,3772,11452,14620,12343,-10182,10487,13946,-3405,12340,7916,-4765,-5901,5592,-10115,-5631,-10400,15112,-1331,115,-7721,-13095,-512,-2815,-5549,13491,13131,-99,-5333,-14612,3559,8019,-4440,15918,4626,13242,-4747,-3388,5660,281,-398,-8246,4234,10793,-6887,6731,5373,-13541,6781,-15122,-10044,-1321,1107,-9678,-13529
15627,2111,-14311,-12022,-15908,-14012,-10626,-7804,6243,-7980,-14091,4908,-166,-12993,-8230,-14585,599,-4706,-5009,-11440,7525,13296,11720,8503,-7596,-2183,-1847,-13189,1655,-10336,4522,9658,6962,13987,-14480,-745,-13643,1726,1002,-6278,-2476,-601,-15813,10175,12650,7714,16001,-7540,15758,-1019,3420,774,-11261,-661,-15758,7435,2377,-868,14946,-4624,7699,15348,-6908,-15471,-16321,15324,-15116,-15313,-13737,-8043,-16179,7264,12967,-10647,-9472,12673,-8852,-15121,-1635,7055,2881,9867,-14496,12045,-9685,7085,15315,-1630,-10165,1575,-6099,8620,1601,4102,-14820
16168,-14077,-15880,-12211,13696,10253,-11338,6602,-7607,2709,5247,525,5962,-12771,11528,15738,2232,-14162,-8757,449,4007,3462,6551,-4321,-11180,-15249,-11854,-1429,-13027,5502,-12480,-12326,-13645,-2958,-11580,15532,1151,8278,12280,1831,636,-5695,-8459,9077,15472,9262,9734,-11573,-5596,11050,9800,11649,-12036,-13951,7521,15627,2640,-6744,-10116,8228,4536,5557,-7607,313,15258,-3057,-2259,1032,1771,1197,-6790,8522,-7654,-9149,8322,1912,8580,15827,-8870,10756,-8864,15427,7508,14136,15572,-229,12330,-4430,-12946,14088,-7271,13193,-14634,-8224,10732
8283,12316,-15200,14295,-6364,-10921,12013,6576,-8291,9727,-501,-15209,-8544,8870,12354,1025,13448,5648,13874,-11600,3886,-4487,3781,3994,11398,-2501,3887,10573,-10748,1456,-13866,-10496,16280,582,82,-8983,13669,-5269,7317,14998,8182,8532,1999,2844,9806,-15015,-14415,4071,-6929,-8515,5978,-10078,14829,-7784,5885,9908,-13105,9280,-15321,10306,-15297,-9469,5079,-554,-8578,-493,1527,2280,13781,7050,-14430,13542,-15562,-5950,-5024,3537,-5917,-5928,10584,3999,-8163,-1840,-1482,-14666,6174,12052,12813,-9939,2024,-6620,13038,-2430,5631,1077,11502
8309,10234,-1639,-2638,-11089,9185,-10838,-3493,-73,3324,-13545,-14998,7871,-817,-5619,-11829,13090,15713,813,-6728,-247,1384,-7579,7506,12952,-6788,4509,10137,6945,-1922,1706,-5189,10275,-7968,-7915,7726,8445,8861,-13439,-5290,10662,15753,-5952,-7984,-15520,13014,-13107,8421,5443,-13466,-4285,-8582,247,14614,10410,-1280,5879,-3483,867,6815,14088,15408,-9633,1312,14838,8664,13055,-11775,-60,-2764,-417,-9994,-15515,786,-10481,3805,-13792,-15759,-3519,-9863,-6443,4360,-7475,-5531,1694,14435,-8504,-1171,-1854,-9595,-16061,-3204,8118,13824,13698
-13661,-5165,-10537,10103,-12878,-13789,7081,-3641,12420,6709,-9274,-6978,-8173,-10402,-10594,-4110,-11887,-13355,2556,-1526,8384,-6909,3230,-11330,-15869,-13797,8183,-10833,11710,-7323,-6101,16069,-13562,-9079,-2048,14733,6346,-6047,12202,1065,-5898,-10507,16182,13211,-15315,-10196,1656,-1779,5223,-13844,-282,8888,-14114,-9340,8607,4451,-2345,4006,9520,-6476,2787,5403,-3526,15628,11590,6551,-6363,7321,-11486,13345,-15373,998,-14693,-5918,12667,-12319,2710,-15268,16284,-8604,-15152,12193,-10049,-9216,-10244,15635,-5368,-9796,8574,7578,-12456,-3429,681,4666,-8106
1704,-10175,-5029,-14296,3953,12260,-1240,-14739,-5186,-14264,16285,-15083,-12851,7513,12354,7242,13518,2221,-2058,1799,-14251,13524,-16004,-526,1390,-14809,-4943,8078,-5300,5515,-12179,831,4314,-14851,-15542,8383,-15244,-363,-8990,-2366,3636,-4679,-10737,-13920,-1178,11797,9482,1134,-15787,10137,-3506,12513,-4313,15493,14757,-15954,-14771,15137,-3562,-8820,-8857,2069,-176,-14302,3157,-3789,5751,-10716,8585,7710,11803,-15050,9965,-11153,5513,-15810,15482,-6506,-1389,8959,-9121,11511,-10385,4879,5275,-16036,-15294,8777,-11409,-203,13843,1436,13368,6051,6227
-4712,-10797,-11583,-5577,14584,-2264,-9949,-7147,-4765,-11594,5350,288,8319,-7120,-7005,-12585,-3747,2080,11559,-12395,12781,7567,-1788,-12914,5976,-259,-11074,-10991,13563,3059,-5953,14702,-11653,-6674,-12954,-11661,-11091,7148,601,-2717,9670,-13244,-15051,-3860,3774,8630,-585,-11320,-6340,576,2321,8155,-8824,118,1153,-3441,-13049,-4132,-11591,-7774,8356,-14484,-11419,-3481,2815,11365,-1088,15726,-4122,10686,-5391,-16310,2410,2729,9532,-6864,-2123,-10256,-13940,310,-16347,6944,5647,-3738,-14697,14231,-572,12809,-15149,-11373,8093,-6667,5158,14216,5371
