40,
96,
-14131,-6360,-15175,12235,4498,-4417,9515,1112,7315,-3465,-13722,-9108,-2598,3533,-343,-9641,-8802,7123,12372,-11188,11763,-5399,-15166,-1559,108,-2756,12854,13883,13961,-11003,12847,3426,5599,-8640,2676,8144,3692,14546,10069,13039,13053,-3364,15067,-6181,-12836,6297,10346,1823,-4542,9784,-305,5776,11846,13998,12659,-9136,-14568,-7839,-2233,10025,-15314,2254,2576,-5620,5395,-3469,7895,7875,-7457,-4057,-10877,-7268,2421,-11179,-8784,10200,16375,-6674,-12070,-2512,15646,-8962,-2155,14760,13463,-1192,12979,-5442,-11032,5642,16015,-6880,1157,11942,-4862,-7313
-621,11205,-10944,-13344,-15909,-1049,-10812,4615,-2160,-6339,14641,4236,-10906,-2013,2948,-12879,2914,-14499,521,2494,4332,-3455,-4415,382,-6639,10014,1048,14562,-9805,-14886,-11869,9060,-14942,-23,4078,4951,4567,14231,2393,-1058,10984,-11520,1188,-1156,-223,3603,-5558,-8405,-6777,-13788,-4071,-6080,2780,14693,2264,6553,5,5012,-15308,10967,-4036,-11790,-11333,-2198,12343,-12145,8740,-16015,15423,-16036,-3603,-10453,14144,15642,-10403,-8642,1012,-13418,9021,-9790,12442,9197,1542,15855,2834,4558,15363,-6822,14460,7253,-11708,11522,10757,431,1898,4719
6732,-12329,5529,-16109,10370,-9728,12254,-6196,-11501,-3527,-6057,1457,7743,6071,-14520,11027,-16296,14610,14535,-11170,13688,-12589,-15786,-6445,1050,5485,986,-12787,9121,-7173,-7383,-2166,-1045,-4982,6994,8911,1572,-4978,-11346,4879,1777,10983,2512,9177,-9611,12796,-8720,10784,-6391,-867,7265,553,9934,2718,-12678,10959,15700,-12646,-10053,10373,158,64,-13130,8397,-6395,-14911,-13136,12247,4000,-14787,5539,-4177,8656,-14872,-15368,4399,7355,2820,4211,-7041,-16333,-13195,3981,13247,10976,-14236,273,-15944,538,16359,-14904,12025,-12744,6303,15786,9835
12897,-1516,12674,5696,13572,-2332,-15730,-3023,13692,9981,172,-5540,15558,-8277,15769,-290,2119,-9236,-10579,-7235,-10757,6955,8277,10829,-6059,-6407,-7086,11300,13302,9625,8719,-5308,5060,-837,15708,-9924,-8307,4809,-15383,-4381,-2603,-9345,-13081,-14561,16092,-9549,-7868,5098,-11582,4204,1089,6773,-9991,15033,-15728,-5447,-9639,495,-14039,-7047,9431,-907,13003,-547,1925,-2721,-542,-2064,5724,-10289,10488,12560,-11499,-7292,13881,14757,-665,-5500,-11427,-12709,10273,2504,-4484,-2980,7053,15951,9117,-7221,-5672,14786,-12518,2809,15302,8846,-3253,9911
1026,-4535,-13471,-13716,-8408,7057,9767,10866,1001,4726,-5291,-7196,-9328,15930,6414,-8290,-1466,-13070,-5453,-10433,10307,10438,-11154,-3123,-574,15180,-7921,684,-5807,16194,-13699,12341,11981,-8895,5383,-7365,1705,10855,11134,15301,-6311,-3738,8923,11464,-7042,-3865,6474,5236,3882,433,-809,116,8563,-13362,4728,-3139,-3723,7381,16340,-15985,-7781,-3948,-13991,-13524,300,-11733,-10234,-9244,15901,-10061,4898,5127,8513,12508,6591,12931,5129,-14806,15555,5612,2821,-11950,-15905,-9037,15946,15202,3486,-9532,14755,-5011,-14683,-10046,10041,-9629,2753,-14907
-4937,15103,-449,11187,-8477,-2524,9732,10984,13477,14459,4046,-3467,8607,12027,9556,6300,-3338,-10452,-9781,-7577,6502,-15265,10238,2762,10703,9103,-5227,-14515,-6056,14449,-1945,4944,-7452,10642,-817,-8974,-8844,-6061,-1316,-5536,4969,-16130,14915,-15276,-11734,1231,8797,-12518,80,-7426,-4138,13260,4138,2838,8514,-6899,6173,-10607,12116,6175,962,4873,8486,9790,2615,-6588,-14412,-2376,9135,223,9852,1928,-12461,8697,-9170,10091,8374,-12669,-8543,6846,8473,-8097,-5018,-5192,15388,13161,3267,-13255,1129,-8702,-16320,-3921,-11213,11696,-11112,3400
14520,-2250,-12743,-11343,66,-5414,2444,5643,-915,9855,-9542,-10509,16078,8463,11877,-10842,-11356,11686,-5380,2762,14021,8036,-12526,1019,9518,-14619,-11438,-607,6185,10359,3554,14895,-13411,4704,-9832,-12391,5031,3755,15409,13288,16152,6216,1220,-15212,-14554,-9672,-6310,15143,-8456,-6825,-3242,-4263,2217,-5910,-15294,6917,-8527,11272,9559,13626,-15862,560,2068,-13151,9097,16038,730,9318,7011,-242,12979,-10510,-5933,-12026,8810,-11613,10060,-15480,2965,15839,-7341,13873,13154,-14329,6447,9790,4775,-4153,-7228,-13231,10157,-15761,-12959,-6055,414,3879
11195,-4212,10080,-4953,3281,13217,688,-13028,-8510,-2604,12172,-7374,-11831,-13352,4730,-13682,7018,16177,1192,6111,6670,-4586,11374,-7458,11957,-9864,11447,-5350,-13975,-7040,906,9974,13108,-1676,-3829,-14282,8301,14483,-1238,-10279,-6953,16275,14409,1981,2160,-10232,-9408,13449,-5899,5746,-445,13664,11533,-391,2093,13211,-9789,-1450,3918,12347,13986,13729,-12124,6155,-12148,898,12156,-12704,-6436,-10970,9008,-4272,-14071,13676,5947,3060,16009,2680,5668,-10606,-8999,-4229,15348,-5414,-12978,4827,-11599,12291,-8160,-14136,15161,-8896,-4158,-2889,-7995,8294
-8693,2963,-15976,-9040,1623,3299,-13425,-134,4321,-3132,2567,-15810,-4506,-13352,9241,-8953,-13808,-15550,340,10992,-4604,4161,6842,-5750,10386,-6842,-15642,2093,4065,-6532,-14459,-8567,-5519,-3135,-9376,-1426,3913,-12739,-13883,-1825,-8974,-3507,3814,3493,11151,1241,1586,14864,-9549,-6550,-107,-1747,-10726,12822,7176,13446,15260,-8357,9367,4572,-7326,2343,13646,-862,-14028,-7787,-15185,1584,11546,865,-13919,11032,8805,-2439,-8410,5396,-12678,-5626,5493,6820,186,4415,15887,9904,-14947,11801,11342,5418,-13209,-14286,4030,-4717,6341,3946,-14884,-6352
-3435,2770,-13623,9223,14661,8977,1729,-11571,-8868,799,16043,-15015,10609,-1766,623,13876,-10571,-14322,-6579,13295,-6988,14624,-12965,-1717,1341,10024,3235,-5748,-7015,-15949,11547,15829,-6385,-3040,-16256,-3478,389,7145,12102,-7419,16322,-14603,-1606,-1222,-7619,-6926,-14741,-2402,-15227,15354,-5196,-4239,10183,-11693,5341,-1361,-5244,-1391,2183,-11567,1817,-16321,-9731,13308,-12873,814,6437,15886,1359,-13985,-5401,-10974,-5629,-11212,-316,-10756,672,9553,14670,2387,6877,-2691,-10178,14553,-2856,-2092,-16159,-9059,9749,-1117,-13074,-5451,-11575,-10285,10567,-4832
9607,8137,1716,1115,-15304,2799,11596,-15455,-4782,-5477,-10786,10545,-13486,13109,-15311,12824,8350,9997,2441,-12083,16284,5534,2763,4519,-12568,-11673,-10212,-7,-1010,-12039,-1759,10397,-15563,6027,-1748,14053,-13285,-5033,2713,5503,-16075,-9669,15303,-11289,-13641,5775,-13256,-16106,-8605,1516,9772,1167,6711,899,15,10753,-3432,11600,9062,-788,13635,6075,-10790,12377,-1830,8520,-14853,11329,-9892,6134,-10339,248,3544,10988,15087,6262,-8803,-16177,-15996,4490,-9790,8778,10,-9378,-8211,14449,-4286,11221,-4863,10083,11238,-4990,8514,15042,-10198,-1947
-4523,-1777,14413,11256,-5814,-14396,2760,13385,6071,-15948,-2159,9577,-10422,-145,16199,15510,-9081,3828,4393,-3848,-2478,-12009,11279,-7860,4880,-3861,14900,1720,-1304,2858,-11636,16048,2286,6985,8704,4571,1181,15244,13021,6965,8470,143,2256,-7626,7638,4711,-3435,933,3801,12103,8029,-2698,-2917,-7789,-15368,9309,-11569,-3095,14547,4806,-10022,10275,-10966,6988,-1142,3157,-8055,5766,-2162,2481,6064,6327,18,2241,7970,15946,11271,-16366,-15601,-3764,-244,-10203,14825,-12077,13532,10067,1603,-7997,7549,-7498,-4793,16029,9825,3930,14790,-13576
-13779,8792,112,9997,15040,2713,12663,-11473,-2008,-13018,-2672,8759,-15703,15131,13967,-14452,8971,-5076,3119,11614,-15863,-11772,-6373,5528,10201,-2232,1636,-11589,-10934,-5938,7040,-11670,78,-6560,-5375,-12655,-1076,-3021,5734,-15293,-7362,-14352,14512,9733,-10764,-9123,-14498,-7265,14259,5173,-2581,-6967,7802,-13547,4876,-14994,5919,-6666,-5437,1948,1457,4109,1040,3875,11365,4109,11675,-8937,-6936,14060,4852,-15506,-11977,-13397,6928,12183,-9875,-8216,-10407,265,-11609,11694,-3111,7749,4126,5596,6995,10725,-6247,-16012,2034,323,13417,7303,-9064,-609
-13316,1677,4068,7860,14327,8784,12461,2291,-7355,4328,-13475,15243,1869,9563,-7830,-12997,-10305,10717,16317,-9452,-10126,-3018,-15461,-14798,-10121,-12174,14123,-14441,-8759,3605,-13585,3758,10743,-7602,-11124,11137,-6283,9165,-14796,-14204,4262,-3726,-13876,-8251,-9994,-15540,4367,-12097,5519,12055,2001,9248,5579,7613,-15298,6183,-2346,-12547,1719,-16343,1757,5596,-1548,-2126,11524,10948,3872,-9885,13118,-2686,1292,9691,-15632,-6185,16365,-10569,-10367,15871,2144,-11435,-13644,-10355,-14796,-8097,-5438,12538,-6944,4349,13991,-1955,-807,-8060,-6081,-4804,15774,-14650
-15085,15553,-4163,9254,8796,1449,-1075,11377,7620,7815,7482,8054,-10242,-14092,-4844,4555,-1458,3897,-14813,-4055,-2038,11057,-8986,-13186,11658,1006,-943,4231,41,-14284,15435,10462,-2588,12946,-883,-220,33,-7210,-11958,-13437,-140,3543,553,14775,3990,5727,8945,-16369,-469,1757,1826,7070,-7167,-8648,4029,6526,3127,13439,-13711,3905,14146,-13669,-6891,8350,-8587,-14382,-2712,-3460,1886,-2101,7297,9923,6792,15962,-3828,13374,5140,5384,10938,-7457,4178,-8485,-15338,-9648,13537,5514,1804,-3854,1370,13914,10668,16234,-15838,4863,8649,-10710
-13638,-12847,15097,5508,-3301,-5871,-13206,4669,10545,3783,1487,9198,10790,-14,-8991,-650,3964,-3343,-2018,-15736,-8884,1859,10251,-6950,3221,-8936,13121,-12948,-7422,5822,-7805,-8774,14082,11296,14177,9063,7516,141,-1555,4520,-683,16367,-9640,7302,41,-4647,4422,-1807,5190,-11246,-13650,-8461,708,711,-11294,2098,-13588,15138,3228,10660,4464,9307,-15073,-8947,-11482,-16168,7444,-13039,-4489,9934,-43,-4198,-8050,64,-15750,10967,-7037,-15842,10363,8773,15310,-13503,-6630,3775,768,-10844,-15328,-326,10031,-1668,4192,-9362,-2886,-15924,-2334,-13756
12331,11573,14134,14629,2873,-14894,12703,9372,-6325,-10839,9105,-10412,16333,6961,-2233,10458,-1211,-6639,-11273,-8589,13914,14633,6592,-2276,11079,12393,37,-1946,-15226,2047,14908,7369,-15815,4987,-11080,-3535,-6221,-10289,9907,10442,14661,15606,5671,9465,12341,-15575,11980,-13171,9759,2586,-3418,-14134,2333,6100,14867,10995,231,-435,-13279,-4628,-5049,-3249,15943,9235,-11834,2662,-2151,-10370,-1428,2445,-13776,-7307,2261,11976,9160,-8054,807,-12167,13292,9440,13329,16279,16138,-807,992,-14018,-9869,-116,3451,-2520,-1265,2687,-8901,6189,4376,9420
3279,16049,7221,-15520,5252,10603,10143,10023,-13392,-9711,-4245,12800,-2578,15833,-9355,12851,24,480,1251,12353,-14350,10662,12008,-917,-11409,-4637,13015,4555,8666,-9678,-5779,-14783,14984,-975,-4619,15111,8542,-1066,3252,-12785,6201,10903,-2538,-7729,7016,9460,-10181,-11224,-10573,-5913,2524,-16351,9172,4868,13858,-14554,3682,12278,3214,992,-13761,-7774,-12314,-13433,-5853,-6671,10315,10110,6634,-14247,10602,-13301,-7243,-2268,7460,-4115,-2051,-15472,-2214,8259,-10714,10305,10011,13380,11528,10139,2361,-10447,-14229,-13964,12040,-2179,-4335,3618,-13955,4925
-9791,-11173,-7182,-6307,-5049,-2023,12082,-5542,14586,7910,-7267,-12981,-12825,-6858,11348,9845,13064,6907,-14130,11610,-15688,12908,6903,13052,-671,16294,-1546,-4171,14652,3149,-1792,-10466,16118,-6029,11588,10678,-6646,-766,2012,16219,12711,4416,-12488,-10614,-5943,16238,5953,5084,-15787,6405,4906,2623,-1062,7939,-6123,1998,-8308,12404,1453,5213,-8490,11414,164,-8185,15998,10878,5722,11753,-7396,7597,-16253,-15744,12568,-7290,-3884,-15718,-12927,13986,10999,512,-16307,-2534,3993,-3488,-10445,8260,-15824,-10979,11125,-5733,9776,1889,-5442,7894,-10383,6641
2178,-353,15738,-9419,13483,10359,5317,-3002,4356,-5837,245,6069,-12048,-381,10235,11596,14851,-9093,-10619,-1494,11408,-6858,1608,-12229,8655,4503,-13046,-16274,-6102,-6854,6962,-9935,-1503,-12823,-11767,-14440,7137,15722,-7165,-14971,-3111,-1534,-9140,-7558,-132,7171,-2467,-13424,-15825,-5290,12976,7035,-3619,-9902,4993,-5016,1198,-836,-7265,12726,-5736,-2864,-757,11651,-11516,-2750,9475,11362,6634,8476,-381,-15282,14854,14355,-14074,7072,3462,9749,4731,2720,-5808,-1753,-14171,3806,963,-10576,13121,-13337,3249,5531,-15371,-276,1628,-2261,-2752,3429
11979,-4976,15679,-8764,16341,11296,-12422,13699,10335,-5465,-10865,6592,-11882,-13426,5926,8534,4710,13730,208,-13861,5833,-13273,2683,-2567,2788,-2892,9190,12505,13713,3665,-11696,-13204,11524,9984,13256,-4368,13670,5913,-15272,11828,10248,-738,3914,10687,5199,7329,1302,-13703,12491,16094,-13252,-8957,14430,7140,-5377,-276,1813,-16166,6430,-4126,13933,9168,9947,-5365,-2857,12744,11761,-3983,-7226,-10139,3518,1822,6351,4104,-4696,10486,10359,6835,15747,-14391,-14024,14967,6706,2929,6181,2221,-6516,13173,4004,7826,-3738,-13190,7170,5368,-1297,-14903
1250,-11990,4153,780,-8041,7819,8677,14109,7770,114,4898,2325,11174,4888,-3044,14592,8073,-12034,-14531,-15161,-16355,8475,13440,8479,-5869,14714,-11093,2399,11643,13583,12036,2512,43,-9001,-140,-257,-7917,4445,12631,3181,-15834,11347,-3623,-14412,-5187,3226,-14744,-11121,-6591,-1599,15344,-11554,-16314,9261,-3388,-4647,-16224,6880,-13122,7010,11786,2185,-12044,7911,9151,8468,6374,6430,-16169,13457,1765,3060,2844,-13454,5693,-4201,3907,-13071,14189,10306,-2525,-10240,-14193,4444,4750,-6248,316,-14120,13745,-8997,3722,-3052,3022,-12673,12993,-7646
2366,6942,-14004,2162,-6394,9347,-7913,2660,-5306,56,-15778,-5807,2547,6329,3480,-10656,3876,-3013,14323,9920,-12749,15119,-14601,-12340,-14486,-12414,-14767,12400,-10452,-13517,-7630,332,-1978,9604,-6655,3489,-15866,-1681,11000,-2134,334,1133,-1448,127,3098,-7098,7035,2153,-5760,9652,10142,14105,14156,15412,-14420,-9461,7915,10081,9883,-10070,-2397,12772,-9179,-8251,16339,12261,-8148,-14494,-14051,-3248,-7907,8040,9920,-9101,-4931,-14702,-5281,7779,-8077,-4814,-13542,1015,14336,-2286,1509,-3489,9279,-750,-2648,-6490,-8773,4028,-15890,-11782,15077,-3577
15,-11562,-16153,-13680,10309,3320,13484,-7504,-4082,5849,-1268,6166,15645,10624,-3541,11039,-6748,-8925,-3476,-8498,553,11040,8974,-7102,1107,-8335,-5075,-4955,12816,8637,-680,928,-5784,6190,-14660,-8474,16327,-5624,10081,4388,7619,-14037,-3493,3810,3595,15520,11138,15311,-3506,8919,12002,-11002,15360,-7200,-5367,4314,-13032,12835,288,9225,12261,-13625,-14149,-12467,14002,-15914,12187,-10979,-14214,15557,6047,4980,3302,16008,-14232,-2834,9285,1390,-15222,6712,15648,-4254,-1775,10584,10833,-5298,-14455,-12949,6586,-6755,-1124,3248,-3014,-5788,-726,9370
-11161,13595,-12286,8915,12163,14611,-5675,2117,13447,-9412,4255,7690,-6328,5655,5737,-15699,12290,-13079,5685,-4878,-10316,14959,8721,-10795,4729,8803,-10472,15593,-12296,-7246,2625,3892,-8489,-15297,-15305,-3896,14037,-9967,10935,13480,-15653,5737,4788,-10221,14418,-10285,12157,4055,-15238,-1251,4709,4688,3784,-10193,-12025,-7185,-9146,-4052,6034,15306,11866,-9378,15492,-5137,-8773,-735,-13262,-15126,13430,11066,16071,-2145,-12074,-10169,6492,-9807,-6205,2706,-6482,9471,12101,-13048,-16163,-15442,16315,-6967,1680,8304,-5658,-8875,-3420,11959,-10128,-5138,-15661,8755
9933,-14031,-3927,-8165,433,-10982,-7604,-11712,15822,-8676,-13948,-13782,-555,4290,10168,-4862,3690,11363,2526,4346,-3095,-15713,10589,98,-179,2077,6428,-1068,1164,-2804,-13006,-5985,-2327,11935,7838,-8244,15627,-8458,-7881,12523,2751,-9773,4873,202,16275,8922,-1932,-11611,10709,-10138,-79,11386,-14955,3903,-13199,-9552,-13297,12821,-7621,-1866,-14752,-14757,-10427,-12046,12981,-2128,12204,2064,8816,15614,16320,10050,-9078,12604,-13171,5463,-1557,8590,-11875,-8103,-5284,-16271,996,15451,-6049,10435,5044,240,-4831,1888,10922,-14489,4729,3461,4683,15854
10435,-6233,-3402,-12460,-5394,-1325,8701,14791,12696,14485,7638,-13710,-15936,-4686,12463,-1085,14843,-6106,-1997,14779,6171,4009,4100,14541,-7438,-3812,10740,15756,1151,6532,-98,-11454,-395,9163,9394,1452,14419,10224,-5160,4855,5307,-1438,-1090,14488,-1196,1979,-5637,-14203,2800,-1076,-5589,2854,-11233,10209,-1191,149,7841,7370,-4992,5846,-1243,12660,3943,-570,-12052,2902,14255,14784,11280,5871,-1796,-16307,-16382,15595,15498,-1636,13748,12384,13002,-10440,-4685,-10288,3145,-3012,-12094,-6100,4442,1154,-6447,7202,-11482,9416,2113,-14307,10516,9707
-11858,-4262,-10471,-5445,5347,4603,-6024,6272,-8388,15944,12669,-10919,4105,11218,12167,12517,-3017,7222,6465,-8602,-10116,7403,-9231,-4062,12225,1043,-11927,15404,-10960,12333,9097,-14964,-6832,12538,15689,-12196,4884,-12174,15774,8783,-14282,14448,267,-14583,5047,-12446,9552,-1375,13472,-7770,15479,3512,8605,-14207,-7696,9877,-8469,-6906,16072,12674,13470,-13513,-5330,4023,4858,-16099,10518,-8109,-11023,-3740,15151,993,6971,475,8101,-1657,-11163,627,10075,12272,5417,8832,-4440,5727,11653,-10779,-2179,-3818,-15352,11289,-6240,3070,-13410,-9084,13665,-9669
15527,-12468,-565,1194,7668,-3971,-4772,12256,108,-1403,12636,-87,8656,-14937,-12428,10222,-4551,-9694,-15683,-12927,-14632,-12548,-9511,15122,3165,-3883,2472,-9426,8780,-4976,-8895,16266,-5100,-10646,2193,12551,14351,8703,-6918,9000,3355,10817,-7435,3470,14831,-12832,-1062,-2424,-11987,-14381,-12717,10486,11192,5906,5749,11113,-2148,6497,-2901,-10346,6054,2651,-11506,14010,14277,15070,13841,140,-7546,4985,-15479,-15889,6475,-3332,-1804,7231,13511,-11487,-7116,1688,-14056,2233,1668,5433,8632,7176,7501,-3486,-6843,-1927,15201,13980,12751,-12555,5434,-11410
-11463,12695,-1712,-5487,-14029,194,13414,-6752,-5993,2389,5566,15549,-202,-2361,-10651,-10194,679,905,-7433,4624,15794,-14851,14914,5885,7917,11164,-7750,-13998,-2960,-15268,14963,14724,-2431,-7125,15559,9761,14898,89,4555,-1071,-12798,-7983,-678,-3815,-8296,-9303,146,13567,15804,-10621,-2345,-2361,-8736,4739,-11899,-10307,382,-14835,-4646,-415,3932,13135,-12497,-4536,7984,-6819,7033,-4431,8893,-1733,-11230,893,-10565,-6446,-15690,14185,5227,-13161,16227,-4027,2572,2494,-2192,-13984,8711,-2409,9106,8431,3470,-14488,-6827,-4615,-7526,11585,-14346,11862
1654,-3991,-6563,9122,16035,13709,6329,-968,4976,4718,-12402,-13455,14930,-12385,-14651,5185,12293,-9359,11278,14923,-9006,12745,-2889,-7861,-7068,13274,1545,2759,-6493,-14425,-6908,-16262,-953,-2083,-15718,370,-15414,-9306,-14211,-1610,-8601,11081,11477,-15710,4720,-9296,-3788,2023,11613,7558,15826,8465,12588,13147,-3085,9724,15322,10821,-2806,10439,1518,14742,-1551,9292,-4817,7609,12825,-14497,-788,13827,-974,4270,-5768,1716,-9885,-4023,5674,-4924,4638,-10009,2925,5345,9797,-12776,-133,-7716,9426,14975,10995,7641,1120,10543,15454,7234,5389,-2135
14273,8752,-3216,-200,8469,11862,3437,15088,-15614,8937,-5899,-5191,9646,3828,9823,2087,3652,2996,6013,-2526,-903,11593,-8384,-11195,16088,9392,-1821,-7308,10422,14622,-9684,-8758,-15042,-9380,-15671,-3363,-13240,-11530,-4861,16184,-8642,13526,3552,-6796,-227,9497,-12677,-11923,12012,1111,13554,-5366,7638,6569,9210,-11277,14352,-6972,-2091,5445,16024,-15368,-14755,-11637,-3822,-11355,-10866,-15989,-4368,9740,16233,-11863,208,6147,-11570,6808,13213,-12434,-336,8320,1486,-10025,-12154,1648,-6849,-12630,-10835,-12897,-4676,7823,15364,3357,-6293,1757,1929,11699
1502,1007,11827,-10338,1580,9608,-3008,-6799,-11391,2539,-3676,3822,4660,378,12734,7767,-10388,-9855,2431,-15899,2050,14952,-2079,5071,-9657,12028,-2743,405,9586,9829,1682,7051,3654,-6541,1127,-14474,-4935,-9314,11817,-5507,10732,7325,-14547,10742,-14962,-6911,-710,15295,-2441,-4662,15732,2308,14353,-7870,183,15858,15803,284,10151,-15301,-2852,192,14364,5363,12321,8793,-6415,-11594,8598,-15065,-8897,6904,-10323,2528,-14267,-4964,-12981,-9726,9613,2655,-12169,11730,3723,1833,-8010,4555,7303,14738,843,11952,8737,-550,-7542,-12573,3964,4589
13179,12858,-7292,-14831,-9159,-4001,12582,11965,14801,10621,10548,-2103,2530,9850,1859,-158,-15154,10573,-11148,-5063,-5487,6078,12450,14464,-12685,-9932,-9347,-9231,-1309,5510,-1843,10744,-11113,-8045,10035,-15315,14145,-4904,-16043,12278,12414,6930,14162,-8076,-9359,6186,-11761,13955,14154,9357,3490,-10932,-4349,-2041,-5831,-504,927,4629,1308,14309,6862,5838,5115,14039,16270,-1153,12841,567,-13398,-4572,-5807,2922,-16338,-6515,7251,786,865,7089,-6457,-8445,-576,7682,333,14066,5426,-9495,-6551,-3230,-6015,13102,1071,3737,15973,15148,5659,14930
-13761,-9138,-13760,8472,-3756,13408,459,-2062,9321,11460,-3671,-12391,11993,7667,13079,9764,-13414,-9416,8242,1113,-7407,-10412,-16209,3186,-12447,12777,10846,-9816,3352,-5973,-3776,-2916,2179,-15192,13716,-5367,3304,-12895,-5966,-5093,8000,3700,10568,6519,-14736,-12888,9279,-2941,10598,13804,-1873,7378,5430,-7035,-13182,11172,-4792,-7458,-11390,15615,-12,14156,-9423,-6129,3851,1377,-167,753,2128,9363,3388,12429,-7587,5358,3871,8983,14641,12333,-13821,-2956,-13372,4397,2240,-4910,4350,-5825,8399,-5827,-3967,7332,12684,15392,-12601,13258,4566,-11621
13313,5676,3561,1542,-4736,-12052,1160,-11935,3703,-6010,845,3851,-5434,-12638,-11245,7692,1751,-481,-1036,15706,13421,-14935,7405,-6986,-13149,13504,2480,-6089,-8230,-12454,3188,-2077,7528,-1749,-7193,11355,-9061,6967,2168,-5386,9624,-2637,11297,-1614,-1749,-14873,6042,-12750,561,9362,-10981,14699,-1381,14919,-9745,6878,-13631,8689,9172,50,11601,-8052,-2917,-6247,-8821,8196,14008,-16368,15842,3933,2144,9222,-5141,-713,8344,11563,-9653,-8268,2644,1286,16045,14360,1855,8078,5934,5935,-2639,6370,16,1768,10326,-2466,3731,6922,1120,-1246
-14812,9454,-14442,3020,-11049,-13794,-6162,1928,16100,12714,486,4998,6849,-13503,-905,14197,13141,3799,16229,-6031,15830,8066,2018,-4463,-5610,14605,-14150,10926,-6541,-4896,16353,9603,2466,-10986,-2390,3712,-15316,-6452,8564,10268,14113,-11619,9355,-105,1801,11280,12916,9445,-638,-12478,-13372,9235,8705,-5461,-11463,13456,15842,7365,9965,-6820,16357,15382,12008,-3148,8948,3021,4621,2099,10471,13648,-9811,-10809,-12155,-16312,-2078,2053,-16085,-7464,13381,-6544,2699,1148,-12222,-6806,984,8492,9047,-1696,-10262,5265,10010,5582,-6101,12255,11670,11815
-3514,4432,-6330,8093,-13255,11346,6551,-5964,-16332,3425,-10128,-2674,2427,-12717,3156,10940,6623,-11095,6150,-455,14022,-14302,-115,-382,-10681,4322,9277,6289,8489,-1888,6525,-9272,7070,-5169,-10534,-6566,33,13688,-15070,5021,-5471,-16079,-9506,1242,-14837,-12454,-1738,16066,10431,-11353,-2616,-6638,4507,8454,-5895,6199,12101,16033,-218,-2483,3572,-12442,11113,14831,-1874,10296,14098,-5340,-11808,9832,14496,-4156,5147,-8733,-12585,-14510,-10303,3559,-229,7033,-1580,-13862,376,15428,-6533,-5018,-6610,15081,5604,4602,-296,-5013,-9213,13653,13406,-12774
-8489,-5027,11740,11896,14709,-1372,6921,14882,-9945,-11877,-8938,5875,880,6105,-2789,5089,-1038,4993,15286,3080,-9365,11709,12253,-16057,5001,-12342,5775,-10585,15550,12020,-3690,2261,16238,5718,13221,-4177,5068,2274,2474,-7188,1457,7177,423,-10107,-14604,7149,13825,-11038,2738,-3609,-10378,-15123,-3547,-12345,2995,-1276,-16069,-1483,-1472,-9887,-14838,12398,-7535,7236,5397,-8938,10058,-10772,-12441,13626,-11322,-12106,-14938,2685,-4718,-9046,-4813,7421,-6611,-4557,-15291,-3038,13057,-11041,-9824,-2355,-10992,-6272,-9904,-6832,-15395,11819,1800,2621,-3631,-15764
6560,6575,7079,-7428,-9187,-9473,-6230,2605,-4252,-4952,-1893,-12901,-11716,14396,14074,16092,9112,8545,-13971,-10527,6582,-8347,13877,12571,13153,-4329,-15238,5553,3418,-4474,681,2270,1905,-1878,14372,8775,8715,-10588,3238,-11324,-13636,-14784,-10796,-15443,-3250,1068,14170,-8122,2632,-7512,-1444,4373,-15509,-277,-2766,1016,-12491,4411,13073,-574,12091,12636,-8035,12516,10250,7161,-9037,14421,-12998,-6935,16145,-10426,11589,-2664,-15678,-14137,-3553,-14823,3550,-10802,8634,663,-2093,357,-2195,3873,9386,-6311,-3933,9948,2943,6914,-690,-6928,13300,5941
