40,
97,
5928,12708,-7619,3239,5961,3252,-13372,7562,-16130,-15367,-6794,7717,-11449,14641,14001,3277,12020,-10545,5678,-3942,604,11017,12601,-8819,9039,-3226,-3617,-12177,4159,2469,-135,-15343,8012,1319,-15772,-2144,-3378,4459,-7386,-15509,-1715,-374,2790,-13383,10172,1243,2038,-2034,-15310,4182,-2120,12680,-16287,-7384,-15718,-484,-11787,10023,-9174,12082,-5820,-8957,13422,4681,-14700,1242,-8280,-7271,8646,8417,3639,66,-7966,344,12715,15924,6594,-12223,16098,14057,-3263,9790,1850,13819,-13451,-7400,1117,-4864,-1095,177,9127,2507,-8734,-3641,15922,15885,8626
3711,7208,-6907,3866,14783,3570,-7909,5976,3389,-2667,-3084,5593,7867,-8791,-9654,5696,15303,-14883,11295,-3970,-15363,-5204,15149,-6224,12024,1805,11576,420,13724,352,14296,6426,-13508,5231,-15027,12513,342,4809,6493,-2284,11145,299,-4227,14089,-1972,16367,12510,9678,14081,-5721,-16194,-13217,13670,9824,11588,-13549,8802,4754,920,-9519,5463,-6076,5626,-12943,-1263,-3876,-7022,-1209,-5288,-13931,7391,-9934,10899,-8183,-6772,5862,-11426,15686,14434,6845,-15628,-1209,-6086,11822,-15158,-5365,-3482,-14147,14337,7562,11803,-11498,11978,9980,12775,13411,16225
15188,-13380,-3696,2872,-12384,-11840,-10457,1765,2005,-1955,954,9408,2208,10523,1951,-13646,-10187,-13226,-1312,-10226,-14936,-2776,-4320,-5799,15090,-8221,11582,4084,12109,-9526,-14309,-13738,-11925,9411,-4315,11470,-11645,3499,7384,2483,11454,-14121,-7837,5337,4840,6717,2141,3372,11692,-3067,-3828,4299,-1464,-12877,-5337,-14088,-3778,942,-10482,12871,10832,14837,-12687,7204,-9190,2668,12429,-15067,-148,-11648,6610,-5797,-11447,-14122,16357,-13384,-8173,-12656,-13400,-4607,-14378,3316,-11609,15673,-9376,14845,2711,1785,11968,7357,12958,-6714,-5821,1461,5061,-11461,3595
14375,-3534,-2166,-14369,-2172,16205,-14320,-11177,1394,16310,13480,-3645,9846,-12788,-15668,-8745,7571,6164,9347,-2953,720,8028,9675,7761,16169,-2601,14312,-9873,-11947,1588,13785,10057,-2381,-14453,-4485,-13648,-16176,-6010,11470,-8910,-14331,16033,6668,-9377,3667,11486,7159,-6358,-3255,-317,1351,-6221,-9688,-7915,6984,-591,-6048,-12047,-12830,10302,-16365,4634,-12740,-15752,-14418,12640,5509,12265,-7538,-13985,-5586,-10001,9214,-15976,10892,-13657,1779,4955,-141,7359,10530,-3301,-8768,15828,10274,16142,-2910,8011,-7516,-15869,10118,-14245,5691,-8035,-11420,11230,-16049
5770,13468,11946,-3970,-12600,5271,3593,-7693,-2165,11151,8487,-7204,-5321,10705,-10775,-3031,7843,-10679,-13417,-3229,-11631,3103,-16326,5093,-8143,-489,2244,-2084,-7657,8722,8062,-448,5648,-7669,10422,15557,-3387,13202,13218,-13606,6228,9204,-9827,10648,-1190,-15960,-10783,-6239,-2557,-78,-5119,4718,-13559,11598,-10629,3603,-7450,-11393,6682,1131,-9260,-313,4286,-5862,8458,-5247,-10737,14982,5355,11973,-13197,3319,-2378,5204,-10281,-10884,10081,-14336,-7604,-15025,13409,-13721,6245,-5734,-10248,14930,13590,12450,-10339,-11454,-7347,-14639,11063,-1424,6087,-7655,-14514
15841,-6717,9866,-249,3380,5075,-3944,-13436,14868,-14157,9330,6487,4185,14661,9072,-497,-8780,11377,7006,-1887,1388,-4541,-11653,-9018,2825,-3268,-10419,-11139,9616,-5400,3731,15338,-13821,-3073,-12757,-13823,-2493,-3005,9416,12121,-10026,2065,-11174,11364,-15295,-14761,-4897,856,-13237,-13066,-3411,11000,-12170,-10700,-10253,1928,-7984,-7089,-5457,-3913,-5284,13822,2990,-16121,3098,-14543,13423,10878,9620,-127,15938,-12086,-12073,5338,15622,-13770,-8667,-13466,739,-5687,-5668,10465,9614,-6248,-4013,6921,-6500,-9463,86,-4070,-685,12347,-4156,4934,-14512,15188,-4011
16016,12205,-1770,-7966,4449,-7148,-9675,11640,3257,4981,13930,-6256,3835,-8161,-7996,12058,6733,12953,-14467,11399,13842,16243,899,-12769,5551,-985,-11635,-5578,-4571,7929,-7233,-8360,-2069,11980,11595,-2484,-2424,-11940,-12041,-3680,8290,-5310,8185,-7058,-14044,8051,8096,3026,-8603,8239,13357,14167,11884,8390,-4303,-13518,7747,5559,-5520,10170,-7045,1512,10692,-7389,-3676,-15067,-1071,12175,-15278,-13110,-8056,-8065,7624,1189,-11728,-13476,-8172,-23,-8261,-9478,9528,-12550,-2675,-8029,-14640,-14545,8215,7088,8437,2772,10285,5074,8676,-4922,11273,-14584,-14490
-14898,8377,5124,2357,-13886,13938,15650,-8348,-2528,1404,2770,15650,-1718,-14114,-9593,-14208,3572,-9850,-6103,13002,13644,-9030,12407,9346,11268,6853,-4322,-9250,-16048,11963,-11339,-1951,-569,-11627,5840,7493,-3504,-10738,6996,-1797,1967,-7421,6447,10467,4666,5246,-9880,1186,-2480,-12363,14734,-6582,-8766,-6656,-13505,-3965,6869,2317,10373,10286,-14393,6851,-6271,10348,15144,14355,13771,7092,-16191,1625,4734,-2731,-5461,-7910,-12988,-3802,-3112,-8892,1097,6824,-7132,-11155,6705,-2381,-14182,-16254,-278,-2504,11576,4359,10260,2821,15326,12118,-2457,-13869,6161
-11223,5064,6706,11664,7673,7518,-1115,-2578,-11367,-15354,11119,-8069,-2486,-4552,-7778,12908,-15413,15857,6083,-9808,-1733,-253,-5093,-13587,948,-1345,-3734,-10843,1116,9908,14216,5161,-1174,-10866,16106,-13762,-4617,15065,-5742,14043,-14326,1491,9392,-310,-10942,-13467,11605,7742,-12410,-10460,-3087,8418,5676,-6335,-15402,2245,5184,-10526,-4043,-4934,4673,-10005,1882,754,13572,917,7710,5990,-863,-57,14323,-2186,12112,3676,-822,11337,-13450,-3931,-8507,6277,-16290,11341,-6674,-13429,-7436,-7561,-3906,8778,-1089,2438,-635,4101,-1259,3353,9543,9613,8475
-3973,-5873,5844,6828,1123,-6010,1888,2677,-3899,-1822,13802,-8462,12580,-2355,-10916,-4086,3687,347,-7797,12831,891,-9739,-11789,4021,3287,15313,418,1351,-13181,1044,4628,11988,-8366,-9797,-2112,-13835,-14139,-7243,-8484,-363,-13381,15555,4110,-2217,-14216,3869,12191,15748,580,11582,14046,-5787,14497,12093,12823,-3712,-10214,-10179,-1979,-4735,-3693,11661,-6735,15031,3282,-3951,14498,1082,-15364,13757,-8819,-15377,-14380,-2210,937,7366,-9824,1666,14423,6922,8163,-11557,8131,3748,374,-6350,-8415,-13156,-10233,13082,12317,5199,15665,-10632,-15309,-6431,2956
-4459,-2887,-2032,-8272,934,-8959,-10338,1155,-1223,-11648,10813,-310,-15299,-7799,-12460,-7520,-3083,-14280,-12525,11316,-2383,12267,-5581,6041,1867,9785,-14306,7967,10308,-3195,-5717,12235,10731,-7877,-15659,2187,-13167,15674,-1521,-4912,-15055,-3802,-12320,-13065,-15953,15007,-8684,13534,-10670,3999,-2016,-3125,-6084,12979,-12482,-5915,1654,2751,-6665,12671,-1878,11019,13474,-8966,-5688,5479,-7764,15581,12866,-4259,13733,-12741,-11026,-14400,-9116,2276,-1942,-10560,15717,12028,960,9387,15656,-8218,-10569,-7639,12738,-2358,12949,-14313,10320,-4327,15701,4958,-5191,10901,4124
-8407,-12624,-15078,3788,15995,-9057,3501,13766,-16286,9910,-11812,15550,8300,-2236,452,-7361,12639,13123,16068,7273,-4095,11634,2720,-2949,2185,-14928,7554,8291,6434,-7874,7180,-15175,8382,1477,13319,-346,8904,-6573,4686,-111,-11399,961,-7992,-6640,3715,11619,2072,-10107,-610,-9532,-7146,12001,1986,-12556,-9182,14575,15023,12289,2480,-14172,-14869,6048,-443,-13746,13672,1746,9363,8012,8805,-5124,-14985,-755,-14870,-8017,-10979,-11436,9571,-3232,8199,1163,8338,5012,12325,13829,-11932,-12125,-15631,16193,11642,1385,1163,7232,7376,-9267,-11798,13404,-2757
-7842,-13525,-13508,-15864,4638,-15200,-7719,-9457,7219,13148,8586,-13713,2156,16310,4959,4953,1534,-13659,-8779,5154,1067,-4217,-12312,-2152,490,2549,-697,15557,2301,1395,15894,-3167,-16379,479,6447,7314,13482,495,14081,-6748,-9930,13019,-15617,-14188,13832,5663,13612,-14321,-13663,-7089,-3141,-6607,-9490,16094,-15985,-2345,-1492,12564,4439,-14958,-9803,-5067,-2148,-4853,14535,-4603,-9638,13149,5642,12254,-2624,-5280,-9211,11562,-1333,3893,15392,15189,8393,-5242,8071,12917,5748,-896,9271,-9430,7965,8522,-7734,2478,-7474,10992,-11903,-5747,6309,-14449,-5672
-11446,-8101,-4826,13361,-16373,-9045,-12913,14801,6795,1349,-6042,-2145,15695,-12335,6016,7658,-13799,-2911,-7815,5869,-5097,-12019,-3252,-14896,16069,-4154,-2503,-6306,3683,-10865,-841,13410,-11901,-13673,-13095,8801,-919,4887,6834,-2998,-2040,11685,-3801,3807,15946,-16074,4265,10146,-1328,13806,607,9992,-13644,16189,8450,-1070,-4785,-11319,-3493,10745,-7866,9370,-7182,-1291,10828,10209,6205,5235,-12126,9599,10994,-12987,13028,-1938,-14015,16047,-15550,-7865,-2770,747,2447,-4791,14559,5620,6339,3718,16363,11750,-13328,-11355,-11847,12452,-10606,-1295,-11118,3902,1988
-15399,11080,243,-16129,-4820,-14834,510,-14596,-14254,-14361,-3148,1180,2479,12027,15364,-4409,-13741,-6119,7064,3261,-15606,13948,-670,6715,-8809,15124,1662,14499,14874,-16324,3881,15608,7208,-1074,-1804,-10021,3480,-14764,13405,4365,-9942,-16297,-7845,-169,-4683,399,-15844,14807,-13870,-11881,-849,10490,5501,5924,14923,-11774,-5467,13736,258,5252,13027,11195,-7334,-5405,11601,1139,-1237,6321,-5432,-14340,15952,15907,-11889,-8368,-13454,7500,-10254,4592,5600,385,9537,8738,12674,3974,4520,1281,-10344,12313,3503,13107,14047,11652,393,-15369,-13097,1929,-2852
-9068,-8508,363,-708,-13888,13336,-2879,4467,-5691,-3188,10950,2595,-8209,6562,13183,-11155,5573,10471,10659,730,11695,14344,-9885,-12316,-3317,11522,-10173,-10947,1441,-804,6827,-14391,-9792,7368,-1335,6309,14626,-14705,5847,-9620,-14720,15588,-5875,-15537,-11799,-9589,7792,6144,538,-10575,-11953,3973,-15544,1596,4796,13895,-15423,-2979,-5044,-9975,-13815,-3357,-2236,-14,-16117,-1978,3797,12673,-2124,9859,-16380,14511,-9712,15611,-8976,-9681,12004,-1650,7702,13055,-15274,-5809,15042,-18,-8196,-2516,10991,-1133,-15953,12058,-14721,1746,10868,7858,-1895,-13690,1783
7816,-15781,14117,-10240,-15736,-6413,13872,-14086,-3869,10179,13076,-10640,15284,-6738,-1844,-6411,10125,-7181,14647,-15221,-2033,-8071,5778,5320,5338,14959,-14596,16245,-706,-5923,-5998,7100,14879,10230,-12184,-15576,-15732,-7989,11217,-6413,-13082,1898,15630,-8398,11908,11662,5113,12222,10172,1018,-5404,907,-8020,13878,4163,5763,-5982,-9470,-8868,1226,-12073,12460,14250,-15194,-6389,-6561,-10944,8871,-79,10492,4404,-5421,6602,481,-15682,14443,-2494,-13269,4754,1472,-15868,-9235,-2872,-12410,12034,3519,14446,8945,-14652,12062,10487,-6519,880,9015,-12920,-7717,-8847
-165,6210,1158,-7529,-5805,13159,2395,8443,8582,-7798,9579,4195,-12212,-1423,-11989,-9902,-1914,267,-14326,-10098,7390,-1913,-9002,12135,-6308,11046,13225,-1458,2245,5948,9587,7688,-1584,12477,13222,-15475,7707,-5382,11379,-386,-4272,-9823,6858,919,5708,8031,-2564,13762,12829,-12555,1475,16305,-11874,-13721,7151,13647,15901,13366,4870,-8395,-5044,13128,1661,-3651,-4360,-15232,5091,-4093,12569,12600,9654,16092,7940,3634,13636,-8161,-9083,5698,15117,-14636,-7980,-5349,4635,-5742,-15472,8231,-11318,-9103,-10626,12528,13010,15001,-9456,-5369,-713,2924,9887
-428,5805,1479,11038,6609,-12044,4164,-15985,-4434,10358,15299,-15963,2911,-5231,-13996,7327,-12318,-16366,15339,678,-15512,-15952,-5832,14826,-497,58,-10960,12964,-4569,10893,2321,-327,3879,11716,5120,-9908,-5705,-10383,10762,-12594,1820,2313,7095,-11545,7505,5260,-5143,-7262,-2187,-337,4469,4489,325,-15235,12523,4838,13741,-7339,13705,7274,-13105,-3794,-12961,-6568,2975,-9683,13000,-13057,-15201,-7376,15338,-8186,1786,-7510,1273,-3747,-3948,-1584,12631,6378,4434,-1093,-1201,-16259,5503,-16069,-13148,2960,-8330,9981,-219,-12110,14533,-10423,-12796,-8675,15164
15927,-6946,5787,-605,-11123,-15619,-9447,14630,-13081,9647,-12183,-5003,-14423,-4836,-14092,-8783,-4911,-12669,-9452,-7342,-3863,12437,-11330,13509,-11489,4829,11157,3127,-5345,2427,-7662,-9630,10315,6430,-16264,-4154,7717,-4867,16243,-6767,-6086,12148,15036,-9849,-2597,-11473,9723,-2281,-5258,-10609,16083,-1026,-15425,-3136,12031,10037,-7169,-13901,-4698,5784,15121,15420,-14141,15484,-11002,-6065,-1320,-7509,4728,-1221,12925,-3728,-5712,420,-2609,-12055,14566,-10273,-9570,2850,11924,-5053,-625,13946,-9246,11154,-5926,5916,-637,-2056,5115,10699,11416,-1275,-2210,8415,-4368
4961,9460,-2202,2849,-292,1417,-9129,-12237,11484,7194,-4953,15065,-9953,-5205,1135,-2372,10293,3887,9423,-390,-10952,14690,9312,-3185,3825,-11404,14421,6190,-13127,-10496,7866,8615,-13373,13600,10620,-6937,-10177,-3069,-15250,-443,11726,1167,10691,7564,15855,-11112,12362,5330,10319,-13152,-8594,-8200,-4720,-10454,-4443,-8192,5386,7646,-13295,-11546,-15448,8697,-11289,-10674,6553,-9679,-14773,12684,-12353,-11420,5874,11257,11762,-16286,16220,-155,12710,-3895,4485,9359,8556,5676,-6251,-10670,-3046,-13256,13973,-9987,9177,-6218,-16256,-11058,-7914,13255,15582,-11200,-2458
2180,-9390,-9040,-2692,-741,-15376,6798,10587,-2749,-14658,-12495,-9815,12601,-4602,-14866,-13544,-4925,-15782,4250,-7501,-12943,7880,7526,1193,-15037,5922,11049,-7058,14940,13292,9520,-9514,-7967,-16101,8660,-7096,11279,-4510,9684,-13143,11231,1905,167,-13632,-792,15054,930,-15817,-3857,6843,-12552,-7174,11183,-7674,-6154,5885,5313,-1014,-4645,11687,8411,-11128,-4598,-12624,-9545,-7199,5300,5993,16202,873,12992,14777,3306,-12964,-14955,9869,14065,-13123,-9386,-12362,6423,9664,9859,11228,-16124,-11216,1960,-4884,-13472,-10239,5077,-8078,-13984,10538,-12875,-1855,9990
-1920,-7660,-6673,1796,1311,9884,15744,4129,11623,2170,16384,8961,-8385,7771,16253,-1506,2277,-11388,-9038,7460,330,-3871,14250,-9333,-9615,-3519,-8558,2217,-11373,12575,-14715,3802,-6438,-6417,7352,-11113,-1122,9842,-4788,4936,14244,-15315,12818,352,16295,13160,-7352,-3973,-2318,-1646,-10611,7155,-11982,-2401,11643,11151,12749,-2025,-64,3011,8606,301,3961,13294,16279,16299,14732,-6724,4779,-8392,9302,-13032,-14049,-3924,4405,6034,-4491,4877,-1174,-12435,-12721,1017,11571,-15202,10247,12205,-9100,1249,-13441,-3737,-6262,-9432,-5191,12902,8262,7227,-14929
-11237,7085,15833,-14836,9768,-1331,6642,8832,7,5622,10077,4030,-11464,-5606,13474,-5349,9780,-7809,13199,12810,7242,11427,-3170,-59,-13183,-677,-10604,1669,-14495,3192,-4382,-2500,15849,-11806,12158,-4504,14388,-13336,-6591,9986,13918,-12890,3426,-752,-1969,152,-4564,2179,15785,5023,-1459,8660,11744,8646,13962,2935,-1812,7583,-952,-16233,-11875,-2121,-10008,15937,4175,6613,-13090,-15072,10346,7779,-9994,15617,-10442,5328,15389,-283,11158,-9801,-4481,6980,-4664,-11628,14266,-11082,-5377,-13049,-1726,11115,-13597,-2143,12514,8839,4103,5180,15330,14793,11335
15740,-1635,2861,-1811,1725,16192,-10411,-9396,8750,-15731,-916,-7868,4334,-6702,5900,-9356,3051,13621,10252,5965,6874,8379,-14339,7542,11114,9748,-9499,13761,-12148,4124,-8272,-7163,-1734,15364,-265,-1041,-3799,2766,-14662,15279,-14006,2479,9052,16351,2888,-7193,5916,2296,10975,464,-3012,-12869,6466,-595,14175,-666,7669,13171,16313,-6167,15445,-7105,-9423,-10003,-781,3684,5484,-16111,8143,-13673,16191,8143,11891,-13184,10513,-6500,-4367,-2571,8675,8995,-15488,987,695,-570,11883,-6697,-12054,2686,10086,191,-10435,-9089,-4831,-9244,9107,-8821,4656
-10490,4084,9078,-6518,-14653,-4012,-6732,-961,-8064,16063,-10426,3344,-5004,1797,-16116,-3535,-6853,-13865,16084,6709,-9537,-1284,8360,-14215,-13426,14464,13648,-7992,-6580,-3499,5447,12694,11767,7138,-9255,-11919,10538,-7250,11676,8626,-3582,-14800,-3766,836,-12568,11390,-3151,-12204,8920,3999,-4135,258,8112,-14089,11908,-14426,10512,-12295,-7523,632,2130,13067,4736,1868,2389,8339,1825,-4411,7508,-14660,-8766,-6283,-1654,11920,-5086,1866,1142,11317,3368,11474,-8222,14227,-9960,-1035,-10984,-9056,-11969,-7358,-5323,-9422,10567,16076,15064,1173,7723,-8327,-513
-14608,-2165,4763,-2760,5334,-7205,5255,-5382,3939,2523,-7889,8516,-12068,723,13431,12440,-15302,-686,-124,10554,-5919,-4592,-15548,3648,-7991,-4582,14453,-13891,-6119,2724,-10128,4852,10274,11839,3333,14876,-87,9168,-4707,8013,15797,2945,12000,-12643,-2878,15027,9482,7165,-12147,12075,1666,13221,-10039,-8947,-1502,5508,-4828,-15948,-1072,-3901,-10063,6996,-3451,-11754,3906,-2320,-3549,-14534,-2870,-3657,-235,12683,6241,-1555,4584,4151,-2882,9360,15735,5865,-9391,6844,4180,-9798,9808,15610,4753,-8723,16189,4581,6346,-15556,2710,-1876,-15343,6650,-9629
328,-1278,14275,-10428,483,14219,-14318,-9699,2379,329,-9326,16207,7680,-7877,13130,8453,12505,-15679,2291,-9885,-11687,9761,11150,-5210,15677,-9406,9234,3466,-15849,-12011,6175,1599,-3651,5983,-13576,15519,-10041,13730,7453,-11435,-7079,-2627,9473,-8597,4671,-15766,2727,12800,-8662,4711,8030,9625,-9951,-4429,1500,11409,9592,-15057,-2288,12349,16118,-8556,5907,-13401,8480,2893,14338,-2710,-4752,11402,5083,-11580,16047,5342,-16119,11279,-4833,-10176,9561,-3204,9968,10993,11627,9344,7380,8192,-10218,-2062,769,2971,15495,14704,-6923,3938,15050,255,11607
6927,-5404,-5337,11019,14954,-5540,13917,1216,11888,2915,-3699,-13162,-11840,-9048,-4784,3684,7301,-13596,15330,-13843,-10395,-5927,-11731,-8722,-674,-594,2626,-14817,-7405,-14007,6286,-9377,-330,-8889,12332,3920,10537,4668,2328,1289,-9252,-16174,2140,6689,-14509,6266,-16318,4642,-10409,-738,3018,15402,-14338,-7117,15908,3293,-2844,5902,-7361,1320,-9269,11084,-7174,4177,5028,-10657,-4653,-1271,134,-13129,-7451,-3969,-4900,-13666,5225,-8669,8855,-13439,-7419,-10051,-9431,15758,10520,12586,-856,-9774,-7336,4908,-3103,7627,-14526,3067,-7606,11003,3021,9573,-2385
9919,16118,-3172,-14645,444,-9798,15430,1565,-15567,8585,-5983,5344,-16196,-13186,-12500,9189,-11000,-4959,4210,-3283,-1738,-15621,-12499,-7393,-10754,-3979,-5520,-16253,-14548,-8381,5412,-14188,-6097,-12708,-6689,-3872,-13934,-808,6320,5256,-10323,-3572,-14952,-16086,7685,7738,-10085,-534,-6725,8358,-11829,10109,-3969,4436,-5849,-9686,-15809,2071,4659,9559,-8955,15072,5626,-14298,5861,-7392,6413,-3717,9706,2791,15143,-11364,9330,3025,7735,654,1358,3092,-14284,6483,-4547,-7810,-8075,6549,129,-4534,10753,3760,6545,16320,9215,1353,-4361,-4677,-3988,11944,-1843
7126,-2433,-10663,-10808,8272,11648,4748,2851,-4554,-8799,-7727,-16187,16202,-949,-1572,-12099,-4903,-5704,1886,3153,-7397,-4003,-11297,7340,8589,3837,-9811,-14707,-15802,-6144,12186,2168,-8467,-4352,10538,-11029,-8114,4981,9996,-12294,-4438,-10421,-16114,-4025,13105,-13961,3727,11625,11471,2959,-15528,5584,-3030,-7213,6551,-9289,3741,-10435,9567,-13397,8789,-10536,-12607,8388,-2991,-14517,-1494,-15715,6570,14203,14205,-15186,-4357,4849,-10698,15934,8220,-4581,2949,5352,-13627,-15812,-12479,12057,2128,3544,-11714,14751,14929,6805,5019,-3970,-10314,-5891,10850,-12086,-14619
11844,-11084,-4617,-7698,4577,-15953,6726,15909,-8132,-12469,13455,3211,15157,-9189,14361,-13708,-4795,7567,3315,6812,-8903,4250,-8845,-1560,-13050,-16344,-6003,-5331,11001,5968,-6060,-12153,-14809,8257,-3569,3637,8735,-7984,-16005,-11168,-8180,-1651,-9723,-15164,-3020,161,15009,-1910,3777,-8370,-5769,-15800,-2278,-14912,9386,-2852,-10064,-13496,-12825,15338,-9798,15435,-14844,-3885,-776,-1966,10594,13093,16254,-15560,1297,-1610,-9255,-2726,-14527,-1221,-13514,12137,-2600,-1419,4868,-7741,-14658,-8304,13846,7941,-13806,-14376,1201,-9835,6699,-4231,14978,5881,2039,-10796,4176
-14293,-3903,2105,5819,12647,-11398,-15555,-14129,585,-10173,-3934,-1809,98,-124,2652,4591,-11145,-15894,-14656,-12334,13616,-12480,14870,-2453,12587,15483,3465,4811,6826,1270,11189,-6022,7981,13801,-14586,12880,-5615,-14406,-2410,-13562,-12052,4963,15490,16237,1858,16275,-16344,-14652,-4688,9891,-10129,-10036,4926,6735,2806,-9255,-7874,6510,-9925,3391,4379,-8097,-12120,9736,8094,15145,-9523,5823,9009,-12691,13955,11949,-9232,-10527,-14139,-8754,-541,15518,4665,15587,14937,-5258,1736,2040,1012,-11359,-11296,-1062,-6589,-2151,-16113,9804,1606,-14138,-410,-9929,-4970
-7109,-13418,-15994,15833,-13258,-11465,6519,9075,12660,8391,-11892,11866,-5447,-6044,-15820,12456,-7650,676,-10312,-8942,8923,13037,-11866,-7698,-14501,5047,7017,-13602,4309,-6301,-10894,-198,8006,1496,-1582,5207,-10498,11223,-550,-8156,-13654,14622,-10716,13915,-487,3461,-10932,-6370,9450,-3391,11892,9492,-15600,9217,9957,-10668,-4474,-7332,-3014,-11186,-16318,1990,14748,8613,6261,4064,10011,9648,11319,16265,8322,12620,16077,906,6780,16105,4960,-7481,-14860,-7421,-11717,-8560,2866,-266,4221,-10910,-3933,-13959,-542,-3733,8464,-1240,-3812,-10916,-3878,-11202,1668
8803,-2194,12587,-6261,-15707,11560,6604,3408,-8519,4036,-13069,11003,6501,-103,-648,8772,2548,-8473,-4771,-4914,12931,12586,13237,-1105,-6560,-3545,-15383,15662,-8112,2212,15203,-13769,9777,8540,4421,3583,10343,-386,-14614,1451,5172,-13581,-8617,1934,-9619,5364,-8131,7107,-1538,-1198,4732,-3004,1012,-13392,-1467,9312,2599,-10208,-5937,12337,-10210,-7015,-10587,-10617,14246,-9150,-15159,-9125,-14754,12918,-12236,-4487,13714,-818,6842,-5923,-6815,8809,-4879,-16007,-7716,4576,-10394,-14022,-7102,-5464,2216,13683,1392,16347,-16169,16145,-9784,-13345,6515,-15636,2785
-1756,9841,10051,-1663,-6560,-2427,1157,-1868,12714,-12011,10358,-14364,-14189,7369,-14677,-2723,1255,12498,7574,13988,2830,3941,5402,-11687,5088,15031,6581,-1451,-12178,13353,-4628,7978,16199,7029,-4131,2735,10881,-12691,9689,16274,-8685,-1602,1673,-7054,16069,-2728,13279,-8889,-10952,12682,-12898,798,-6439,4916,14011,-2502,14627,4831,15206,6837,-13090,-12507,-10040,9523,6433,4881,8953,-12820,3828,-1461,8830,-9120,883,-4375,-13803,8568,14329,5100,-5972,-7920,12114,6519,10230,-9797,-8295,-2011,13533,-6325,-11225,14583,8253,-10202,-2277,-12543,-14285,-1621,4444
-4002,-1613,7288,-10660,6708,-15590,-10846,-999,13863,9289,151,5359,-14785,13239,4616,-15821,5275,-13863,10355,753,-9447,6427,3328,-8292,-6998,7264,-9426,1189,-9036,2550,-5621,-15322,4589,-10243,787,9903,4396,11695,13353,-5540,7602,1658,11054,9441,874,-1726,6948,11766,-4610,7686,-4337,15609,-7302,8975,7977,14934,11095,15496,-14341,6268,15959,7360,-11240,-7675,3639,7710,-16261,11087,12207,-10518,-9251,-3740,13497,7956,6965,1507,16067,-4157,16348,-15170,-1182,-15081,16177,-4588,-13506,12150,-6443,-5272,-4252,2403,14614,12024,-8905,6675,5865,-8825,3872
15784,-14225,-15784,2045,-5525,-1585,-11032,6650,14163,10452,-15390,4577,11836,-11070,-2641,-760,298,-7997,-5871,-11082,-15125,8031,-10431,11292,13155,4682,7357,2520,11097,14462,14512,1988,7547,14446,10603,6807,-4335,13450,6776,1177,-15970,-5773,-7394,12746,3372,8362,-3662,11405,-14443,-894,12981,1371,-6195,1009,5706,15963,-15098,2929,-5858,8755,12430,3020,-9897,-9507,-16310,7619,-8281,12799,14200,-965,-1079,3205,14114,-10144,-7887,15827,-8131,9458,-12175,-5183,4310,8285,353,-6479,14065,-9337,15545,-4309,-6905,160,-13881,-6053,-2986,14132,-120,3559,6991
13041,-16108,-1503,246,-5610,8117,-2450,983,-4281,-3113,8833,5189,5100,-5759,2169,9100,11049,1369,-10423,-7802,-7340,3224,13242,-7663,10222,-1959,5131,13906,5977,7600,-11876,6216,-8284,-8344,-5813,4291,14864,-5417,8798,2140,5776,4954,15750,8156,-1392,-1026,14798,-11310,16238,3966,4323,-5119,1078,-6490,-6448,-15959,2534,9957,-160,-8000,15071,-14555,10779,-13971,-7834,-12756,3682,5478,-16215,-2924,-2279,-910,4598,8163,13182,-2244,-4347,4406,13002,11470,-10531,3680,10094,2490,3019,2323,-606,3756,-872,-9606,-4985,-3625,-13848,-526,-1307,-14426,13592
-32,10601,1030,40,14475,303,6084,12611,3673,-7696,16311,-12123,-11143,-11588,-2672,14424,-6688,-15843,-12068,-6916,13937,-2637,5904,-847,2553,1676,5076,11047,-7769,3881,13765,-8967,-10611,5499,5351,7457,12870,-8864,11490,4065,-3614,6413,522,11560,-8849,1032,7540,7935,-11609,-15988,14121,-11612,-12560,15659,12881,8818,12306,-11850,-1413,7850,-1458,3167,10582,5869,2562,-12628,-6984,-8007,-470,14170,-7539,2153,8574,15325,3715,7239,-2491,-816,2350,5760,-4566,-1529,15319,4636,-7496,5957,4471,-1083,15100,-9048,-7536,-13749,-5829,-6209,11227,-2408,-5014
