40,
98,
8383,8670,-15884,-9951,-13981,-6903,2370,13432,3014,-13883,5016,16274,-10979,-12823,-10726,2510,-1540,-7709,-10314,-11745,-9240,14040,-1727,-3810,15742,-929,10491,-6068,11713,9914,-13832,14370,768,-6228,15581,13010,-2431,-5738,-5531,-12731,-5421,6813,8857,12603,-2954,12823,-6603,-4496,-8173,-13871,-969,-15252,3308,8249,-14411,14411,7085,-2989,-9709,-4223,-6153,-12523,16025,10927,-15934,4108,-11228,-4043,6903,4512,-3188,-13251,11865,8404,10657,-13656,11471,16068,11247,14669,-8967,7955,-8630,16258,-11734,9041,-370,2191,9008,4393,-5314,1782,-13320,-9829,15158,-13821,-814,2097
6365,8376,-349,-11111,-10098,14928,-12240,16362,-4928,1088,-4544,10720,-3652,-13546,3757,-3803,-1813,-8957,-9687,8210,-2797,5827,11789,14350,3448,11099,14797,11160,-13250,-6903,1175,-13915,-8953,-8999,-311,11986,15863,-7276,-5548,11219,7105,-6427,7133,-14087,-11788,-14573,2042,586,4813,-14625,8291,4612,10331,13072,9383,15642,-14450,6603,10961,-14743,-8485,-8381,2054,15542,14059,-1158,-6318,8787,-10923,9125,-5101,5276,-4071,-10098,-14897,-3571,10315,13147,147,6522,3836,5128,-2863,2627,-109,-4562,-6404,5008,-15952,-1437,-3978,9977,-6344,-7759,4493,5185,12938,-15338
-10107,-1295,-11968,2337,7505,3436,7037,5168,-14586,13644,-10495,-16101,8034,-9840,-2896,9745,-6203,3916,-16160,-1659,-5158,-45,-5005,-14285,-11732,4154,12531,6903,11184,-334,13883,-12979,-8883,-7622,15406,-7419,11956,4048,-7524,14556,13280,279,-12598,8352,-15926,10552,-9222,-6328,4120,1736,-700,-6138,-15673,-3411,13605,-11209,11689,6439,12310,-9017,-12588,2045,16193,-15909,-11390,-6444,-12352,7978,-14221,-13943,6431,15862,11432,13206,1186,5963,12217,-24,12979,-14384,-6255,15040,-3278,-11020,-9518,-4207,5245,1044,9997,7897,3202,6,-1624,-9591,16207,16078,16077,-9195
-13398,-791,7075,-8715,-5277,-2578,-14564,-11475,6808,-7781,-2785,3175,8435,-409,-8475,-10892,2138,4481,9901,-597,11088,-6126,-6240,-470,-5140,11367,6901,12648,-1270,7066,-2156,946,-8740,529,-5545,-8900,-7541,-892,13244,15633,-2642,-13916,3951,6649,2263,-9748,-2222,-4710,-3412,-15794,-1471,9707,9741,4462,-14502,-9722,2767,983,-2325,9020,883,-8469,3413,2318,-5128,11750,6563,-8306,14038,5929,-5405,11890,13415,9340,-14737,-6696,-14800,-14643,8023,-3817,2563,5891,4278,523,3659,-14593,-6135,5159,2715,15111,9417,-3082,-649,-566,-15603,-11782,15919,-8867
-11379,12961,-13701,13944,-7797,-6089,-15021,12051,-2859,13843,673,-10210,-262,10812,9023,-12778,-14822,5593,-16372,13614,-12216,-1313,7857,-10144,-1490,-14365,-14057,-4669,-839,-14426,-12700,-4773,12462,-7148,-16219,1213,2424,7708,11020,-5030,-8959,-5281,-5607,-8387,-7652,-1076,-11576,6747,9678,-10959,-664,6009,-2108,13874,2385,4497,-15319,8199,-3085,10846,-14720,-5351,4349,-13863,11007,4225,-1664,5488,11671,-5759,-638,-8908,-244,-13936,1686,-14694,7174,13528,10385,2249,1091,9545,10923,-2,-9373,8201,9465,-16218,10580,11802,-1179,2415,-11892,-264,3158,-10361,11992,16050
-97,-6216,12589,233,9776,-8205,7979,3415,9720,13719,12943,7177,239,8107,973,-3035,-3440,14760,10011,15237,-1689,13211,-12573,-605,8788,8879,-9644,13044,-2830,14171,6144,44,2373,-5630,-5119,11482,-3428,14560,-13996,-5051,-5859,14879,8547,15637,7947,-4662,-8598,-15331,3196,-3588,-15895,728,6655,-1535,-14376,9629,-14492,13689,-1678,10472,1775,4473,-3913,-15581,10196,9607,5370,744,-14293,-12605,-13354,7281,362,8568,-13656,6680,3323,4083,-1773,-14129,-11559,-4944,-1785,867,11247,13202,10820,5908,8450,2214,6402,5921,-3849,16102,-5520,-16313,-7334,-2209
-5209,-3293,-13845,-12984,-1916,-2410,-4698,7728,-11487,-9355,-13268,12483,-13309,15078,14193,-15831,1676,9568,2947,14239,-2725,10009,-13843,-12597,-6407,11814,14383,1577,-6952,-4007,-12452,7104,11957,-15524,5859,-4205,-9619,2604,12433,-568,5795,6484,9051,9496,7031,6744,-2583,-8697,-7378,-14463,-15301,-10039,-6852,11626,-1561,3504,5115,13956,4632,-11144,-9616,15278,2827,-9433,7482,11657,-15391,10273,-1009,14849,-3468,56,7847,-12053,-16266,-7386,15957,-40,812,1958,6539,14276,4763,-6974,15427,5317,-9696,11107,-8358,-1777,9715,-9740,-3648,-14781,10525,9672,12286,12798
-3170,-11367,10072,-6322,1317,4811,10924,-12517,-11544,-10833,8707,-8778,6118,-12628,-1727,4875,4559,9879,-1129,-16054,-12149,-15876,341,16076,10914,16099,995,-4278,-8359,11686,-11209,-7978,-15030,-1234,-1655,-1159,5063,-10672,-1284,4938,-9157,1955,-13435,-7577,-12399,5799,5211,-10719,-11487,1897,-10355,-6263,13426,2947,1589,-14668,-14361,-8438,-6355,6707,-6856,2590,12921,6270,-4235,12079,6199,865,13899,-11227,2818,-720,10999,8270,-11404,-8543,-8290,-11952,13618,13067,-4796,1983,-8706,4797,5342,-13424,-10655,-16095,-11676,4676,-1825,-9959,-15571,2646,-892,14699,-6663,9929
8368,-4857,-9503,-13705,11435,3402,-14246,-5918,9903,-2957,5522,6650,10868,-6707,16080,-14150,7755,-13149,9895,6798,-10102,2715,1709,4017,-924,-2480,-14192,-9282,2909,515,-9856,-13042,-13862,-3858,5785,772,-2978,13418,3308,-12926,3950,-5073,-4214,8194,13454,-11005,-2348,8183,2802,-9981,9473,13328,-13326,-7529,-3375,15042,-2546,1650,5438,-1232,-1770,442,-13036,9908,-14768,4231,-10607,-16065,159,-15016,774,-4373,-5842,-14194,-11399,4424,-7231,-641,-6309,-7281,14751,-3671,419,-14117,177,13477,7225,10188,-15976,9299,15417,7669,543,14602,1642,2628,-6827,-1863
5596,-45,-3994,-1492,15812,-10914,593,4221,-8384,12965,-15374,7491,3625,-6969,9981,730,1873,-10748,-7533,-7119,14626,14213,-2367,-5697,-10783,5644,15148,14195,-14438,4837,14159,6711,3149,-9228,-8440,-9320,8370,-7616,-12967,-8568,9639,-4519,2439,-8351,-11238,-7252,8446,-9879,-5294,6727,-1761,12498,3434,4715,3449,-13440,7737,6689,-7829,7355,-58,4686,4516,-379,13637,5913,-15839,-6751,5917,-5920,7754,-11623,7769,-12730,15531,-5072,7376,3290,-225,11693,11260,3610,8747,-450,2954,-4844,-992,-6778,12314,-1783,3962,-4896,-7787,-3869,13642,-1690,-3907,-161
11426,6766,6191,1830,11734,13411,3754,5750,-7482,3514,7051,9624,3,-15523,-3030,-8201,12610,12098,-2123,-2314,-11724,10756,-13026,11449,7980,-12371,-13191,-4997,-8255,-15312,8705,16215,-7458,7735,10614,-13942,-15131,5218,9144,-13790,-5459,-5813,1127,-10750,-2234,-3218,10351,-4038,-7807,10704,-7565,-11427,-9714,13494,1159,-675,-14259,7230,-4135,1979,-13007,5588,-377,11874,3245,6556,-13273,-8533,-493,-2270,12765,5655,277,-6681,-479,4114,-8654,-2514,11212,15084,-14438,9383,-13202,2857,-1215,-10436,-3644,-6009,-15504,-10064,-9525,7549,-14862,-4008,1244,-12453,7913,8430
-8304,-11206,-1596,7589,13974,-2055,-8393,-10392,-14665,4173,7187,-4170,-4249,6972,-7554,14240,-10366,-9167,295,-4514,-10664,-3708,-11953,-5938,-4810,13573,7735,1175,6379,-8888,2703,8130,-14177,10134,-15472,-4887,11967,-8049,8612,-6378,13621,1730,5942,14579,10218,-9597,7092,1526,-12355,-10141,-13926,-4743,-2628,-8412,957,-9301,11185,-5553,-8551,-8190,-6995,-9768,-14301,12626,-7024,4798,-4246,5226,2762,14274,-1917,-11646,8524,-13141,14668,1210,11209,-818,-1666,5324,9827,3691,3244,-5519,4528,2064,14532,-13587,-9952,2517,-11880,6681,8834,-8515,4872,-16335,9254,2067
-3694,4927,-8399,608,13315,-2663,-4187,-405,1063,-3009,6935,-2696,1654,-4095,4335,-281,11800,1617,-3814,-9922,-4068,5936,4396,-15106,-7678,-8377,6094,13538,-11739,-5631,16160,14991,-7309,-2673,-13087,15542,7287,10314,-7148,7716,11451,140,16059,-9779,533,10546,738,4701,5961,13793,6214,-4052,13242,-4496,-10744,-2938,887,-14189,3584,6091,-2033,-5866,8840,-12697,3125,-9110,12603,1062,-15199,2918,7902,-1604,-2770,-7104,-2826,7905,13496,-991,-15106,-6702,12359,650,1165,11596,6122,-14910,7098,5868,11783,6866,12223,-4047,-3401,8416,8992,-8388,9947,-7535
3379,-1052,5859,-10892,12608,-10056,-2888,6816,-10095,-9907,-13297,11573,-5371,-2518,7108,-11894,14593,-7853,-9198,5179,2998,10662,10105,-5567,9985,7073,-8798,7959,4796,-4929,-7700,6320,16002,12496,8690,-3227,-15667,2043,16373,15781,-4532,9715,-7893,7334,13712,-15746,9332,10453,6747,2849,-1776,-1127,-6913,-4034,-7889,10542,-11511,-14795,9413,-9566,3002,-13615,11424,2765,-1358,4679,12958,-3061,-5203,5034,-14979,-490,-12412,-10376,-10559,-4267,4299,-10230,-12465,10691,6808,-9488,4470,9066,-14260,-5792,-2913,14567,6028,12494,3829,-12290,2103,8054,-12175,1248,3252,-5429
-1439,-12957,-2437,-13303,13156,-12374,-3699,7765,-15107,13964,-740,8162,-4025,-15232,9301,15155,-2892,-16306,8753,11895,-13271,-6854,13230,11430,6311,-15289,605,68,-8156,12690,-10233,8876,5117,7582,-12586,9596,-13036,8914,-9540,13202,-1691,-16255,10455,6449,-8389,-2829,-1571,3696,12920,10267,-7280,-7762,-10174,13199,-12714,-7572,-2219,12896,2437,-15145,-4960,-14154,4473,-5640,-3913,-5881,6614,1378,-7520,-6147,-5925,-3612,-2133,-3554,1018,-10041,14085,4726,-11364,3182,-8621,3593,-6543,408,-466,-7750,-7406,2900,12087,1910,7575,8903,2111,-10080,-12714,-8666,-2503,-8623
-2243,9357,-403,-2531,-7259,-12167,13611,6035,-2725,-3413,697,-373,-15886,-4715,10947,-7210,-10243,6001,-8896,3328,-12078,-12092,-9532,-8417,-8912,-6820,15207,12809,-9143,13089,9150,-5201,3240,-10586,-135,12588,10167,-14146,-2670,13490,3529,-5650,-9595,10394,-9668,-7998,12221,-8055,8056,-9895,12676,12760,11052,-15563,7336,6875,6678,-6980,-8267,9793,-11302,-393,10180,-1856,-8721,-14754,-15234,10053,-7055,1372,15929,-11002,16046,-7360,-5372,15710,9418,10698,-3271,-2506,5615,-5820,-5906,-13836,2968,961,14263,4675,-14353,2461,6711,715,9609,9579,-10906,-7813,-12257,3402
-12009,3014,-10098,8396,-1167,-1149,-11312,-4805,10289,-1323,4646,-1694,-599,-8342,-522,4192,-5994,8722,4034,-2546,-3946,-8246,4688,9267,-1086,15558,-10003,11910,-15632,-6294,-8932,9856,7077,-13401,7430,-9696,-8356,-11065,7821,4850,-13058,1748,4244,15237,-5436,12222,-9459,6088,15510,-5265,9495,-5675,1133,-9835,14914,9480,222,-11125,-11063,12163,1985,-1362,3387,4819,-15855,10853,4395,-1994,1701,12270,-1749,15343,-15895,3065,-3049,-7063,7862,13163,-2202,4435,14515,-8266,-2932,-297,10550,3661,12019,16025,10543,6785,-9261,-10415,-8986,-7475,-14065,-12923,-11436,10576
956,3985,-6219,-7830,15220,699,2890,-2728,-12260,12595,-2851,11741,-9290,-5671,-4912,10152,-8016,3680,7191,-2074,-3792,-10068,-15610,9098,12495,10001,14884,-2232,4603,-15121,652,13134,10872,54,10112,8669,9679,348,2825,-14574,14550,-15315,10697,6332,-11755,11961,-6862,2827,-4250,-8567,-3444,10096,2364,11578,8909,14056,8564,10407,-13348,14021,13606,7336,-15995,-6705,-11142,-6960,-11489,3074,-13232,-5437,-1010,-7993,7143,-16303,-11529,-11383,15262,-11411,1416,3466,-8762,-10478,11191,-5073,-2910,3923,-11021,-3275,1630,-11233,10072,-9094,-16013,10489,-9785,81,11658,8462
-7382,-13899,-1292,3529,-12630,-3071,-15783,-15021,16238,13064,14252,-1882,-11589,-9186,12464,13786,-6450,11268,7393,16124,-8005,1687,-7387,4100,-4087,-11956,6734,-5328,-8732,7396,6306,-2666,12287,640,6576,12649,-11714,-9449,4362,-607,-11336,-12050,3659,-13734,6596,-2488,-11682,5435,11886,13478,-5922,8752,-4075,-12931,16116,-6509,13113,12619,594,14211,-15218,16049,10794,3631,7464,10363,3995,-11299,4900,7484,-13237,12317,4383,-2463,11122,3542,-15126,11865,5504,-7721,13659,-14589,-9015,-1845,-14655,878,-4988,4539,-8760,16217,-16236,2294,5878,15065,-7135,-2776,3759,-11208
9666,-12968,3923,-135,13634,-509,14352,6916,3343,15112,-7550,15572,-5029,8256,14562,-13378,3041,9832,-5849,-14299,-10522,-8327,-4558,-1960,-15506,11184,1044,14395,-573,-872,12822,12314,-11849,8609,11197,-8366,-7607,8790,14655,14439,-12741,-11386,-8194,3156,-10944,13198,1313,12517,-13502,-15112,-8397,-4999,-5356,-13447,13926,14133,14345,16304,4310,-14462,8010,11372,-14448,6329,-1262,9110,15227,-13906,13970,336,-4851,-7786,13885,-15915,-207,11073,10695,5113,6595,-16289,-6360,-16062,-11559,317,10214,-15924,3016,-13435,1931,8309,16013,5047,15907,11217,6226,-2801,1436,7017
1505,-3570,-7811,9442,-7237,-2915,13007,6335,-5541,-16271,2175,9250,2906,6284,-5974,-7154,5365,15650,-8579,9036,15953,12521,-2570,14627,4425,12166,-5209,525,-7191,9836,-4390,7613,-16317,-13466,-2999,13111,12066,-13881,4764,1352,3544,13115,-9899,-10064,-10065,11250,-90,13735,-14322,-9474,6965,8095,-5647,4242,-10505,-4583,8008,5341,6787,-11012,-7110,-2534,4239,5565,2043,-14542,-863,-4399,-16307,-15231,13857,11890,-134,-3912,13431,12842,12768,-16338,-7088,3369,16073,15882,-1678,6888,-14729,1341,10737,1207,-2667,-8173,-10757,16281,11836,13330,-9508,-5913,-6663,925
-1192,-14781,-16257,4911,-12684,2233,-6058,-13437,-11367,12575,-12587,-8253,-14021,4640,-11152,-6450,12748,6509,10970,5471,3881,5541,-14006,-2467,5747,12567,-11653,-7668,-3416,-10698,12854,-8353,-14697,-12478,-10016,10559,-12920,-6171,12344,8934,499,16080,7152,10280,7876,-15950,-9272,8042,-7697,-10174,15059,-6976,-2296,-645,2854,13248,-6571,10921,6035,13067,-8128,-8947,-11694,-396,-4824,7069,10815,-11081,6124,-6275,10971,-3922,4264,-6023,7826,-178,6895,8686,-7570,7763,15721,-971,-13189,2673,-12239,12450,7158,7630,8418,7574,-9422,1041,-2815,-7641,-4830,6388,5367,-11364
5271,-16161,-7149,-3879,-3,2137,2721,5364,-143,8080,-5466,14280,-743,-7930,9758,-12806,8543,-11520,-6306,-14349,-1269,-6168,-3131,-818,6440,-5536,-15922,744,-15151,-12405,3036,1229,-3125,-5144,7176,13153,-4754,-13865,4308,3966,2233,6731,3812,5876,11421,-11388,-6395,-13336,-7625,-6133,2244,-4239,14886,-2797,6848,4694,8465,14747,-5969,11372,-10741,-5408,-8270,-558,-10465,1402,-12145,-11251,8193,-8184,9660,15889,3392,12537,7635,-1749,-4093,-11850,-268,9591,7277,1710,2068,12909,1255,12709,15949,9504,-14568,-13510,12068,11831,-4557,-15740,14846,-13830,3540,9568
10211,7942,14339,-14076,6867,-11976,11247,6673,-16068,7354,15866,11353,-9390,15461,-10954,9313,15896,-2530,-1482,12643,-10824,-5907,-1957,-6174,-1527,-14830,3936,15087,3373,-1371,-12702,-5961,-15922,4129,10167,-13459,14411,14220,9504,-11673,-15801,13001,2044,8857,11466,-15082,9232,-10317,1314,-10926,-2169,6730,-4751,-8587,13763,-1684,3555,-3640,-6343,15838,10604,-10789,5551,1433,-7105,-10592,457,5620,4144,9225,8959,-7467,-11846,-13704,-538,-757,-13815,-2491,8730,14233,-5627,-12211,-7864,9944,4594,-1175,-3515,-2855,9572,15642,-16035,9764,-10040,3023,7849,-13879,10714,2961
12362,-14334,-7722,9011,10703,-14949,4987,-6425,2154,14958,-1003,4989,-4675,-11226,-10943,-3238,790,3503,-9968,-3297,15032,-10035,15358,5333,3609,-12946,-8817,15020,15470,10491,-2902,1963,16208,5083,-2710,-4730,-15444,12503,-12062,-6529,-9131,4216,-2012,-11465,13899,-15077,14441,-5540,2618,11489,-11905,-16204,-12128,1232,-6363,8703,12290,-12821,-8592,-13752,9952,9693,4439,-13302,-2988,1092,-665,13861,-1145,9187,-11581,-6350,-1049,16230,14031,9491,-534,-3753,-11584,11438,-12947,3880,-11358,706,2215,-3815,7182,-14819,-6290,-7075,3806,-8566,8494,5075,-2960,9846,-9458,13386
-15970,11284,-11865,8235,-8612,13155,7521,11398,-12195,-13251,5723,10521,-5093,8609,8260,12253,-13903,-6326,6450,-2620,-4711,9627,14664,-220,-6546,1523,-5736,15144,10469,16097,1318,-15612,463,12931,10937,7254,5152,9945,-13101,-1111,-5245,-12592,5038,-13613,-16026,-3511,-10277,-11355,-3558,-1822,11520,14747,-7755,10417,-11903,-6703,-14530,4955,2029,14054,302,14920,-15023,-15249,14815,-9021,-6662,-14730,11426,11025,-7585,4884,-12468,-12860,-13477,16137,11694,-4523,-12432,13670,5505,12741,-1688,1934,-4012,-841,-15558,-7741,4666,-3997,-6111,-16084,8397,-12258,-9088,7113,2961,-13245
11819,-7335,-9701,7459,13147,1022,-4114,15952,-12711,5953,-1640,15265,15346,-3781,12790,-11837,-10309,9876,7534,5375,-14071,14014,13656,7393,-15375,-8643,-15001,-11990,-6875,-16243,15038,-3047,-10640,-15444,5816,-7076,11998,15478,-13069,-10259,-3135,-8492,7723,-2119,3918,16129,15652,-5181,8546,-924,1911,-3655,-1747,-14582,-13464,-2052,4816,-7290,15553,-2523,-8859,-4074,954,2596,954,5799,-2094,-10242,15606,-1631,9060,-15156,9725,-1652,-12745,-3587,3983,-11544,-2385,12568,-3846,1289,1080,-3250,-3522,9852,-10365,-12487,-5390,7975,5765,-3773,-12328,-9279,16198,-12321,11398,-11079
5885,10638,-5732,-644,12847,1222,15468,-14648,-15561,-13717,-1982,1585,-7006,5440,-7267,10272,-14527,-5464,13973,-11929,421,-4734,-10230,14996,13593,15297,-4481,-13633,11607,2313,2479,7555,-5097,12303,3221,-1608,7348,-7125,5232,-15262,-8535,2595,-10883,-2660,7106,7600,2347,-10813,-3763,-4666,-10096,8660,-10185,-9553,2786,-2052,11534,-15027,10212,-9114,3283,-8831,13431,-12474,-4005,12847,5129,10444,14564,-13067,-7947,-14295,-8976,-11891,16004,-13416,-7398,6981,5827,10810,7427,6688,6963,11346,11613,-678,-3806,15800,-2691,-15865,-13315,11955,12107,12044,12538,12529,-1615,11006
-13101,8397,15463,-2378,4873,13013,6678,817,-3569,-1066,-162,-9492,10709,7891,8449,6501,106,-2607,-13932,-1300,-3893,-4318,3189,10212,-11401,10134,-8079,2795,15291,-11873,-1892,13065,-9438,-9090,9723,-11760,-9747,13176,-11530,-1618,-6906,11979,1431,-1634,-15351,-4186,-15265,10361,-5642,-8180,1767,-968,19,8371,8501,-1146,-20,-9730,2830,11323,7111,7580,15795,3215,-16283,1341,12829,-13239,4076,-13640,-4726,-3603,-1212,-4270,-10069,10008,-4175,11446,-11303,14743,14091,9812,7996,4533,-123,-8055,13607,3163,-811,-6921,4905,10963,-13151,-14138,397,12561,7441,7790
4701,4540,14369,-12290,1223,-6288,12812,-1611,-11728,12006,16350,-8491,-13751,-8913,7286,-479,460,-13583,1922,16223,-13345,-5607,-175,4345,15466,15026,-14945,8006,7286,-1854,-934,-15042,-10029,-4499,-934,-10822,9168,3404,-15792,-3689,15472,8850,-2758,12749,-7260,5907,14145,-8035,-9925,-1805,5834,6195,12401,14185,4388,11084,-2942,-12042,13005,-3721,-946,-9583,15643,13545,8555,15672,5715,6914,-462,-13299,12563,15159,-5070,1458,10407,11034,8971,-4038,-5793,-14550,1604,11405,-13428,11017,-14063,15131,14356,7646,9262,2490,-5379,-8701,-2306,5157,-739,-10835,10645,-7033
11052,-15389,-6518,-8152,-12335,-3254,-10852,15365,-14959,11696,-10474,12116,12751,1732,4456,13904,1607,-4908,5375,-10219,4104,-12822,4935,-10004,-16279,4992,5968,-5826,-13383,-11137,-15044,-7379,-6495,5611,-3901,979,3248,-16245,-11228,-14107,-395,11982,9227,13553,12482,729,-4559,10146,-2562,15122,1498,9191,-3026,-4507,-3959,8858,2611,-2872,14929,-808,14874,-8688,-11269,-12295,-15478,3661,14901,14668,9933,-13109,-3603,-3029,10456,16247,4757,-6062,-10474,15896,-8848,-11374,-6411,9251,-12072,3266,-2802,-6555,-7872,-3430,8855,-6552,-1382,-1212,-5106,-3947,1897,-13300,7501,1252
-1579,-8208,822,9875,-11138,-7663,6274,-11374,3324,-13491,5415,-2709,9555,-9515,-12438,9137,1347,-10582,2628,-15470,3922,8894,16030,-12380,979,2588,-2425,-8872,-714,-9040,2094,-44,4866,14861,-3578,-14079,-13324,-1647,2903,16147,-14996,-2180,-9048,3394,10693,14881,3382,9305,10164,-8278,2414,-7660,-11446,4475,7372,-5810,-10414,9684,-4771,13751,-9344,11123,-1293,-7674,-11489,-6587,9982,-10801,-9784,11427,-13516,7788,14961,6502,-9340,11846,-13446,-679,10881,-10698,15593,10014,-3109,2796,-13668,12073,-1700,-8876,-2308,-5100,-8153,289,4377,-3500,10998,-6289,-371,-15928
8576,12244,-10989,-13703,11336,1473,11443,-1099,-4694,843,-1738,12612,-16243,-11473,-3182,13852,-7953,-14188,-15979,2182,1835,-9297,14903,-5865,13850,15279,11684,12112,1905,-5307,-11573,2261,-11304,1512,12961,-12424,15851,-10598,-3545,-9095,-7061,6388,5530,-2732,15042,-5494,770,15820,-7237,-6993,2544,-5757,-8112,1217,-5431,10484,-5100,-682,-5370,-10741,-5565,12387,10097,14595,-15663,-5069,-2870,15194,-9825,6470,5410,-8516,-11050,3586,9227,7481,-14218,9445,844,13346,-3629,4777,-9197,13400,-6607,-7694,8378,-8211,15708,10654,3203,14673,-13221,-7350,-9973,14712,-7652,6586
-4447,-2054,9917,7139,8561,-5588,-8699,3956,-7804,-6690,5710,-11863,-1148,340,8938,7923,-8901,13803,11762,14872,-1185,-6020,-3288,7666,-1670,1101,-9629,-2983,-10596,-6051,1635,14973,14807,5570,-3878,-10594,6228,10488,10152,-11771,13077,5162,9790,5633,4268,-6867,-9889,15792,12301,2059,-805,-12527,-15221,-2520,11733,-14791,-14363,1187,11001,9141,2263,7293,-16094,3784,-11955,3275,-16319,10885,-13193,-1200,14755,-5836,12938,-2913,-5605,-6752,-10083,5791,674,15190,-3632,-8261,11809,15582,-2545,-12759,9782,-1003,13621,5118,-6701,-288,2624,-14342,-10903,-16189,13955,6424
-4320,-2697,13437,-6701,-8952,-1823,-10456,-9375,14158,-10787,-8302,-8361,6859,-4067,-6740,-9003,-1665,-12203,15890,-3201,-2671,-5052,-15368,9698,-2402,-11547,9794,9471,13675,-13561,4764,11381,816,3342,-10814,2898,10184,2297,-10458,-511,-11033,-1864,-16082,-725,-6403,-6548,4430,-5637,9491,506,4576,-4244,-9283,14525,-7244,12198,4559,-2122,4214,-2077,8576,-15022,-1985,-4928,4692,3238,11060,11657,-13825,308,-9249,-6375,3342,-5167,-10418,16239,152,-8251,-10333,-12032,7308,9678,-4911,-3150,-4322,-5798,4601,-14145,-14962,-15721,12853,-2859,12327,7785,-6745,-204,2532,-14101
14261,13782,16090,-11099,-7612,10426,15133,-6066,-14032,-5332,1812,1692,-9150,-8642,-1141,-8999,7715,-9525,13010,-7367,8147,14784,14124,6433,3913,-4928,-1498,5610,9563,-2703,5744,-278,6614,1566,-2469,5239,3029,11227,-194,9213,8495,-10147,15868,11356,-15310,299,6230,366,-12365,-12676,1322,-11939,8872,13098,-13100,12460,-5908,8171,-2663,-12230,-5536,16185,5943,3222,4545,-10346,-45,-9250,2867,11516,-12043,-1521,-14408,-14263,2074,11501,-9905,7718,11429,-10819,15298,11828,15287,-14304,276,11226,-16315,-14656,13743,-13283,-4054,8909,914,-8554,2571,-15555,9948,2316
15387,-7592,-2282,8428,-12874,-10590,3461,-559,8062,409,12355,-8777,-8164,12601,44,15889,4348,-8012,4248,-6739,1028,-2680,12260,3289,-11827,-13523,-7902,-7268,-4027,8935,-6825,405,-13097,9390,-8460,-14781,8148,-6281,5177,8034,-12511,-10405,5136,1713,9280,-12813,-3748,3566,-7603,4960,-12357,-3879,-1286,8020,9857,14889,-12233,7592,-14317,14200,-6029,11758,13235,259,-13008,-8084,14612,-15354,-14968,10260,14509,-9928,11442,9199,1373,-2955,-4686,14766,5775,-6922,16117,6188,-9682,-11502,10732,6778,-460,-12397,7952,12995,-2019,3952,-3045,-2671,-7203,1982,-15633,10182
8627,14755,-12067,13802,-1029,219,4862,-11765,4381,-11648,-13147,-11277,-6622,3302,-16040,-2498,-11362,5666,1731,12218,10031,-8858,10961,-14304,6450,-4858,6194,-11883,-9008,-13136,12495,-13691,-8838,-13074,4063,15120,1747,848,-11744,3553,-2361,-6305,-8905,-16105,10248,1532,-12338,-9829,-13492,-6159,15906,2222,12142,9904,14149,-4242,-5455,-8058,-3185,9418,16093,6297,11412,8285,5883,9278,9909,1523,2199,-16240,8499,1429,-2488,-15307,-8268,4126,-2194,-12399,1967,-4819,5693,-1382,-570,7039,-2777,16122,-9099,-6491,-11540,-1255,9478,8656,14234,-15068,14290,12312,-13824,5927
-9480,3869,4141,-7455,2551,7967,-2274,4340,-6357,5352,-11936,-8320,10652,8136,-13129,-9631,-6302,6725,1862,-11864,-13685,12812,7857,-8056,-6433,-1818,14475,3788,-15691,-14746,8195,209,-9333,-4185,2416,-2428,-15547,15283,-12269,-10695,13027,7394,-277,16297,-7106,-5702,10821,-4897,738,11526,-15270,-5435,10757,11315,4163,-7633,-1930,-10911,4578,-1941,9780,154,-2085,16009,3985,-14131,-1579,-6689,4044,-8137,8022,11354,2842,9770,562,1996,11510,13112,-6725,-15814,12814,-2225,14921,-3445,-10599,16345,860,1338,7994,4288,172,-2443,-2453,14329,4595,-10213,7072,-5605
-11551,-1226,758,12562,-9020,2228,10089,13343,14526,4745,12099,13799,14842,13063,-12397,14955,14106,279,-2018,-9346,8387,15550,16325,-8219,-3135,-2032,-10729,-12012,-15847,-3312,1952,-3416,-4489,14689,-905,10020,1478,-14023,15092,-11929,9661,1000,13689,2760,6108,-15157,-9795,-5921,-1430,9080,344,11478,2595,-2728,-14503,-1479,12742,139,4399,-6230,13038,-1344,-12157,9445,3613,3969,8564,10651,-1699,-15736,-16096,-1604,5898,-12160,-12516,5146,13491,-14048,-13108,-8387,-2739,-9666,730,3533,-506,1564,5453,-15863,-15151,13971,11782,-7272,-10003,11635,-15911,-6585,1785,5712
