40,
99,
-135,13683,-9386,16115,14329,8594,-12271,-12649,3336,-14606,-845,-14982,7930,10298,-6566,-4185,4826,-4752,6329,-1866,-16170,463,14049,-5292,-11123,-4201,5526,8593,2642,-10155,11405,13591,-11350,5450,-3220,12942,-5726,-10372,-1126,1583,-9050,-1194,13126,7448,-10933,-4083,16257,5949,-1306,-7456,11429,-5227,-15834,-13782,-4129,666,6374,3388,15348,-2243,15182,15530,7565,-10941,-7892,3841,-4864,4384,-13982,9747,1766,12157,12774,-10216,-6974,-6896,-9950,-16094,5205,11617,5028,13884,-4500,-12082,-13416,11824,4063,-13321,-15970,12964,11206,7268,11606,-14430,-12086,-15168,-4241,-10933,11398
-11693,-15033,-1884,-11307,9893,-5512,12252,1511,-3018,-3411,-560,-14326,-7747,1062,-13906,5604,8113,208,-13268,-14534,2152,13051,-8354,-7974,-7439,5682,8962,9760,-15216,-14007,14774,11519,488,4286,-3068,7562,13247,6778,13877,-16227,-4279,4899,11676,15461,997,6823,6696,-2090,-866,10546,1405,8954,-16011,12121,-2713,12753,-7629,-13438,-15661,1526,-15861,-14124,14754,3537,-273,-14051,-2316,-11944,11780,-13807,8704,10756,15218,5058,3973,16148,3806,-12242,-2357,1245,5123,14643,5873,8214,-2419,-7115,14727,15674,2135,-11200,6004,796,5094,13978,1313,10380,-9148,-10816,941
5685,-5891,7945,-14055,1860,-7446,15548,16038,-5123,-2151,-15647,9940,-528,-2103,838,-14883,10761,9183,-4192,-4951,10042,12286,-15920,539,13656,-4862,-8700,-12298,929,9375,12699,12557,-14723,12113,-16191,3765,-5659,14518,8805,-9791,-5963,15444,1019,14980,1497,-15300,10223,2143,-9539,2120,-2775,8047,7631,-15493,4972,1752,14136,3151,-1303,-12042,4773,779,4645,5640,-13433,-5506,-3323,13251,10512,-14113,1178,720,-6464,15312,6742,-11346,3623,-7138,12462,-12835,-7008,8016,-1115,-11321,4433,-10513,-13750,3943,-1684,-1017,7466,4639,1466,-8270,-8222,-15726,-624,-15898,-11691
-16126,-6337,10661,-7466,12682,8207,11253,-11421,1156,-5326,-8040,3030,-7392,15073,1613,-5127,5203,-14926,4060,933,1070,-8029,-15278,9506,9983,3106,-8763,10293,8745,4569,5745,10940,6254,8094,3801,-15403,7965,8595,8266,13866,15965,5705,1315,7613,-10847,5195,7025,-1679,-7843,-7967,-14418,-14850,-5859,15238,13557,10639,11558,-8786,9190,12930,-16118,-3097,2784,-2453,12649,9983,-1237,4592,4522,881,-8970,3326,-12016,-12555,11874,3009,-2548,-2398,-4451,-7420,1650,473,8497,-9923,303,12992,7328,-13571,1566,1656,2515,-7876,6181,2879,15029,1339,15633,-4839,-1502
11829,-4439,-2697,10390,-163,12451,-9105,-4150,8514,16220,2592,854,-11189,-5861,-10159,3114,-852,-7488,8506,-15294,-15755,-4707,-16282,-15965,10843,2073,-804,8243,-7177,13047,14164,12032,2169,5888,-14309,-13963,4781,-4400,5685,-13750,13057,-6501,5968,-11353,-10185,-4777,-9396,-13917,-6770,8706,-374,-5448,-13179,8765,6412,-13811,-1020,15064,-232,-2138,1676,13639,3958,-2837,-15432,14830,10999,13167,3374,-16001,-8062,-7861,109,-12399,13687,-4365,-5709,11520,12446,6937,-7860,8252,6864,13038,-2432,8228,-8400,4603,-15591,-7222,-12430,5487,-3063,-8603,-500,8437,5931,-4606,6960
-5426,-15002,-2583,4739,5607,15632,-10744,-3212,9228,2271,11591,4094,-11416,15835,-3784,-7689,-853,12281,-12809,-3293,-14942,-3765,15137,-5859,-10538,-15452,12863,-15360,-14252,-7709,-919,13006,-14307,-12537,11215,7686,-2855,-16329,-10987,11612,-14007,-13044,5321,-1533,-15172,-5019,11863,13514,-827,-15616,406,-5144,13268,-5948,-8253,-3491,-1584,1920,-15764,9143,14545,-1977,-10702,11454,-9021,-7066,-11747,-7159,-3938,-8990,-8971,-12507,-8083,1818,7226,3543,-5898,15935,3745,12192,-644,11900,-15358,-15309,-10639,2663,13206,9759,11754,-16281,7030,8915,4839,15191,7458,3261,-15973,-6538,14468
-16364,-8423,15535,-13476,-1623,11235,4988,5783,-11172,-15183,3002,15436,-935,3160,-8448,-8284,654,2915,1798,3631,1270,-3623,-9183,-16299,-12315,1648,6104,-9182,1631,15835,15179,2825,-8537,7805,-8234,10699,4336,-13193,-2083,9916,-7813,11310,-15467,-15907,-9003,110,20,116,9795,16376,2368,8502,9837,3447,-16352,-7266,3358,4724,-2720,-4472,-1092,-8967,-15814,13029,-10259,-10648,2565,8735,-4508,-11868,-11635,6932,4662,-2818,8980,-13174,-14844,5077,-9966,10603,10185,15842,7987,-14866,-11601,-11696,-15685,-9785,-7143,2222,-12717,1939,1820,3252,-3018,-10670,-6363,5051,-10762
1827,-2102,-13986,-597,-15677,3692,-15396,-483,-2485,5946,-15562,-12812,9506,12332,-9246,-14217,-12057,11444,12047,325,12352,6138,5392,7472,11307,7331,-4139,-4787,13681,-4153,-10679,11818,12241,181,-12352,2047,-3729,-1408,12145,-7390,4478,-14965,-1033,4322,-15260,-3368,13497,10432,11915,6951,3693,175,-9939,-7598,-16378,2824,12219,-8352,-10348,7767,9018,1053,-875,3658,874,-3966,-8008,5538,12616,-11672,4424,-8854,-12802,11042,14411,3247,10297,10304,-9396,13688,-10661,13741,14553,5365,-16008,5415,9542,-548,-8799,-6689,3360,-1953,1488,4148,6439,10945,-14773,-15443,-10887
-13953,-173,7665,6765,-8904,-4156,6044,-9138,-1057,14966,-7451,-6263,-16121,6702,14789,6489,3874,-4264,-10275,-8339,-8073,-5838,5912,1999,-6701,-13293,-10902,1993,1980,11357,-6994,-15843,-1327,3855,6509,709,-13004,-4565,16207,-12421,-6371,471,11925,11592,-14004,-8368,-4480,4283,-13628,-11194,12251,11461,10918,-2872,-13519,-13178,-4261,7789,-13519,-7428,-1731,-2981,-15617,13592,398,-11491,-10802,7871,-5673,-7671,-478,15836,-2177,12312,-4465,-11388,-15502,-14594,15293,-10224,-946,13467,-4820,-8202,-9361,8645,-9304,14918,13351,-11245,6426,-11423,-14358,-12691,6798,13372,9337,-10785,3292
652,2043,-9271,11084,2174,-10491,-1067,15470,7333,772,-7197,7152,4148,14252,-16345,10148,-5036,-3642,-1742,5306,5526,9574,6968,-3917,-10328,8174,5653,3669,-14441,-9709,838,-13798,-8741,16081,-1241,14887,-16259,12245,3667,14426,5495,2143,-4399,-12841,8794,14052,635,11309,3736,7139,8144,2640,-4067,-6086,494,-421,-8953,15820,3549,4405,2684,6232,13424,7915,15853,-10123,11340,10051,-4941,-12605,-15259,916,-12481,-1650,-11291,-14547,-12879,-5288,14841,-8674,-12770,3437,-9701,6234,5792,8525,11843,-312,-4489,16272,-10091,4792,12290,9132,-11216,-1695,-14123,-1028,12511
-8042,-6421,7684,5840,10243,-16243,-7085,-7291,11174,5844,9174,11205,3083,-6913,-5361,-2633,10111,-10629,-1793,-1491,6722,9432,-14867,12393,2544,15054,2167,14752,6199,3703,9319,-9926,13948,-11606,-7342,-1894,10705,6288,-2360,7741,10354,-15623,16311,-7409,14944,14017,12011,7693,15883,7982,-5110,-2091,506,2333,-14008,-1699,-14816,-8865,-13954,-8718,8627,-10436,1548,-15202,8887,2243,7120,-6184,-8587,-14594,8750,-7720,6964,-4255,11875,14548,15238,12724,-5674,-11947,3897,-6982,-7300,-12677,-13266,12178,5676,139,6601,10645,-7183,12704,-16343,16082,3546,14857,2634,-9075,-1709
5460,7869,-723,-212,7593,5312,6688,3007,-614,-4080,-2455,11498,12447,3720,-295,13393,-2529,-9850,-6168,8168,126,4738,3974,3523,16011,4431,-10309,5738,-4335,15472,8215,7480,-16047,5267,1592,9461,8924,-5634,230,-3983,-11865,9946,-1223,-15291,-1073,12207,-4370,11015,-15615,-14785,10207,-5306,7860,2682,4493,11226,-7621,-6053,6404,9593,7156,6791,-3688,-2238,-3083,-14773,13353,-6387,844,-6637,10920,-12338,7943,-11369,9162,54,14355,10486,6396,5260,-5089,-10997,3984,7326,2721,-14538,-545,14889,12879,9914,-9116,-3529,-13668,-14704,-2165,5919,-3666,14142,12285
-4094,-3154,6466,13079,899,-4736,15043,-14711,13161,7560,-15137,-4340,-15150,835,8425,6051,-14671,2710,-4495,8778,-1265,-950,12812,-1645,525,3777,1306,11471,7858,13894,8339,-1322,-7694,6429,14970,4775,-1308,-10976,486,6507,14432,2649,-13532,9870,6384,674,9601,5066,2801,-15093,11349,-2430,10494,3961,12567,-9217,3667,-11957,-2213,-12599,13744,12493,15607,-11417,1159,3553,7483,-3749,-11844,-6756,-13659,-6713,14126,-2549,12478,-38,6968,-4416,-808,11557,-14528,13515,-3191,8159,10242,875,-10150,-1221,7947,-699,-117,-11982,7932,4729,14233,-4537,-11044,2708,-14204
13138,-15051,-5493,2881,9891,-2551,12926,-5979,9710,777,14794,-6479,-9442,-6303,-3480,-11729,2613,1934,15643,-2467,9255,-1573,2647,-14469,-10344,8328,317,9610,184,5004,12657,14995,1396,-6793,-7034,3309,326,-6239,-8920,-7132,-4392,8215,-16171,-14840,5712,-13038,-12083,1719,7115,-1021,6107,1169,13726,-9985,-15714,-943,-3926,5859,839,6104,-13377,15931,1539,10584,-12697,7342,-8867,-14466,2464,11817,-11341,-5150,6634,8702,-4156,7272,-15595,-6356,15517,-11071,6077,-7941,-12819,-2539,-16134,10688,-5392,11420,9070,-8915,864,-11676,-2625,-13447,-11961,-13430,10767,2641,9061
7656,14795,9418,2675,116,10558,7186,8681,3917,-3898,6274,-15702,4528,7775,-15500,13260,-2706,-8597,13782,-6770,7507,10240,-3602,10674,-11594,-19,-7705,-14581,-6279,11899,-9933,7763,-14841,-9126,-5711,10070,-14555,9987,-317,6058,-2518,10775,11938,2957,-15076,7382,-5358,-8670,-8746,-3657,2265,-12536,-5533,-4128,-14584,-15046,-16287,-4624,8570,-14244,3004,15717,12378,-9505,14527,-201,-16081,-7350,977,-9243,-5016,6084,13993,-5318,-1094,-9677,5895,13502,4022,-11745,16030,-2581,-5712,8098,990,-9836,-956,6711,4162,-14558,-3452,9859,-8141,3090,-15578,-12717,-4143,-7588,-10661
15685,-12055,13359,-15135,2415,7235,-12173,6714,-15010,307,8836,-8489,-10654,9426,-12233,6761,-15985,908,8134,-8987,6393,-12111,-7858,-15983,-798,12065,5032,-6017,15195,-15245,-11461,14021,3522,869,11633,6997,-9194,3061,-6290,14886,-583,-7382,9306,-7048,-5583,3031,15834,10202,6581,-1593,-7982,-6483,-7648,2962,6257,4974,-7114,-8086,-15984,4999,-15105,4648,-13697,10924,-13201,-1050,7393,-16238,12276,14467,6347,3079,4737,8123,-3770,6602,5127,15073,-433,-5581,6762,-6236,10000,-5605,-4855,-6263,4748,3744,-4077,-8218,-7079,-12211,-5528,15767,-1669,-6285,-4276,13504,-5848
8390,7262,13617,460,14942,-16290,16181,10125,4241,-4030,-10311,9749,4618,5917,14269,14406,-1316,-3055,-2907,-8361,11594,-13448,9535,7906,-1198,16056,2979,-15090,-8305,-5722,-11599,12497,-11832,-5541,-10616,-12906,4432,-7119,7934,2841,5325,-6239,-11710,-11429,-3930,4498,-34,8886,10777,-14614,-3724,-13312,-9355,-9217,9287,-3568,-7986,-14510,13604,7043,10417,-2121,-7268,3250,-15536,11047,-8152,11073,1131,-12728,-13849,10016,-831,-15949,-13638,-11113,-6956,-6040,-5478,-4583,-654,6918,4133,-5294,-16252,4530,3387,5121,15324,14230,13893,-15107,-464,-6783,-11493,-10505,-13659,-4621,-7228
-11087,-1118,12435,-2634,-8214,-16009,13480,-11446,-6901,11149,-2418,13795,8967,1437,-15018,1111,-8867,-8903,4254,14420,-7364,-14280,13998,-11034,14709,5274,425,-1112,-12627,9846,1787,11158,-6357,5002,15771,-12726,-11679,-12475,12351,-12081,6354,116,167,10096,4498,-12576,4999,-1986,11534,-5273,-1415,-3163,15795,-2160,-4402,-5892,15096,12877,13000,-10822,-3673,-4087,-12977,-6008,9300,-7712,11301,-1513,-8909,5645,3249,1889,14131,-3775,9847,-14068,8443,92,1633,5943,5245,3387,5435,6777,-7079,-3459,-13745,-14616,9225,7272,-7221,-7279,16336,-16180,3319,6980,-9515,6988,-3478
-2667,-1793,10876,-1400,-13878,-11283,13579,9489,-1612,-2530,4027,2641,-13658,-15012,-5044,16149,-14226,-2646,-7684,-15296,16206,1988,13433,16259,-756,4769,-1922,-1255,-825,11105,-9052,-3435,-2817,1099,13747,-8052,-1976,881,-7212,-11092,-14674,6713,-1671,-5306,11995,-4404,-7808,5199,-13973,3088,-9969,-12170,-15914,8546,2996,15790,-14411,-619,9517,-4519,5157,-7122,-14344,-14654,-15567,7470,13673,-6109,4245,8412,15067,-2667,-10617,-489,-5815,-1088,-13033,-6232,14330,-15171,-11332,13292,12800,-1756,6335,6068,-5751,1720,-72,-4482,-5988,12660,-1612,-4125,7239,-8955,-9939,-6711,11726
-1003,12617,1776,-5077,-2710,-7747,3871,14436,2350,9868,-2009,2426,-3828,11461,13471,12158,-11849,15071,-14162,-774,-2733,-4208,11236,-7314,9390,6710,8918,-6073,-3902,13292,3899,13151,-3663,-3351,211,6491,4136,4842,3877,4280,-747,14787,8019,-7755,3172,14975,11627,15527,-13064,-3463,-8426,-1469,4242,11022,-3237,9342,7683,11641,-13500,-13688,-3676,5617,-3056,8152,-1981,-12855,13018,379,4168,-13446,-2010,-3545,-14682,3351,-13848,556,1625,7019,-2676,9069,10855,-14427,-6215,2378,13542,-14272,10550,-7017,-11159,3469,-1152,-2937,4348,-2211,-15912,-13542,-9917,3707,7568
8178,-14452,8913,-15986,-13265,2472,-9542,-6133,10307,13720,-10302,-4103,13465,7211,11176,-1417,-3380,3005,-736,9361,9768,-2289,-15911,-6001,-14221,-10236,-5306,8854,1764,-12486,-15429,10027,-9173,-13520,8234,-4897,380,-9011,-9536,-14465,-13591,-10542,14836,2357,-11688,-5383,-7510,-5390,8875,-8453,9959,888,6457,-5830,-9714,15864,10256,556,1095,14979,-5317,-9647,-11988,6227,-12578,-15137,-429,16021,218,-10760,-3767,-10490,-15954,-14754,-15137,920,12376,16078,5614,7888,13278,-1055,12392,-11889,-15122,-15742,10537,7836,-1397,1044,13852,-7206,-4321,11347,-13989,-15083,-7754,-14981,1075
-3526,5288,-3879,-1673,16094,-13724,14223,-12603,12594,15685,-10854,13079,1240,-2220,5563,471,-15898,-10964,5061,14303,-10448,3334,-9883,-15471,-14183,3217,664,9792,8560,7120,-9266,-2726,-10163,6873,-1057,-7830,15989,-7660,-11149,10676,15084,15758,3076,-12081,9339,-5233,-8525,2567,15806,-4482,-11213,-14189,117,-6718,5046,-4220,8412,9316,1709,15435,9739,-509,-13498,-13773,-13445,-15201,3740,7752,-849,5301,-12050,8609,4215,-12176,13532,-15780,-4614,9070,-5849,-14398,-3103,2695,-5834,9569,280,5120,2265,-15398,32,2433,15667,12820,4502,-3669,-6220,9723,-4796,-656,6896
-1061,-11365,13614,-13605,13754,4120,5986,-1494,15063,-8836,14659,7398,10759,5953,5762,1345,-16229,-3166,-11433,15000,-15265,12246,-7796,6720,-13401,11220,-14105,2636,-13305,15496,-2396,-5674,10359,-7478,11685,7464,10097,-9266,3029,-15422,-8232,-15225,-13415,4950,16202,2060,13646,-3159,-11436,10377,10638,3858,-13997,-8458,11196,7778,3074,-10995,12115,-4259,650,2601,-9752,2143,2242,-11548,-2864,-9328,16195,2434,9415,-8492,-1649,604,9978,-16293,-8764,12697,-2304,-1374,2700,-12208,-483,2305,5761,15627,-8689,-4937,10321,15212,2627,6868,15658,-6456,6171,-699,-472,-9981,6512
-2146,-3752,3706,-12059,-6744,-5267,7736,12067,-4338,-6619,-4230,-2025,6616,12721,8850,-2365,-11735,-4765,-2786,-14236,-7787,-10638,-12847,-16333,8821,4477,4585,-16027,7654,-9617,2419,8370,-11835,-10613,9024,1339,10102,-758,-6089,-11351,-10698,-12291,-9639,-2632,-184,6569,-3799,227,2142,15151,622,-12633,4665,-11037,-993,12696,-4867,-12042,2425,-6707,-13925,8388,884,-1264,12951,8692,-7187,-10231,7556,-16267,11680,13859,210,11411,10036,6888,-5183,13223,-649,-5592,-11592,9415,-4570,-14514,16076,13604,6264,-13940,-11446,-1951,640,3569,12076,-10442,-1437,-16293,4029,4916,9869
-9178,5768,13318,-6359,7758,-4030,-12059,-8652,-2128,697,3079,453,9953,-7705,-5669,-3996,13228,8114,14129,-13180,-14125,1752,-15181,2249,12631,7493,2019,11094,5705,-795,6635,1953,9914,-10778,-6865,-7483,13622,-10887,-7765,4361,-8325,-3513,-2147,-13851,13700,13291,2271,-15369,2006,-5068,-15309,15209,-15268,13737,-14910,10997,2608,-13668,-15527,-14219,-2230,5326,-9307,9731,-6069,2266,-767,3285,-13033,311,7516,-15073,-8640,11908,15643,4872,12779,12946,-9514,-1393,11413,14783,-5867,9816,-11071,7773,-12549,13985,-792,-9917,9938,-1917,-10457,15202,-4848,4115,-14938,3072,7045
5792,16303,-11814,-370,-6415,8564,9380,-2774,-518,-653,782,-6577,14049,15913,-3776,4556,-14696,-4816,-11507,-14993,-9971,9778,7220,-5746,14954,-5589,1243,6727,-5134,8680,-12190,-15771,-12525,-12463,15017,3163,-804,6841,-6704,8502,14766,8568,7710,1108,-3644,-15082,3753,-11686,1429,-15604,14002,-13753,-5215,4948,-12750,3417,11587,-13207,-3482,-2643,7297,-10305,13275,-13521,-4108,-8977,8555,-11598,-5949,12016,-12776,-241,-245,-2916,-350,14491,12927,2860,15831,14744,-2917,-14431,-9755,3482,-12828,7671,13141,-10122,3211,-15183,3911,-16074,2658,3076,11027,-15742,-9862,10049,-6487
-8922,-6993,5953,-4726,-2866,-8535,-1043,-2100,13531,-9065,15121,11617,12753,-4324,-9260,257,-10786,9416,9700,-9364,-11877,2767,-1358,3951,11609,324,3586,7397,-13938,-14204,11826,6512,-3647,8450,2175,2296,-13989,-9533,-720,10839,9973,-2953,8,-5472,7330,4345,12682,11560,-2067,-10491,-1033,-9714,6819,3497,-13996,-3214,9484,12000,16024,-8046,2788,-2215,-6446,-10130,5640,-10391,4366,-3640,-2875,189,-4484,2595,-9331,-13406,-4147,-12891,-7188,5051,15010,10168,-8000,7262,16163,-11203,-13290,2100,-8473,-9900,3089,9443,12500,1940,-7126,-3032,-13190,-13028,-12451,-9473,-8517
5146,4508,2151,8414,4824,4771,87,4701,-5422,-13433,-12289,-4731,13082,15842,13390,-7064,-8556,15861,-5385,-6142,7117,6540,5284,-8172,14594,236,-1727,-907,-8151,-2126,5143,-6374,13545,-1911,-10347,14170,-12569,-5883,10081,-13543,11510,3851,3171,11954,-215,7862,1904,5270,-14730,-7049,6569,5385,-11856,-6450,-11767,15705,-627,-3140,5454,-2209,-12797,-5640,-930,-12944,-3548,4689,-4801,10084,-1701,2832,4985,12122,5250,-16188,-14522,7139,13501,-16045,6693,-11811,-2479,12703,11392,-2289,-14014,2128,9496,7863,-7115,11443,4488,-15106,-11689,3235,8255,-8220,-14291,-11482,-13951
-763,-14966,-15812,15651,7995,14139,-15432,13188,-5369,-8201,14709,4507,10498,14397,-4102,-8908,-9513,-15205,-1183,607,-1788,-6884,996,-15073,-3192,-12431,-6513,8304,-1166,-8354,2570,2644,-11736,4336,-14563,8571,-4621,-11385,9914,-4980,6626,7534,6617,-4222,10992,-13872,15823,12716,-10899,-11739,-5729,12362,-14029,1024,-2159,5806,-14736,-13929,-16292,-11015,3971,14805,13319,10424,10901,6570,-12651,2933,2035,-9338,11756,-15426,15605,-3021,15506,-2875,-3357,-6393,-7470,4780,7241,-1345,1912,11205,-3152,3454,3173,1832,14346,-1052,5177,5627,-8473,1957,11446,14203,-10015,-1503,-9711
-4123,-4225,-5444,11207,-7244,13035,11368,15578,-9700,11669,-8993,1578,2458,12903,1510,15273,6329,-6696,12678,14900,4243,-7671,7247,-2373,-6937,-8116,-1835,-13796,-9865,-10638,-13381,12347,-13510,10150,-4817,6552,6311,-1558,13766,11647,13779,6960,-14955,-243,-3466,2676,4550,-12761,-11950,10672,-10975,-10310,-14187,5597,15475,-3691,13453,-9986,2501,10921,1106,7945,579,15447,-4691,-13357,-11297,14282,8294,-4444,9075,-12261,5926,13250,-13189,-706,-8268,1160,-1258,-14508,-10205,15250,11425,-625,8843,-16041,2009,1883,-9476,11457,-3587,-7051,11990,-7739,13771,3441,-15096,-478,13934
-5113,2408,-3594,8157,12533,-6131,1395,2089,3037,-16054,13741,-6436,14132,-1549,1590,7369,11167,12996,-10007,-5641,-15869,-15439,-3876,-7441,5305,-2125,-13134,7100,5318,14081,-4424,-10080,-10068,-6196,-16262,-12116,16094,9420,11371,-6689,15,-14546,6436,-4253,12418,-3694,1321,14874,-1202,7999,-8384,-15564,-13521,-4149,-10486,11935,8586,-13904,10919,2719,12264,9997,11801,-12157,10997,14419,-14558,-2318,-9899,-15497,10744,11658,13484,-6201,11484,5399,-5857,-9461,7472,13270,-3853,-15689,-3166,-10316,-14159,-9616,-9426,948,6890,-14273,5111,8650,-15159,-15974,-14089,14513,14992,8142,-10632
-14599,-7576,-4911,-1676,2583,-6617,-2621,14653,11133,-664,6078,6154,-1591,-2884,-12463,13226,-9841,11111,-2832,477,15939,-488,14025,12706,262,9086,-831,10305,8549,-7390,5147,15149,-5519,-5479,15024,-9050,1874,3889,9482,-1425,-3191,4058,765,-3355,-4107,478,1944,-6086,8153,16211,-11950,-15478,-8696,-14107,3814,5368,9048,-7223,5139,-13749,-1406,-5329,-15256,-11754,2681,-1901,-9472,8517,9553,-9506,-545,8355,2401,-323,7659,1593,-1941,-1686,-5942,2190,-7126,-14233,-10336,-15074,2475,3336,-9909,15841,-9140,-6713,-14925,-10027,-11942,-13397,6768,-3355,-2159,5755,-11883
-9153,4874,-9545,-451,6030,-10809,16277,6494,-11449,9467,12758,8238,6000,257,10250,-1321,12286,10004,-10895,-13844,-4734,-7365,8549,-14789,13874,143,7665,1008,-9669,-15280,16023,3167,10945,9997,8510,-12958,-11386,-13668,-14622,852,-840,-11267,-2716,14479,-2315,4603,-14019,-16356,-8254,2251,12058,-12644,-16077,-8690,10868,8255,-2246,-12940,-9176,12138,8413,-703,12279,-1562,-7390,5498,-6533,-7653,-11727,-3854,-2724,-14570,-5171,-12952,13778,-10356,7985,9071,9698,5589,7653,6722,12075,-2894,4438,281,3048,7261,6486,7767,-16248,1992,16141,11773,10853,7828,-1079,3145,-7130
-11980,-3479,11411,-8704,10723,14842,-14229,11406,-3380,-434,6139,12253,8470,1778,16079,-144,-10845,70,-15039,-3577,6544,6705,-1582,14383,-978,4762,862,-12121,-9043,-11287,-7416,-958,11871,13973,-4431,-2795,7994,-9819,-16183,11256,-1398,-16061,-4841,-3109,-3135,-7486,-152,-11016,15950,15485,545,9956,2928,16155,-355,-13104,-13819,-7533,4796,-14403,3323,11608,-11167,9692,-5962,-5303,-4426,14963,8868,-87,781,9233,16138,2743,-11639,-3098,-4086,910,-9194,2216,4193,7325,-6137,7901,12306,-10525,-12693,14820,-6529,-3114,-10320,9321,-10055,7863,-15232,5840,7488,8596,-14411
1327,9497,-10458,-5485,-12470,-8733,14698,16059,10163,13660,7631,-14632,-4731,12325,-13811,4212,7379,-12835,-7426,3313,-5227,-914,-6874,7000,-271,-2341,1771,9468,-3720,-15345,7640,15211,-10233,8101,-11503,-6812,-13920,8856,-3031,3382,5888,-14118,10042,-14396,-10859,-1949,-1053,-14984,2144,10414,11872,-6967,-15758,6153,-11578,15011,4023,2892,-4033,11121,-5789,13252,-3053,-9035,16242,12055,-6902,-14637,2119,-5995,-2615,11916,-12012,-6821,7859,-5463,-12173,2398,16315,-11122,8868,6645,5041,14178,-794,9477,-7820,-2598,14151,-2719,9087,-7728,-5028,-8985,13100,-9307,2131,-10078,-9653
-3935,-14969,-7452,-7758,-7397,-7172,-665,-9902,-6385,-11574,-13631,4154,14049,12721,-16306,11927,9000,-1099,1470,-2259,6151,13656,5346,-302,-7820,-891,-10345,-9344,4434,-6640,-6522,-7842,-14234,-8053,-16005,-15884,-3212,4041,-13566,15745,15315,-3228,-5224,9210,-8245,-9340,4706,10307,13628,-13268,12062,7018,16036,-1518,3761,-4480,-3159,11714,-264,11372,14567,4509,-10565,-2184,13637,2691,243,4074,5209,-10993,14823,-12328,-11152,-12754,-2388,-2995,-6645,-10396,-11020,-9230,-9172,15088,-14594,4439,11505,-791,1446,15715,9900,-14715,10311,16242,-13813,-10420,11760,-13506,12675,-6615,1704
-6233,-13686,7128,-13986,216,11955,-12257,-248,10637,-6363,8711,-5002,9808,10875,-10013,-8247,-3431,6260,-7564,-407,-3856,-7455,7587,-407,7900,-8920,-10135,13990,11691,8350,10158,-1858,-11055,14632,-6153,938,-7339,9871,-13090,-14913,-12908,6602,4613,-8954,-61,7739,263,-6667,-632,-9660,-4504,-8205,7315,-10341,-6879,14160,-13324,-14659,8383,11322,347,-2551,12834,6582,-7629,-250,-13443,-15104,-10430,1921,-377,9281,8257,992,-11728,15166,10079,10147,2205,15922,7781,-10842,-489,-4070,11289,252,-5201,-528,-255,-3707,14345,11838,13139,-10093,-4836,6737,12611,-2911,-15321
10850,-6950,-4550,-4285,1571,-13482,-4565,9057,7073,-7419,12781,9194,-14657,-2567,10403,13114,-1374,5331,-6209,7506,14574,-7558,11182,8895,-1156,-4646,-12804,-11109,-4478,-10178,13406,-14932,3720,-1998,-8693,6301,11313,5629,-2545,-15287,4101,7686,-4021,8776,5626,13552,-14839,-7355,6667,15614,3176,-4472,6376,3498,-8377,9485,-4297,-7650,573,-6320,-860,-3442,7387,-12573,-4812,-11342,2518,15322,13666,10686,-7877,-7551,-15460,7399,-1822,1544,-3501,7456,-8354,1860,-9142,-12613,-10766,-6871,-8368,-14896,6465,-11419,-8235,-3229,14634,14023,3487,8084,10064,13923,-490,10054,-10523
8401,14265,11092,-3987,-6871,-11412,6287,5312,15547,-6502,-4722,884,9953,-4651,14485,4504,-2400,-15361,5114,-13109,1239,11174,4835,-6215,-6861,-7718,-3843,14777,-5042,-11313,10603,-4475,8432,-5862,8853,-15086,1970,7768,5169,-7160,3048,7596,-9070,-15711,-11044,2899,-5726,-5304,4991,-6243,-11455,14555,1117,-5607,1086,-7459,909,5983,-12201,-11544,16177,7942,12865,16097,-323,10275,-94,-12247,3185,3605,-3656,-8792,11256,-4374,9073,-14296,6148,6753,6164,4478,-6668,-12762,7566,7931,-15871,13056,11561,-10689,16016,8447,12092,2469,5900,-3965,4881,688,-15786,5994,4617
1571,12979,-1577,-10659,-12020,14055,-15507,10235,7626,-486,13601,-2175,-1598,7599,-13808,14649,-15470,6310,648,-2282,3722,-12267,-6293,-1363,-11842,-3046,-11479,-4858,9322,8744,12460,-13335,10146,-4738,16217,16062,3040,-2935,6970,-8105,-7141,-2327,-727,-5768,8089,-14945,13929,2870,-11523,16262,-6543,-14537,11734,11539,663,400,2764,14391,1051,-2784,-1096,11201,-13628,-14154,5397,5018,-13324,-9408,11813,-12816,13546,-6600,11863,12856,-5131,-3048,16125,11816,6963,7966,-5968,-4694,10936,4678,8348,-15897,-5389,-2704,1697,6347,-188,2951,10645,-7701,-10442,5850,573,-3520,7697
